专业,学校,平均分,最高分,考生地区,文理科,年份,批次,多余列,爬取页编码
外交学,吉林大学,--,607,北京,文科,2017,第一批,加入对比 ,1
金融学,吉林大学,--,607,北京,文科,2017,第一批,加入对比 ,1
资源勘查工程,吉林大学,--,611,北京,理科,2017,第一批,加入对比 ,1
考古学,吉林大学,--,612,北京,文科,2017,第一批,加入对比 ,1
勘查技术与工程,吉林大学,--,612,北京,理科,2017,第一批,加入对比 ,1
法学,吉林大学,--,613,北京,文科,2017,第一批,加入对比 ,1
汽车服务工程,吉林大学,--,613,北京,理科,2017,第一批,加入对比 ,1
土木工程,吉林大学,--,614,北京,理科,2017,第一批,加入对比 ,1
食品质量与安全,吉林大学,--,614,北京,理科,2017,第一批,加入对比 ,1
软件工程,吉林大学,--,617,北京,理科,2017,第一批,加入对比 ,1
信息管理与信息系统,吉林大学,--,618,北京,理科,2017,第一批,加入对比 ,1
生物制药,吉林大学,--,619,北京,理科,2017,第一批,加入对比 ,1
材料科学与工程,吉林大学,--,619,北京,理科,2017,第一批,加入对比 ,1
经济学,吉林大学,--,620,北京,理科,2017,第一批,加入对比 ,1
通信工程,吉林大学,--,621,北京,理科,2017,第一批,加入对比 ,1
机械工程,吉林大学,--,621,北京,理科,2017,第一批,加入对比 ,1
高分子材料与工程,吉林大学,--,621,北京,理科,2017,第一批,加入对比 ,1
电子科学与技术,吉林大学,--,621,北京,理科,2017,第一批,加入对比 ,1
金融学,吉林大学,--,623,北京,理科,2017,第一批,加入对比 ,1
会计学,吉林大学,--,623,北京,理科,2017,第一批,加入对比 ,1
车辆工程,吉林大学,--,623,北京,理科,2017,第一批,加入对比 ,1
计算机科学与技术,吉林大学,--,624,北京,理科,2017,第一批,加入对比 ,1
物理学,吉林大学,--,625,北京,理科,2017,第一批,加入对比 ,1
数学与应用数学,吉林大学,--,626,北京,理科,2017,第一批,加入对比 ,1
化学,吉林大学,--,630,北京,理科,2017,第一批,加入对比 ,1
朝鲜语,吉林大学,--,603,北京,文科,2017,第一批,加入对比 ,2
工业工程,吉林大学,--,602,天津,理科,2017,第一批,加入对比 ,2
物流工程,吉林大学,--,602,天津,理科,2017,第一批,加入对比 ,2
环境科学与工程类,吉林大学,--,602,天津,理科,2017,第一批,加入对比 ,2
汽车服务工程,吉林大学,--,603,天津,理科,2017,第一批,加入对比 ,2
统计学,吉林大学,--,604,天津,理科,2017,第一批,加入对比 ,2
工商管理,吉林大学,--,605,天津,理科,2017,第一批,加入对比 ,2
生物制药,吉林大学,--,607,天津,理科,2017,第一批,加入对比 ,2
土木工程,吉林大学,--,609,天津,理科,2017,第一批,加入对比 ,2
自动化,吉林大学,--,609,天津,理科,2017,第一批,加入对比 ,2
物理学,吉林大学,--,609,天津,理科,2017,第一批,加入对比 ,2
经济学,吉林大学,--,609,天津,理科,2017,第一批,加入对比 ,2
食品质量与安全,吉林大学,--,610,天津,理科,2017,第一批,加入对比 ,2
材料科学与工程,吉林大学,--,610,天津,理科,2017,第一批,加入对比 ,2
信息工程,吉林大学,--,611,天津,理科,2017,第一批,加入对比 ,2
财政学,吉林大学,--,611,天津,理科,2017,第一批,加入对比 ,2
通信工程,吉林大学,--,612,天津,理科,2017,第一批,加入对比 ,2
软件工程,吉林大学,--,613,天津,理科,2017,第一批,加入对比 ,2
信息管理与信息系统,吉林大学,--,614,天津,理科,2017,第一批,加入对比 ,2
计算机科学与技术,吉林大学,--,614,天津,理科,2017,第一批,加入对比 ,2
会计学,吉林大学,--,616,天津,理科,2017,第一批,加入对比 ,2
化学,吉林大学,--,616,天津,理科,2017,第一批,加入对比 ,2
金融学,吉林大学,--,616,天津,理科,2017,第一批,加入对比 ,2
法学,吉林大学,--,620,天津,理科,2017,第一批,加入对比 ,2
车辆工程,吉林大学,--,625,天津,理科,2017,第一批,加入对比 ,2
预防医学,吉林大学,--,--,辽宁,理科,2017,第一批,加入对比 ,2
地质工程,吉林大学,--,--,辽宁,理科,2017,第一批,加入对比 ,2
地理科学,吉林大学,--,--,辽宁,理科,2017,第一批,加入对比 ,2
农林经济管理,吉林大学,--,--,辽宁,理科,2017,第一批,加入对比 ,2
文物与博物馆学,吉林大学,--,--,辽宁,文科,2017,第一批,加入对比 ,2
环境科学与工程类,吉林大学,--,--,辽宁,理科,2017,第一批,加入对比 ,2
测绘工程,吉林大学,--,--,辽宁,理科,2017,第一批,加入对比 ,2
日语,吉林大学,--,--,辽宁,文科,2017,第一批,加入对比 ,2
土木工程,吉林大学,--,--,辽宁,理科,2017,第一批,加入对比 ,2
日语,吉林大学,--,--,辽宁,理科,2017,第一批,加入对比 ,2
临床药学,吉林大学,--,--,辽宁,理科,2017,第一批,加入对比 ,2
高分子材料与工程,吉林大学,--,--,辽宁,理科,2017,第一批,加入对比 ,2
应用物理学,吉林大学,--,--,辽宁,理科,2017,第一批,加入对比 ,2
新闻学,吉林大学,--,--,辽宁,文科,2017,第一批,加入对比 ,2
西班牙语,吉林大学,--,--,辽宁,文科,2017,第一批,加入对比 ,2
考古学,吉林大学,--,--,辽宁,文科,2017,第一批,加入对比 ,2
英语,吉林大学,--,--,辽宁,理科,2017,第一批,加入对比 ,2
工商管理,吉林大学,--,--,辽宁,理科,2017,第一批,加入对比 ,2
法学,吉林大学,--,--,辽宁,文科,2017,第一批,加入对比 ,2
金融学,吉林大学,--,--,辽宁,文科,2017,第一批,加入对比 ,2
财政学,吉林大学,--,--,辽宁,理科,2017,第一批,加入对比 ,2
化学,吉林大学,--,--,辽宁,理科,2017,第一批,加入对比 ,2
会计学,吉林大学,--,--,辽宁,理科,2017,第一批,加入对比 ,2
金融学,吉林大学,--,--,辽宁,理科,2017,第一批,加入对比 ,2
法学,吉林大学,--,--,辽宁,理科,2017,第一批,加入对比 ,2
预防医学,吉林大学,--,--,辽宁,理科,2017,第一批,加入对比 ,3
地质工程,吉林大学,--,--,辽宁,理科,2017,第一批,加入对比 ,3
地理科学,吉林大学,--,--,辽宁,理科,2017,第一批,加入对比 ,3
农林经济管理,吉林大学,--,--,辽宁,理科,2017,第一批,加入对比 ,3
文物与博物馆学,吉林大学,--,--,辽宁,文科,2017,第一批,加入对比 ,3
环境科学与工程类,吉林大学,--,--,辽宁,理科,2017,第一批,加入对比 ,3
测绘工程,吉林大学,--,--,辽宁,理科,2017,第一批,加入对比 ,3
日语,吉林大学,--,--,辽宁,文科,2017,第一批,加入对比 ,3
土木工程,吉林大学,--,--,辽宁,理科,2017,第一批,加入对比 ,3
日语,吉林大学,--,--,辽宁,理科,2017,第一批,加入对比 ,3
临床药学,吉林大学,--,--,辽宁,理科,2017,第一批,加入对比 ,3
高分子材料与工程,吉林大学,--,--,辽宁,理科,2017,第一批,加入对比 ,3
应用物理学,吉林大学,--,--,辽宁,理科,2017,第一批,加入对比 ,3
新闻学,吉林大学,--,--,辽宁,文科,2017,第一批,加入对比 ,3
西班牙语,吉林大学,--,--,辽宁,文科,2017,第一批,加入对比 ,3
考古学,吉林大学,--,--,辽宁,文科,2017,第一批,加入对比 ,3
英语,吉林大学,--,--,辽宁,理科,2017,第一批,加入对比 ,3
工商管理,吉林大学,--,--,辽宁,理科,2017,第一批,加入对比 ,3
法学,吉林大学,--,--,辽宁,文科,2017,第一批,加入对比 ,3
金融学,吉林大学,--,--,辽宁,文科,2017,第一批,加入对比 ,3
财政学,吉林大学,--,--,辽宁,理科,2017,第一批,加入对比 ,3
化学,吉林大学,--,--,辽宁,理科,2017,第一批,加入对比 ,3
会计学,吉林大学,--,--,辽宁,理科,2017,第一批,加入对比 ,3
金融学,吉林大学,--,--,辽宁,理科,2017,第一批,加入对比 ,3
法学,吉林大学,--,--,辽宁,理科,2017,第一批,加入对比 ,3
车辆工程,吉林大学,--,--,辽宁,理科,2017,第一批,加入对比 ,3
机械设计制造及其自动化,吉林大学珠海学院,--,--,辽宁,理科,2017,第二批,加入对比 ,3
微电子科学与工程,吉林大学珠海学院,--,--,辽宁,理科,2017,第二批,加入对比 ,3
食品质量与安全,吉林大学珠海学院,--,--,辽宁,理科,2017,第二批,加入对比 ,3
通信工程,吉林大学珠海学院,--,--,辽宁,理科,2017,第二批,加入对比 ,3
软件工程,吉林大学珠海学院,--,--,辽宁,理科,2017,第二批,加入对比 ,3
计算机科学与技术,吉林大学珠海学院,--,--,辽宁,理科,2017,第二批,加入对比 ,3
会计学,吉林大学珠海学院,--,--,辽宁,理科,2017,第二批,加入对比 ,3
广告学,吉林大学珠海学院,--,--,辽宁,文科,2017,第二批,加入对比 ,3
日语,吉林大学珠海学院,--,--,辽宁,文科,2017,第二批,加入对比 ,3
资源勘查工程,吉林大学,--,604,吉林,理科,2017,第一批,加入对比 ,3
勘查技术与工程,吉林大学,--,571,吉林,理科,2017,第一批,加入对比 ,3
地质工程,吉林大学,--,587,吉林,理科,2017,第一批,加入对比 ,3
食品质量与安全,吉林大学,--,573,吉林,理科,2017,第一批,加入对比 ,3
地球物理学,吉林大学,--,568,吉林,理科,2017,第一批,加入对比 ,3
道路桥梁与渡河工程,吉林大学,--,579,吉林,理科,2017,第一批,加入对比 ,3
汽车服务工程,吉林大学,--,582,吉林,理科,2017,第一批,加入对比 ,3
农业机械化及其自动化,吉林大学,--,577,吉林,理科,2017,第一批,加入对比 ,3
农林经济管理,吉林大学,--,568,吉林,理科,2017,第一批,加入对比 ,3
测绘工程,吉林大学,--,570,吉林,理科,2017,第一批,加入对比 ,3
物流工程,吉林大学,--,569,吉林,理科,2017,第一批,加入对比 ,3
材料物理,吉林大学,--,581,吉林,理科,2017,第一批,加入对比 ,3
地质学,吉林大学,--,583,吉林,理科,2017,第一批,加入对比 ,3
食品科学与工程,吉林大学,--,583,吉林,理科,2017,第一批,加入对比 ,3
工程力学,吉林大学,--,581,吉林,理科,2017,第一批,加入对比 ,3
无机非金属材料工程,吉林大学,--,590,吉林,理科,2017,第一批,加入对比 ,3
土木工程,吉林大学,--,603,吉林,理科,2017,第一批,加入对比 ,3
工业工程,吉林大学,--,578,吉林,理科,2017,第一批,加入对比 ,3
交通工程,吉林大学,--,591,吉林,理科,2017,第一批,加入对比 ,3
核物理,吉林大学,--,577,吉林,理科,2017,第一批,加入对比 ,3
土地资源管理,吉林大学,--,576,吉林,理科,2017,第一批,加入对比 ,3
药物制剂,吉林大学,--,578,吉林,理科,2017,第一批,加入对比 ,3
测控技术与仪器,吉林大学,--,590,吉林,理科,2017,第一批,加入对比 ,3
交通运输,吉林大学,--,612,吉林,理科,2017,第一批,加入对比 ,3
康复治疗学,吉林大学,--,599,吉林,理科,2017,第一批,加入对比 ,3
信息管理与信息系统,吉林大学,--,601,吉林,理科,2017,第一批,加入对比 ,3
生物制药,吉林大学,--,590,吉林,理科,2017,第一批,加入对比 ,3
材料成型及控制工程,吉林大学,--,592,吉林,理科,2017,第一批,加入对比 ,3
材料科学与工程,吉林大学,--,606,吉林,理科,2017,第一批,加入对比 ,3
环境科学与工程类,吉林大学,--,592,吉林,理科,2017,第一批,加入对比 ,3
生物医学工程,吉林大学,--,592,吉林,理科,2017,第一批,加入对比 ,3
生物工程,吉林大学,--,582,吉林,理科,2017,第一批,加入对比 ,3
信息工程,吉林大学,--,590,吉林,理科,2017,第一批,加入对比 ,3
应用物理学,吉林大学,--,599,吉林,理科,2017,第一批,加入对比 ,3
工程管理,吉林大学,--,596,吉林,理科,2017,第一批,加入对比 ,3
预防医学,吉林大学,--,605,吉林,理科,2017,第一批,加入对比 ,3
汉语言文学,吉林大学,--,597,吉林,文科,2017,第一批,加入对比 ,3
化学工程与工艺,吉林大学,--,594,吉林,理科,2017,第一批,加入对比 ,3
临床药学,吉林大学,--,605,吉林,理科,2017,第一批,加入对比 ,3
自动化,吉林大学,--,608,吉林,理科,2017,第一批,加入对比 ,3
车辆工程,吉林大学,--,--,辽宁,理科,2017,第一批,加入对比 ,4
机械设计制造及其自动化,吉林大学珠海学院,--,--,辽宁,理科,2017,第二批,加入对比 ,4
微电子科学与工程,吉林大学珠海学院,--,--,辽宁,理科,2017,第二批,加入对比 ,4
食品质量与安全,吉林大学珠海学院,--,--,辽宁,理科,2017,第二批,加入对比 ,4
通信工程,吉林大学珠海学院,--,--,辽宁,理科,2017,第二批,加入对比 ,4
软件工程,吉林大学珠海学院,--,--,辽宁,理科,2017,第二批,加入对比 ,4
计算机科学与技术,吉林大学珠海学院,--,--,辽宁,理科,2017,第二批,加入对比 ,4
会计学,吉林大学珠海学院,--,--,辽宁,理科,2017,第二批,加入对比 ,4
广告学,吉林大学珠海学院,--,--,辽宁,文科,2017,第二批,加入对比 ,4
日语,吉林大学珠海学院,--,--,辽宁,文科,2017,第二批,加入对比 ,4
资源勘查工程,吉林大学,--,604,吉林,理科,2017,第一批,加入对比 ,4
勘查技术与工程,吉林大学,--,571,吉林,理科,2017,第一批,加入对比 ,4
地质工程,吉林大学,--,587,吉林,理科,2017,第一批,加入对比 ,4
食品质量与安全,吉林大学,--,573,吉林,理科,2017,第一批,加入对比 ,4
地球物理学,吉林大学,--,568,吉林,理科,2017,第一批,加入对比 ,4
道路桥梁与渡河工程,吉林大学,--,579,吉林,理科,2017,第一批,加入对比 ,4
汽车服务工程,吉林大学,--,582,吉林,理科,2017,第一批,加入对比 ,4
农业机械化及其自动化,吉林大学,--,577,吉林,理科,2017,第一批,加入对比 ,4
农林经济管理,吉林大学,--,568,吉林,理科,2017,第一批,加入对比 ,4
测绘工程,吉林大学,--,570,吉林,理科,2017,第一批,加入对比 ,4
物流工程,吉林大学,--,569,吉林,理科,2017,第一批,加入对比 ,4
材料物理,吉林大学,--,581,吉林,理科,2017,第一批,加入对比 ,4
地质学,吉林大学,--,583,吉林,理科,2017,第一批,加入对比 ,4
食品科学与工程,吉林大学,--,583,吉林,理科,2017,第一批,加入对比 ,4
工程力学,吉林大学,--,581,吉林,理科,2017,第一批,加入对比 ,4
无机非金属材料工程,吉林大学,--,590,吉林,理科,2017,第一批,加入对比 ,4
土木工程,吉林大学,--,603,吉林,理科,2017,第一批,加入对比 ,4
工业工程,吉林大学,--,578,吉林,理科,2017,第一批,加入对比 ,4
交通工程,吉林大学,--,591,吉林,理科,2017,第一批,加入对比 ,4
核物理,吉林大学,--,577,吉林,理科,2017,第一批,加入对比 ,4
土地资源管理,吉林大学,--,576,吉林,理科,2017,第一批,加入对比 ,4
药物制剂,吉林大学,--,578,吉林,理科,2017,第一批,加入对比 ,4
测控技术与仪器,吉林大学,--,590,吉林,理科,2017,第一批,加入对比 ,4
交通运输,吉林大学,--,612,吉林,理科,2017,第一批,加入对比 ,4
康复治疗学,吉林大学,--,599,吉林,理科,2017,第一批,加入对比 ,4
信息管理与信息系统,吉林大学,--,601,吉林,理科,2017,第一批,加入对比 ,4
生物制药,吉林大学,--,590,吉林,理科,2017,第一批,加入对比 ,4
材料成型及控制工程,吉林大学,--,592,吉林,理科,2017,第一批,加入对比 ,4
材料科学与工程,吉林大学,--,606,吉林,理科,2017,第一批,加入对比 ,4
环境科学与工程类,吉林大学,--,592,吉林,理科,2017,第一批,加入对比 ,4
生物医学工程,吉林大学,--,592,吉林,理科,2017,第一批,加入对比 ,4
生物工程,吉林大学,--,582,吉林,理科,2017,第一批,加入对比 ,4
信息工程,吉林大学,--,590,吉林,理科,2017,第一批,加入对比 ,4
应用物理学,吉林大学,--,599,吉林,理科,2017,第一批,加入对比 ,4
工程管理,吉林大学,--,596,吉林,理科,2017,第一批,加入对比 ,4
预防医学,吉林大学,--,605,吉林,理科,2017,第一批,加入对比 ,4
汉语言文学,吉林大学,--,597,吉林,文科,2017,第一批,加入对比 ,4
化学工程与工艺,吉林大学,--,594,吉林,理科,2017,第一批,加入对比 ,4
临床药学,吉林大学,--,605,吉林,理科,2017,第一批,加入对比 ,4
自动化,吉林大学,--,608,吉林,理科,2017,第一批,加入对比 ,4
日语,吉林大学,--,598,吉林,理科,2017,第一批,加入对比 ,4
生物技术,吉林大学,--,592,吉林,理科,2017,第一批,加入对比 ,4
通信工程,吉林大学,--,608,吉林,理科,2017,第一批,加入对比 ,4
广告学,吉林大学,--,599,吉林,理科,2017,第一批,加入对比 ,4
光电信息科学与工程,吉林大学,--,602,吉林,理科,2017,第一批,加入对比 ,4
软件工程,吉林大学,--,621,吉林,理科,2017,第一批,加入对比 ,4
法学,吉林大学,--,600,吉林,文科,2017,第一批,加入对比 ,4
物联网工程,吉林大学,--,604,吉林,理科,2017,第一批,加入对比 ,4
经济学,吉林大学,--,600,吉林,文科,2017,第一批,加入对比 ,4
财政学,吉林大学,--,599,吉林,文科,2017,第一批,加入对比 ,4
物理学,吉林大学,--,628,吉林,理科,2017,第一批,加入对比 ,4
工商管理,吉林大学,--,603,吉林,理科,2017,第一批,加入对比 ,4
电子科学与技术,吉林大学,--,612,吉林,理科,2017,第一批,加入对比 ,4
生物科学,吉林大学,--,610,吉林,理科,2017,第一批,加入对比 ,4
能源与动力工程,吉林大学,--,614,吉林,理科,2017,第一批,加入对比 ,4
机械工程,吉林大学,--,615,吉林,理科,2017,第一批,加入对比 ,4
电子信息工程,吉林大学,--,608,吉林,理科,2017,第一批,加入对比 ,4
英语,吉林大学,--,611,吉林,理科,2017,第一批,加入对比 ,4
材料化学,吉林大学,--,608,吉林,理科,2017,第一批,加入对比 ,4
金融学,吉林大学,--,606,吉林,文科,2017,第一批,加入对比 ,4
放射医学,吉林大学,--,608,吉林,理科,2017,第一批,加入对比 ,4
信息与计算科学,吉林大学,--,625,吉林,理科,2017,第一批,加入对比 ,4
统计学,吉林大学,--,612,吉林,理科,2017,第一批,加入对比 ,4
电气工程及其自动化,吉林大学,--,613,吉林,理科,2017,第一批,加入对比 ,4
高分子材料与工程,吉林大学,--,620,吉林,理科,2017,第一批,加入对比 ,4
计算机科学与技术,吉林大学,--,632,吉林,理科,2017,第一批,加入对比 ,4
应用化学,吉林大学,--,612,吉林,理科,2017,第一批,加入对比 ,4
财政学,吉林大学,--,610,吉林,理科,2017,第一批,加入对比 ,4
会计学,吉林大学,--,630,吉林,理科,2017,第一批,加入对比 ,4
法学,吉林大学,--,627,吉林,理科,2017,第一批,加入对比 ,4
化学,吉林大学,--,634,吉林,理科,2017,第一批,加入对比 ,4
经济学,吉林大学,--,629,吉林,理科,2017,第一批,加入对比 ,4
车辆工程,吉林大学,--,636,吉林,理科,2017,第一批,加入对比 ,4
金融数学,吉林大学,--,631,吉林,理科,2017,第一批,加入对比 ,4
金融学,吉林大学,--,631,吉林,理科,2017,第一批,加入对比 ,4
通信工程,吉林大学珠海学院,--,368,吉林,理科,2017,第三批,加入对比 ,4
日语,吉林大学珠海学院,--,376,吉林,理科,2017,第三批,加入对比 ,4
车辆工程,吉林大学珠海学院,--,389,吉林,理科,2017,第三批,加入对比 ,4
计算机科学与技术,吉林大学珠海学院,--,388,吉林,理科,2017,第三批,加入对比 ,4
投资学,吉林大学珠海学院,--,398,吉林,理科,2017,第三批,加入对比 ,4
机械设计制造及其自动化,吉林大学珠海学院,--,402,吉林,理科,2017,第三批,加入对比 ,4
广告学,吉林大学珠海学院,--,391,吉林,理科,2017,第三批,加入对比 ,4
制药工程,吉林大学珠海学院,--,399,吉林,理科,2017,第三批,加入对比 ,4
信息管理与信息系统,吉林大学珠海学院,--,389,吉林,理科,2017,第三批,加入对比 ,4
金融学,吉林大学珠海学院,--,487,吉林,文科,2017,第二批,加入对比 ,4
工业工程,吉林大学,--,584,黑龙江,理科,2017,第一批,加入对比 ,4
物流工程,吉林大学,--,589,黑龙江,理科,2017,第一批,加入对比 ,4
档案学,吉林大学,--,585,黑龙江,理科,2017,第一批,加入对比 ,4
土地资源管理,吉林大学,--,581,黑龙江,理科,2017,第一批,加入对比 ,4
农林经济管理,吉林大学,--,588,黑龙江,理科,2017,第一批,加入对比 ,4
无机非金属材料工程,吉林大学,--,590,吉林,理科,2017,第一批,加入对比 ,5
土木工程,吉林大学,--,603,吉林,理科,2017,第一批,加入对比 ,5
工业工程,吉林大学,--,578,吉林,理科,2017,第一批,加入对比 ,5
交通工程,吉林大学,--,591,吉林,理科,2017,第一批,加入对比 ,5
核物理,吉林大学,--,577,吉林,理科,2017,第一批,加入对比 ,5
土地资源管理,吉林大学,--,576,吉林,理科,2017,第一批,加入对比 ,5
药物制剂,吉林大学,--,578,吉林,理科,2017,第一批,加入对比 ,5
测控技术与仪器,吉林大学,--,590,吉林,理科,2017,第一批,加入对比 ,5
交通运输,吉林大学,--,612,吉林,理科,2017,第一批,加入对比 ,5
康复治疗学,吉林大学,--,599,吉林,理科,2017,第一批,加入对比 ,5
信息管理与信息系统,吉林大学,--,601,吉林,理科,2017,第一批,加入对比 ,5
生物制药,吉林大学,--,590,吉林,理科,2017,第一批,加入对比 ,5
材料成型及控制工程,吉林大学,--,592,吉林,理科,2017,第一批,加入对比 ,5
材料科学与工程,吉林大学,--,606,吉林,理科,2017,第一批,加入对比 ,5
环境科学与工程类,吉林大学,--,592,吉林,理科,2017,第一批,加入对比 ,5
生物医学工程,吉林大学,--,592,吉林,理科,2017,第一批,加入对比 ,5
生物工程,吉林大学,--,582,吉林,理科,2017,第一批,加入对比 ,5
信息工程,吉林大学,--,590,吉林,理科,2017,第一批,加入对比 ,5
应用物理学,吉林大学,--,599,吉林,理科,2017,第一批,加入对比 ,5
工程管理,吉林大学,--,596,吉林,理科,2017,第一批,加入对比 ,5
预防医学,吉林大学,--,605,吉林,理科,2017,第一批,加入对比 ,5
汉语言文学,吉林大学,--,597,吉林,文科,2017,第一批,加入对比 ,5
化学工程与工艺,吉林大学,--,594,吉林,理科,2017,第一批,加入对比 ,5
临床药学,吉林大学,--,605,吉林,理科,2017,第一批,加入对比 ,5
自动化,吉林大学,--,608,吉林,理科,2017,第一批,加入对比 ,5
日语,吉林大学,--,598,吉林,理科,2017,第一批,加入对比 ,5
生物技术,吉林大学,--,592,吉林,理科,2017,第一批,加入对比 ,5
通信工程,吉林大学,--,608,吉林,理科,2017,第一批,加入对比 ,5
广告学,吉林大学,--,599,吉林,理科,2017,第一批,加入对比 ,5
光电信息科学与工程,吉林大学,--,602,吉林,理科,2017,第一批,加入对比 ,5
软件工程,吉林大学,--,621,吉林,理科,2017,第一批,加入对比 ,5
法学,吉林大学,--,600,吉林,文科,2017,第一批,加入对比 ,5
物联网工程,吉林大学,--,604,吉林,理科,2017,第一批,加入对比 ,5
经济学,吉林大学,--,600,吉林,文科,2017,第一批,加入对比 ,5
财政学,吉林大学,--,599,吉林,文科,2017,第一批,加入对比 ,5
物理学,吉林大学,--,628,吉林,理科,2017,第一批,加入对比 ,5
工商管理,吉林大学,--,603,吉林,理科,2017,第一批,加入对比 ,5
电子科学与技术,吉林大学,--,612,吉林,理科,2017,第一批,加入对比 ,5
生物科学,吉林大学,--,610,吉林,理科,2017,第一批,加入对比 ,5
能源与动力工程,吉林大学,--,614,吉林,理科,2017,第一批,加入对比 ,5
机械工程,吉林大学,--,615,吉林,理科,2017,第一批,加入对比 ,5
电子信息工程,吉林大学,--,608,吉林,理科,2017,第一批,加入对比 ,5
英语,吉林大学,--,611,吉林,理科,2017,第一批,加入对比 ,5
材料化学,吉林大学,--,608,吉林,理科,2017,第一批,加入对比 ,5
金融学,吉林大学,--,606,吉林,文科,2017,第一批,加入对比 ,5
放射医学,吉林大学,--,608,吉林,理科,2017,第一批,加入对比 ,5
信息与计算科学,吉林大学,--,625,吉林,理科,2017,第一批,加入对比 ,5
统计学,吉林大学,--,612,吉林,理科,2017,第一批,加入对比 ,5
电气工程及其自动化,吉林大学,--,613,吉林,理科,2017,第一批,加入对比 ,5
高分子材料与工程,吉林大学,--,620,吉林,理科,2017,第一批,加入对比 ,5
计算机科学与技术,吉林大学,--,632,吉林,理科,2017,第一批,加入对比 ,5
应用化学,吉林大学,--,612,吉林,理科,2017,第一批,加入对比 ,5
财政学,吉林大学,--,610,吉林,理科,2017,第一批,加入对比 ,5
会计学,吉林大学,--,630,吉林,理科,2017,第一批,加入对比 ,5
法学,吉林大学,--,627,吉林,理科,2017,第一批,加入对比 ,5
化学,吉林大学,--,634,吉林,理科,2017,第一批,加入对比 ,5
经济学,吉林大学,--,629,吉林,理科,2017,第一批,加入对比 ,5
车辆工程,吉林大学,--,636,吉林,理科,2017,第一批,加入对比 ,5
金融数学,吉林大学,--,631,吉林,理科,2017,第一批,加入对比 ,5
金融学,吉林大学,--,631,吉林,理科,2017,第一批,加入对比 ,5
通信工程,吉林大学珠海学院,--,368,吉林,理科,2017,第三批,加入对比 ,5
日语,吉林大学珠海学院,--,376,吉林,理科,2017,第三批,加入对比 ,5
车辆工程,吉林大学珠海学院,--,389,吉林,理科,2017,第三批,加入对比 ,5
计算机科学与技术,吉林大学珠海学院,--,388,吉林,理科,2017,第三批,加入对比 ,5
投资学,吉林大学珠海学院,--,398,吉林,理科,2017,第三批,加入对比 ,5
机械设计制造及其自动化,吉林大学珠海学院,--,402,吉林,理科,2017,第三批,加入对比 ,5
广告学,吉林大学珠海学院,--,391,吉林,理科,2017,第三批,加入对比 ,5
制药工程,吉林大学珠海学院,--,399,吉林,理科,2017,第三批,加入对比 ,5
信息管理与信息系统,吉林大学珠海学院,--,389,吉林,理科,2017,第三批,加入对比 ,5
金融学,吉林大学珠海学院,--,487,吉林,文科,2017,第二批,加入对比 ,5
工业工程,吉林大学,--,584,黑龙江,理科,2017,第一批,加入对比 ,5
物流工程,吉林大学,--,589,黑龙江,理科,2017,第一批,加入对比 ,5
档案学,吉林大学,--,585,黑龙江,理科,2017,第一批,加入对比 ,5
土地资源管理,吉林大学,--,581,黑龙江,理科,2017,第一批,加入对比 ,5
农林经济管理,吉林大学,--,588,黑龙江,理科,2017,第一批,加入对比 ,5
会计学,吉林大学,--,607,黑龙江,理科,2017,第一批,加入对比 ,5
工商管理,吉林大学,--,599,黑龙江,理科,2017,第一批,加入对比 ,5
工程管理,吉林大学,--,585,黑龙江,理科,2017,第一批,加入对比 ,5
信息管理与信息系统,吉林大学,--,589,黑龙江,理科,2017,第一批,加入对比 ,5
康复治疗学,吉林大学,--,588,黑龙江,理科,2017,第一批,加入对比 ,5
药物制剂,吉林大学,--,588,黑龙江,理科,2017,第一批,加入对比 ,5
预防医学,吉林大学,--,585,黑龙江,理科,2017,第一批,加入对比 ,5
放射医学,吉林大学,--,600,黑龙江,理科,2017,第一批,加入对比 ,5
生物制药,吉林大学,--,587,黑龙江,理科,2017,第一批,加入对比 ,5
生物工程,吉林大学,--,590,黑龙江,理科,2017,第一批,加入对比 ,5
食品质量与安全,吉林大学,--,584,黑龙江,理科,2017,第一批,加入对比 ,5
生物医学工程,吉林大学,--,593,黑龙江,理科,2017,第一批,加入对比 ,5
环境科学与工程类,吉林大学,--,586,黑龙江,理科,2017,第一批,加入对比 ,5
农业机械化及其自动化,吉林大学,--,584,黑龙江,理科,2017,第一批,加入对比 ,5
交通工程,吉林大学,--,588,黑龙江,理科,2017,第一批,加入对比 ,5
交通运输,吉林大学,--,593,黑龙江,理科,2017,第一批,加入对比 ,5
包装工程,吉林大学,--,580,黑龙江,理科,2017,第一批,加入对比 ,5
资源勘查工程,吉林大学,--,586,黑龙江,理科,2017,第一批,加入对比 ,5
地质工程,吉林大学,--,582,黑龙江,理科,2017,第一批,加入对比 ,5
化学工程与工艺,吉林大学,--,592,黑龙江,理科,2017,第一批,加入对比 ,5
测绘工程,吉林大学,--,580,黑龙江,理科,2017,第一批,加入对比 ,5
水利类,吉林大学,--,585,黑龙江,理科,2017,第一批,加入对比 ,5
道路桥梁与渡河工程,吉林大学,--,590,黑龙江,理科,2017,第一批,加入对比 ,5
土木工程,吉林大学,--,589,黑龙江,理科,2017,第一批,加入对比 ,5
物联网工程,吉林大学,--,602,黑龙江,理科,2017,第一批,加入对比 ,5
软件工程,吉林大学,--,600,黑龙江,理科,2017,第一批,加入对比 ,5
计算机科学与技术,吉林大学,--,606,黑龙江,理科,2017,第一批,加入对比 ,5
自动化,吉林大学,--,599,黑龙江,理科,2017,第一批,加入对比 ,5
信息工程,吉林大学,--,595,黑龙江,理科,2017,第一批,加入对比 ,5
光电信息科学与工程,吉林大学,--,596,黑龙江,理科,2017,第一批,加入对比 ,5
微电子科学与工程,吉林大学,--,596,黑龙江,理科,2017,第一批,加入对比 ,5
通信工程,吉林大学,--,598,黑龙江,理科,2017,第一批,加入对比 ,5
电子科学与技术,吉林大学,--,605,黑龙江,理科,2017,第一批,加入对比 ,5
电子信息工程,吉林大学,--,604,黑龙江,理科,2017,第一批,加入对比 ,5
电气工程及其自动化,吉林大学,--,601,黑龙江,理科,2017,第一批,加入对比 ,5
能源与动力工程,吉林大学,--,604,黑龙江,理科,2017,第一批,加入对比 ,5
高分子材料与工程,吉林大学,--,603,黑龙江,理科,2017,第一批,加入对比 ,5
材料化学,吉林大学,--,592,黑龙江,理科,2017,第一批,加入对比 ,5
材料物理,吉林大学,--,587,黑龙江,理科,2017,第一批,加入对比 ,5
材料科学与工程,吉林大学,--,590,黑龙江,理科,2017,第一批,加入对比 ,5
测控技术与仪器,吉林大学,--,593,黑龙江,理科,2017,第一批,加入对比 ,5
汽车服务工程,吉林大学,--,590,黑龙江,理科,2017,第一批,加入对比 ,5
车辆工程,吉林大学,--,615,黑龙江,理科,2017,第一批,加入对比 ,5
机械工程,吉林大学,--,606,黑龙江,理科,2017,第一批,加入对比 ,5
工程力学,吉林大学,--,592,黑龙江,理科,2017,第一批,加入对比 ,5
统计学,吉林大学,--,596,黑龙江,理科,2017,第一批,加入对比 ,5
地质学,吉林大学,--,577,黑龙江,理科,2017,第一批,加入对比 ,5
地球物理学,吉林大学,--,582,黑龙江,理科,2017,第一批,加入对比 ,5
地理信息科学,吉林大学,--,585,黑龙江,理科,2017,第一批,加入对比 ,5
地理科学,吉林大学,--,588,黑龙江,理科,2017,第一批,加入对比 ,5
日语,吉林大学,--,598,吉林,理科,2017,第一批,加入对比 ,6
生物技术,吉林大学,--,592,吉林,理科,2017,第一批,加入对比 ,6
通信工程,吉林大学,--,608,吉林,理科,2017,第一批,加入对比 ,6
广告学,吉林大学,--,599,吉林,理科,2017,第一批,加入对比 ,6
光电信息科学与工程,吉林大学,--,602,吉林,理科,2017,第一批,加入对比 ,6
软件工程,吉林大学,--,621,吉林,理科,2017,第一批,加入对比 ,6
法学,吉林大学,--,600,吉林,文科,2017,第一批,加入对比 ,6
物联网工程,吉林大学,--,604,吉林,理科,2017,第一批,加入对比 ,6
经济学,吉林大学,--,600,吉林,文科,2017,第一批,加入对比 ,6
财政学,吉林大学,--,599,吉林,文科,2017,第一批,加入对比 ,6
物理学,吉林大学,--,628,吉林,理科,2017,第一批,加入对比 ,6
工商管理,吉林大学,--,603,吉林,理科,2017,第一批,加入对比 ,6
电子科学与技术,吉林大学,--,612,吉林,理科,2017,第一批,加入对比 ,6
生物科学,吉林大学,--,610,吉林,理科,2017,第一批,加入对比 ,6
能源与动力工程,吉林大学,--,614,吉林,理科,2017,第一批,加入对比 ,6
机械工程,吉林大学,--,615,吉林,理科,2017,第一批,加入对比 ,6
电子信息工程,吉林大学,--,608,吉林,理科,2017,第一批,加入对比 ,6
英语,吉林大学,--,611,吉林,理科,2017,第一批,加入对比 ,6
材料化学,吉林大学,--,608,吉林,理科,2017,第一批,加入对比 ,6
金融学,吉林大学,--,606,吉林,文科,2017,第一批,加入对比 ,6
放射医学,吉林大学,--,608,吉林,理科,2017,第一批,加入对比 ,6
信息与计算科学,吉林大学,--,625,吉林,理科,2017,第一批,加入对比 ,6
统计学,吉林大学,--,612,吉林,理科,2017,第一批,加入对比 ,6
电气工程及其自动化,吉林大学,--,613,吉林,理科,2017,第一批,加入对比 ,6
高分子材料与工程,吉林大学,--,620,吉林,理科,2017,第一批,加入对比 ,6
计算机科学与技术,吉林大学,--,632,吉林,理科,2017,第一批,加入对比 ,6
应用化学,吉林大学,--,612,吉林,理科,2017,第一批,加入对比 ,6
财政学,吉林大学,--,610,吉林,理科,2017,第一批,加入对比 ,6
会计学,吉林大学,--,630,吉林,理科,2017,第一批,加入对比 ,6
法学,吉林大学,--,627,吉林,理科,2017,第一批,加入对比 ,6
化学,吉林大学,--,634,吉林,理科,2017,第一批,加入对比 ,6
经济学,吉林大学,--,629,吉林,理科,2017,第一批,加入对比 ,6
车辆工程,吉林大学,--,636,吉林,理科,2017,第一批,加入对比 ,6
金融数学,吉林大学,--,631,吉林,理科,2017,第一批,加入对比 ,6
金融学,吉林大学,--,631,吉林,理科,2017,第一批,加入对比 ,6
通信工程,吉林大学珠海学院,--,368,吉林,理科,2017,第三批,加入对比 ,6
日语,吉林大学珠海学院,--,376,吉林,理科,2017,第三批,加入对比 ,6
车辆工程,吉林大学珠海学院,--,389,吉林,理科,2017,第三批,加入对比 ,6
计算机科学与技术,吉林大学珠海学院,--,388,吉林,理科,2017,第三批,加入对比 ,6
投资学,吉林大学珠海学院,--,398,吉林,理科,2017,第三批,加入对比 ,6
机械设计制造及其自动化,吉林大学珠海学院,--,402,吉林,理科,2017,第三批,加入对比 ,6
广告学,吉林大学珠海学院,--,391,吉林,理科,2017,第三批,加入对比 ,6
制药工程,吉林大学珠海学院,--,399,吉林,理科,2017,第三批,加入对比 ,6
信息管理与信息系统,吉林大学珠海学院,--,389,吉林,理科,2017,第三批,加入对比 ,6
金融学,吉林大学珠海学院,--,487,吉林,文科,2017,第二批,加入对比 ,6
工业工程,吉林大学,--,584,黑龙江,理科,2017,第一批,加入对比 ,6
物流工程,吉林大学,--,589,黑龙江,理科,2017,第一批,加入对比 ,6
档案学,吉林大学,--,585,黑龙江,理科,2017,第一批,加入对比 ,6
土地资源管理,吉林大学,--,581,黑龙江,理科,2017,第一批,加入对比 ,6
农林经济管理,吉林大学,--,588,黑龙江,理科,2017,第一批,加入对比 ,6
会计学,吉林大学,--,607,黑龙江,理科,2017,第一批,加入对比 ,6
工商管理,吉林大学,--,599,黑龙江,理科,2017,第一批,加入对比 ,6
工程管理,吉林大学,--,585,黑龙江,理科,2017,第一批,加入对比 ,6
信息管理与信息系统,吉林大学,--,589,黑龙江,理科,2017,第一批,加入对比 ,6
康复治疗学,吉林大学,--,588,黑龙江,理科,2017,第一批,加入对比 ,6
药物制剂,吉林大学,--,588,黑龙江,理科,2017,第一批,加入对比 ,6
预防医学,吉林大学,--,585,黑龙江,理科,2017,第一批,加入对比 ,6
放射医学,吉林大学,--,600,黑龙江,理科,2017,第一批,加入对比 ,6
生物制药,吉林大学,--,587,黑龙江,理科,2017,第一批,加入对比 ,6
生物工程,吉林大学,--,590,黑龙江,理科,2017,第一批,加入对比 ,6
食品质量与安全,吉林大学,--,584,黑龙江,理科,2017,第一批,加入对比 ,6
生物医学工程,吉林大学,--,593,黑龙江,理科,2017,第一批,加入对比 ,6
环境科学与工程类,吉林大学,--,586,黑龙江,理科,2017,第一批,加入对比 ,6
农业机械化及其自动化,吉林大学,--,584,黑龙江,理科,2017,第一批,加入对比 ,6
交通工程,吉林大学,--,588,黑龙江,理科,2017,第一批,加入对比 ,6
交通运输,吉林大学,--,593,黑龙江,理科,2017,第一批,加入对比 ,6
包装工程,吉林大学,--,580,黑龙江,理科,2017,第一批,加入对比 ,6
资源勘查工程,吉林大学,--,586,黑龙江,理科,2017,第一批,加入对比 ,6
地质工程,吉林大学,--,582,黑龙江,理科,2017,第一批,加入对比 ,6
化学工程与工艺,吉林大学,--,592,黑龙江,理科,2017,第一批,加入对比 ,6
测绘工程,吉林大学,--,580,黑龙江,理科,2017,第一批,加入对比 ,6
水利类,吉林大学,--,585,黑龙江,理科,2017,第一批,加入对比 ,6
道路桥梁与渡河工程,吉林大学,--,590,黑龙江,理科,2017,第一批,加入对比 ,6
土木工程,吉林大学,--,589,黑龙江,理科,2017,第一批,加入对比 ,6
物联网工程,吉林大学,--,602,黑龙江,理科,2017,第一批,加入对比 ,6
软件工程,吉林大学,--,600,黑龙江,理科,2017,第一批,加入对比 ,6
计算机科学与技术,吉林大学,--,606,黑龙江,理科,2017,第一批,加入对比 ,6
自动化,吉林大学,--,599,黑龙江,理科,2017,第一批,加入对比 ,6
信息工程,吉林大学,--,595,黑龙江,理科,2017,第一批,加入对比 ,6
光电信息科学与工程,吉林大学,--,596,黑龙江,理科,2017,第一批,加入对比 ,6
微电子科学与工程,吉林大学,--,596,黑龙江,理科,2017,第一批,加入对比 ,6
通信工程,吉林大学,--,598,黑龙江,理科,2017,第一批,加入对比 ,6
电子科学与技术,吉林大学,--,605,黑龙江,理科,2017,第一批,加入对比 ,6
电子信息工程,吉林大学,--,604,黑龙江,理科,2017,第一批,加入对比 ,6
电气工程及其自动化,吉林大学,--,601,黑龙江,理科,2017,第一批,加入对比 ,6
能源与动力工程,吉林大学,--,604,黑龙江,理科,2017,第一批,加入对比 ,6
高分子材料与工程,吉林大学,--,603,黑龙江,理科,2017,第一批,加入对比 ,6
材料化学,吉林大学,--,592,黑龙江,理科,2017,第一批,加入对比 ,6
材料物理,吉林大学,--,587,黑龙江,理科,2017,第一批,加入对比 ,6
材料科学与工程,吉林大学,--,590,黑龙江,理科,2017,第一批,加入对比 ,6
测控技术与仪器,吉林大学,--,593,黑龙江,理科,2017,第一批,加入对比 ,6
汽车服务工程,吉林大学,--,590,黑龙江,理科,2017,第一批,加入对比 ,6
车辆工程,吉林大学,--,615,黑龙江,理科,2017,第一批,加入对比 ,6
机械工程,吉林大学,--,606,黑龙江,理科,2017,第一批,加入对比 ,6
工程力学,吉林大学,--,592,黑龙江,理科,2017,第一批,加入对比 ,6
统计学,吉林大学,--,596,黑龙江,理科,2017,第一批,加入对比 ,6
地质学,吉林大学,--,577,黑龙江,理科,2017,第一批,加入对比 ,6
地球物理学,吉林大学,--,582,黑龙江,理科,2017,第一批,加入对比 ,6
地理信息科学,吉林大学,--,585,黑龙江,理科,2017,第一批,加入对比 ,6
地理科学,吉林大学,--,588,黑龙江,理科,2017,第一批,加入对比 ,6
应用化学,吉林大学,--,603,黑龙江,理科,2017,第一批,加入对比 ,6
化学,吉林大学,--,610,黑龙江,理科,2017,第一批,加入对比 ,6
核物理,吉林大学,--,589,黑龙江,理科,2017,第一批,加入对比 ,6
应用物理学,吉林大学,--,589,黑龙江,理科,2017,第一批,加入对比 ,6
物理学,吉林大学,--,603,黑龙江,理科,2017,第一批,加入对比 ,6
信息与计算科学,吉林大学,--,594,黑龙江,理科,2017,第一批,加入对比 ,6
数学与应用数学,吉林大学,--,609,黑龙江,理科,2017,第一批,加入对比 ,6
广告学,吉林大学,--,580,黑龙江,理科,2017,第一批,加入对比 ,6
英语,吉林大学,--,592,黑龙江,理科,2017,第一批,加入对比 ,6
法学,吉林大学,--,611,黑龙江,理科,2017,第一批,加入对比 ,6
金融数学,吉林大学,--,615,黑龙江,理科,2017,第一批,加入对比 ,6
金融学,吉林大学,--,613,黑龙江,理科,2017,第一批,加入对比 ,6
财政学,吉林大学,--,602,黑龙江,理科,2017,第一批,加入对比 ,6
经济学,吉林大学,--,607,黑龙江,理科,2017,第一批,加入对比 ,6
酒店管理,吉林大学,--,362,黑龙江,理科,2017,专科,加入对比 ,6
市场营销,吉林大学,--,365,黑龙江,理科,2017,专科,加入对比 ,6
农林经济管理,吉林大学,--,565,黑龙江,文科,2017,第一批,加入对比 ,6
考古学,吉林大学,--,567,黑龙江,文科,2017,第一批,加入对比 ,6
历史学,吉林大学,--,584,黑龙江,文科,2017,第一批,加入对比 ,6
广告学,吉林大学,--,570,黑龙江,文科,2017,第一批,加入对比 ,6
新闻学,吉林大学,--,590,黑龙江,文科,2017,第一批,加入对比 ,6
朝鲜语,吉林大学,--,569,黑龙江,文科,2017,第一批,加入对比 ,6
日语,吉林大学,--,568,黑龙江,文科,2017,第一批,加入对比 ,6
西班牙语,吉林大学,--,586,黑龙江,文科,2017,第一批,加入对比 ,6
俄语,吉林大学,--,567,黑龙江,文科,2017,第一批,加入对比 ,6
计算机科学与技术,吉林大学,--,632,吉林,理科,2017,第一批,加入对比 ,7
应用化学,吉林大学,--,612,吉林,理科,2017,第一批,加入对比 ,7
财政学,吉林大学,--,610,吉林,理科,2017,第一批,加入对比 ,7
会计学,吉林大学,--,630,吉林,理科,2017,第一批,加入对比 ,7
法学,吉林大学,--,627,吉林,理科,2017,第一批,加入对比 ,7
化学,吉林大学,--,634,吉林,理科,2017,第一批,加入对比 ,7
经济学,吉林大学,--,629,吉林,理科,2017,第一批,加入对比 ,7
车辆工程,吉林大学,--,636,吉林,理科,2017,第一批,加入对比 ,7
金融数学,吉林大学,--,631,吉林,理科,2017,第一批,加入对比 ,7
金融学,吉林大学,--,631,吉林,理科,2017,第一批,加入对比 ,7
通信工程,吉林大学珠海学院,--,368,吉林,理科,2017,第三批,加入对比 ,7
日语,吉林大学珠海学院,--,376,吉林,理科,2017,第三批,加入对比 ,7
车辆工程,吉林大学珠海学院,--,389,吉林,理科,2017,第三批,加入对比 ,7
计算机科学与技术,吉林大学珠海学院,--,388,吉林,理科,2017,第三批,加入对比 ,7
投资学,吉林大学珠海学院,--,398,吉林,理科,2017,第三批,加入对比 ,7
机械设计制造及其自动化,吉林大学珠海学院,--,402,吉林,理科,2017,第三批,加入对比 ,7
广告学,吉林大学珠海学院,--,391,吉林,理科,2017,第三批,加入对比 ,7
制药工程,吉林大学珠海学院,--,399,吉林,理科,2017,第三批,加入对比 ,7
信息管理与信息系统,吉林大学珠海学院,--,389,吉林,理科,2017,第三批,加入对比 ,7
金融学,吉林大学珠海学院,--,487,吉林,文科,2017,第二批,加入对比 ,7
工业工程,吉林大学,--,584,黑龙江,理科,2017,第一批,加入对比 ,7
物流工程,吉林大学,--,589,黑龙江,理科,2017,第一批,加入对比 ,7
档案学,吉林大学,--,585,黑龙江,理科,2017,第一批,加入对比 ,7
土地资源管理,吉林大学,--,581,黑龙江,理科,2017,第一批,加入对比 ,7
农林经济管理,吉林大学,--,588,黑龙江,理科,2017,第一批,加入对比 ,7
会计学,吉林大学,--,607,黑龙江,理科,2017,第一批,加入对比 ,7
工商管理,吉林大学,--,599,黑龙江,理科,2017,第一批,加入对比 ,7
工程管理,吉林大学,--,585,黑龙江,理科,2017,第一批,加入对比 ,7
信息管理与信息系统,吉林大学,--,589,黑龙江,理科,2017,第一批,加入对比 ,7
康复治疗学,吉林大学,--,588,黑龙江,理科,2017,第一批,加入对比 ,7
药物制剂,吉林大学,--,588,黑龙江,理科,2017,第一批,加入对比 ,7
预防医学,吉林大学,--,585,黑龙江,理科,2017,第一批,加入对比 ,7
放射医学,吉林大学,--,600,黑龙江,理科,2017,第一批,加入对比 ,7
生物制药,吉林大学,--,587,黑龙江,理科,2017,第一批,加入对比 ,7
生物工程,吉林大学,--,590,黑龙江,理科,2017,第一批,加入对比 ,7
食品质量与安全,吉林大学,--,584,黑龙江,理科,2017,第一批,加入对比 ,7
生物医学工程,吉林大学,--,593,黑龙江,理科,2017,第一批,加入对比 ,7
环境科学与工程类,吉林大学,--,586,黑龙江,理科,2017,第一批,加入对比 ,7
农业机械化及其自动化,吉林大学,--,584,黑龙江,理科,2017,第一批,加入对比 ,7
交通工程,吉林大学,--,588,黑龙江,理科,2017,第一批,加入对比 ,7
交通运输,吉林大学,--,593,黑龙江,理科,2017,第一批,加入对比 ,7
包装工程,吉林大学,--,580,黑龙江,理科,2017,第一批,加入对比 ,7
资源勘查工程,吉林大学,--,586,黑龙江,理科,2017,第一批,加入对比 ,7
地质工程,吉林大学,--,582,黑龙江,理科,2017,第一批,加入对比 ,7
化学工程与工艺,吉林大学,--,592,黑龙江,理科,2017,第一批,加入对比 ,7
测绘工程,吉林大学,--,580,黑龙江,理科,2017,第一批,加入对比 ,7
水利类,吉林大学,--,585,黑龙江,理科,2017,第一批,加入对比 ,7
道路桥梁与渡河工程,吉林大学,--,590,黑龙江,理科,2017,第一批,加入对比 ,7
土木工程,吉林大学,--,589,黑龙江,理科,2017,第一批,加入对比 ,7
物联网工程,吉林大学,--,602,黑龙江,理科,2017,第一批,加入对比 ,7
软件工程,吉林大学,--,600,黑龙江,理科,2017,第一批,加入对比 ,7
计算机科学与技术,吉林大学,--,606,黑龙江,理科,2017,第一批,加入对比 ,7
自动化,吉林大学,--,599,黑龙江,理科,2017,第一批,加入对比 ,7
信息工程,吉林大学,--,595,黑龙江,理科,2017,第一批,加入对比 ,7
光电信息科学与工程,吉林大学,--,596,黑龙江,理科,2017,第一批,加入对比 ,7
微电子科学与工程,吉林大学,--,596,黑龙江,理科,2017,第一批,加入对比 ,7
通信工程,吉林大学,--,598,黑龙江,理科,2017,第一批,加入对比 ,7
电子科学与技术,吉林大学,--,605,黑龙江,理科,2017,第一批,加入对比 ,7
电子信息工程,吉林大学,--,604,黑龙江,理科,2017,第一批,加入对比 ,7
电气工程及其自动化,吉林大学,--,601,黑龙江,理科,2017,第一批,加入对比 ,7
能源与动力工程,吉林大学,--,604,黑龙江,理科,2017,第一批,加入对比 ,7
高分子材料与工程,吉林大学,--,603,黑龙江,理科,2017,第一批,加入对比 ,7
材料化学,吉林大学,--,592,黑龙江,理科,2017,第一批,加入对比 ,7
材料物理,吉林大学,--,587,黑龙江,理科,2017,第一批,加入对比 ,7
材料科学与工程,吉林大学,--,590,黑龙江,理科,2017,第一批,加入对比 ,7
测控技术与仪器,吉林大学,--,593,黑龙江,理科,2017,第一批,加入对比 ,7
汽车服务工程,吉林大学,--,590,黑龙江,理科,2017,第一批,加入对比 ,7
车辆工程,吉林大学,--,615,黑龙江,理科,2017,第一批,加入对比 ,7
机械工程,吉林大学,--,606,黑龙江,理科,2017,第一批,加入对比 ,7
工程力学,吉林大学,--,592,黑龙江,理科,2017,第一批,加入对比 ,7
统计学,吉林大学,--,596,黑龙江,理科,2017,第一批,加入对比 ,7
地质学,吉林大学,--,577,黑龙江,理科,2017,第一批,加入对比 ,7
地球物理学,吉林大学,--,582,黑龙江,理科,2017,第一批,加入对比 ,7
地理信息科学,吉林大学,--,585,黑龙江,理科,2017,第一批,加入对比 ,7
地理科学,吉林大学,--,588,黑龙江,理科,2017,第一批,加入对比 ,7
应用化学,吉林大学,--,603,黑龙江,理科,2017,第一批,加入对比 ,7
化学,吉林大学,--,610,黑龙江,理科,2017,第一批,加入对比 ,7
核物理,吉林大学,--,589,黑龙江,理科,2017,第一批,加入对比 ,7
应用物理学,吉林大学,--,589,黑龙江,理科,2017,第一批,加入对比 ,7
物理学,吉林大学,--,603,黑龙江,理科,2017,第一批,加入对比 ,7
信息与计算科学,吉林大学,--,594,黑龙江,理科,2017,第一批,加入对比 ,7
数学与应用数学,吉林大学,--,609,黑龙江,理科,2017,第一批,加入对比 ,7
广告学,吉林大学,--,580,黑龙江,理科,2017,第一批,加入对比 ,7
英语,吉林大学,--,592,黑龙江,理科,2017,第一批,加入对比 ,7
法学,吉林大学,--,611,黑龙江,理科,2017,第一批,加入对比 ,7
金融数学,吉林大学,--,615,黑龙江,理科,2017,第一批,加入对比 ,7
金融学,吉林大学,--,613,黑龙江,理科,2017,第一批,加入对比 ,7
财政学,吉林大学,--,602,黑龙江,理科,2017,第一批,加入对比 ,7
经济学,吉林大学,--,607,黑龙江,理科,2017,第一批,加入对比 ,7
酒店管理,吉林大学,--,362,黑龙江,理科,2017,专科,加入对比 ,7
市场营销,吉林大学,--,365,黑龙江,理科,2017,专科,加入对比 ,7
农林经济管理,吉林大学,--,565,黑龙江,文科,2017,第一批,加入对比 ,7
考古学,吉林大学,--,567,黑龙江,文科,2017,第一批,加入对比 ,7
历史学,吉林大学,--,584,黑龙江,文科,2017,第一批,加入对比 ,7
广告学,吉林大学,--,570,黑龙江,文科,2017,第一批,加入对比 ,7
新闻学,吉林大学,--,590,黑龙江,文科,2017,第一批,加入对比 ,7
朝鲜语,吉林大学,--,569,黑龙江,文科,2017,第一批,加入对比 ,7
日语,吉林大学,--,568,黑龙江,文科,2017,第一批,加入对比 ,7
西班牙语,吉林大学,--,586,黑龙江,文科,2017,第一批,加入对比 ,7
俄语,吉林大学,--,567,黑龙江,文科,2017,第一批,加入对比 ,7
会计学,吉林大学,--,607,黑龙江,理科,2017,第一批,加入对比 ,8
工商管理,吉林大学,--,599,黑龙江,理科,2017,第一批,加入对比 ,8
工程管理,吉林大学,--,585,黑龙江,理科,2017,第一批,加入对比 ,8
信息管理与信息系统,吉林大学,--,589,黑龙江,理科,2017,第一批,加入对比 ,8
康复治疗学,吉林大学,--,588,黑龙江,理科,2017,第一批,加入对比 ,8
药物制剂,吉林大学,--,588,黑龙江,理科,2017,第一批,加入对比 ,8
预防医学,吉林大学,--,585,黑龙江,理科,2017,第一批,加入对比 ,8
放射医学,吉林大学,--,600,黑龙江,理科,2017,第一批,加入对比 ,8
生物制药,吉林大学,--,587,黑龙江,理科,2017,第一批,加入对比 ,8
生物工程,吉林大学,--,590,黑龙江,理科,2017,第一批,加入对比 ,8
食品质量与安全,吉林大学,--,584,黑龙江,理科,2017,第一批,加入对比 ,8
生物医学工程,吉林大学,--,593,黑龙江,理科,2017,第一批,加入对比 ,8
环境科学与工程类,吉林大学,--,586,黑龙江,理科,2017,第一批,加入对比 ,8
农业机械化及其自动化,吉林大学,--,584,黑龙江,理科,2017,第一批,加入对比 ,8
交通工程,吉林大学,--,588,黑龙江,理科,2017,第一批,加入对比 ,8
交通运输,吉林大学,--,593,黑龙江,理科,2017,第一批,加入对比 ,8
包装工程,吉林大学,--,580,黑龙江,理科,2017,第一批,加入对比 ,8
资源勘查工程,吉林大学,--,586,黑龙江,理科,2017,第一批,加入对比 ,8
地质工程,吉林大学,--,582,黑龙江,理科,2017,第一批,加入对比 ,8
化学工程与工艺,吉林大学,--,592,黑龙江,理科,2017,第一批,加入对比 ,8
测绘工程,吉林大学,--,580,黑龙江,理科,2017,第一批,加入对比 ,8
水利类,吉林大学,--,585,黑龙江,理科,2017,第一批,加入对比 ,8
道路桥梁与渡河工程,吉林大学,--,590,黑龙江,理科,2017,第一批,加入对比 ,8
土木工程,吉林大学,--,589,黑龙江,理科,2017,第一批,加入对比 ,8
物联网工程,吉林大学,--,602,黑龙江,理科,2017,第一批,加入对比 ,8
软件工程,吉林大学,--,600,黑龙江,理科,2017,第一批,加入对比 ,8
计算机科学与技术,吉林大学,--,606,黑龙江,理科,2017,第一批,加入对比 ,8
自动化,吉林大学,--,599,黑龙江,理科,2017,第一批,加入对比 ,8
信息工程,吉林大学,--,595,黑龙江,理科,2017,第一批,加入对比 ,8
光电信息科学与工程,吉林大学,--,596,黑龙江,理科,2017,第一批,加入对比 ,8
微电子科学与工程,吉林大学,--,596,黑龙江,理科,2017,第一批,加入对比 ,8
通信工程,吉林大学,--,598,黑龙江,理科,2017,第一批,加入对比 ,8
电子科学与技术,吉林大学,--,605,黑龙江,理科,2017,第一批,加入对比 ,8
电子信息工程,吉林大学,--,604,黑龙江,理科,2017,第一批,加入对比 ,8
电气工程及其自动化,吉林大学,--,601,黑龙江,理科,2017,第一批,加入对比 ,8
能源与动力工程,吉林大学,--,604,黑龙江,理科,2017,第一批,加入对比 ,8
高分子材料与工程,吉林大学,--,603,黑龙江,理科,2017,第一批,加入对比 ,8
材料化学,吉林大学,--,592,黑龙江,理科,2017,第一批,加入对比 ,8
材料物理,吉林大学,--,587,黑龙江,理科,2017,第一批,加入对比 ,8
材料科学与工程,吉林大学,--,590,黑龙江,理科,2017,第一批,加入对比 ,8
测控技术与仪器,吉林大学,--,593,黑龙江,理科,2017,第一批,加入对比 ,8
汽车服务工程,吉林大学,--,590,黑龙江,理科,2017,第一批,加入对比 ,8
车辆工程,吉林大学,--,615,黑龙江,理科,2017,第一批,加入对比 ,8
机械工程,吉林大学,--,606,黑龙江,理科,2017,第一批,加入对比 ,8
工程力学,吉林大学,--,592,黑龙江,理科,2017,第一批,加入对比 ,8
统计学,吉林大学,--,596,黑龙江,理科,2017,第一批,加入对比 ,8
地质学,吉林大学,--,577,黑龙江,理科,2017,第一批,加入对比 ,8
地球物理学,吉林大学,--,582,黑龙江,理科,2017,第一批,加入对比 ,8
地理信息科学,吉林大学,--,585,黑龙江,理科,2017,第一批,加入对比 ,8
地理科学,吉林大学,--,588,黑龙江,理科,2017,第一批,加入对比 ,8
应用化学,吉林大学,--,603,黑龙江,理科,2017,第一批,加入对比 ,8
化学,吉林大学,--,610,黑龙江,理科,2017,第一批,加入对比 ,8
核物理,吉林大学,--,589,黑龙江,理科,2017,第一批,加入对比 ,8
应用物理学,吉林大学,--,589,黑龙江,理科,2017,第一批,加入对比 ,8
物理学,吉林大学,--,603,黑龙江,理科,2017,第一批,加入对比 ,8
信息与计算科学,吉林大学,--,594,黑龙江,理科,2017,第一批,加入对比 ,8
数学与应用数学,吉林大学,--,609,黑龙江,理科,2017,第一批,加入对比 ,8
广告学,吉林大学,--,580,黑龙江,理科,2017,第一批,加入对比 ,8
英语,吉林大学,--,592,黑龙江,理科,2017,第一批,加入对比 ,8
法学,吉林大学,--,611,黑龙江,理科,2017,第一批,加入对比 ,8
金融数学,吉林大学,--,615,黑龙江,理科,2017,第一批,加入对比 ,8
金融学,吉林大学,--,613,黑龙江,理科,2017,第一批,加入对比 ,8
财政学,吉林大学,--,602,黑龙江,理科,2017,第一批,加入对比 ,8
经济学,吉林大学,--,607,黑龙江,理科,2017,第一批,加入对比 ,8
酒店管理,吉林大学,--,362,黑龙江,理科,2017,专科,加入对比 ,8
市场营销,吉林大学,--,365,黑龙江,理科,2017,专科,加入对比 ,8
农林经济管理,吉林大学,--,565,黑龙江,文科,2017,第一批,加入对比 ,8
考古学,吉林大学,--,567,黑龙江,文科,2017,第一批,加入对比 ,8
历史学,吉林大学,--,584,黑龙江,文科,2017,第一批,加入对比 ,8
广告学,吉林大学,--,570,黑龙江,文科,2017,第一批,加入对比 ,8
新闻学,吉林大学,--,590,黑龙江,文科,2017,第一批,加入对比 ,8
朝鲜语,吉林大学,--,569,黑龙江,文科,2017,第一批,加入对比 ,8
日语,吉林大学,--,568,黑龙江,文科,2017,第一批,加入对比 ,8
西班牙语,吉林大学,--,586,黑龙江,文科,2017,第一批,加入对比 ,8
俄语,吉林大学,--,567,黑龙江,文科,2017,第一批,加入对比 ,8
软件工程,吉林大学,--,600,黑龙江,理科,2017,第一批,加入对比 ,9
计算机科学与技术,吉林大学,--,606,黑龙江,理科,2017,第一批,加入对比 ,9
自动化,吉林大学,--,599,黑龙江,理科,2017,第一批,加入对比 ,9
信息工程,吉林大学,--,595,黑龙江,理科,2017,第一批,加入对比 ,9
光电信息科学与工程,吉林大学,--,596,黑龙江,理科,2017,第一批,加入对比 ,9
微电子科学与工程,吉林大学,--,596,黑龙江,理科,2017,第一批,加入对比 ,9
通信工程,吉林大学,--,598,黑龙江,理科,2017,第一批,加入对比 ,9
电子科学与技术,吉林大学,--,605,黑龙江,理科,2017,第一批,加入对比 ,9
电子信息工程,吉林大学,--,604,黑龙江,理科,2017,第一批,加入对比 ,9
电气工程及其自动化,吉林大学,--,601,黑龙江,理科,2017,第一批,加入对比 ,9
能源与动力工程,吉林大学,--,604,黑龙江,理科,2017,第一批,加入对比 ,9
高分子材料与工程,吉林大学,--,603,黑龙江,理科,2017,第一批,加入对比 ,9
材料化学,吉林大学,--,592,黑龙江,理科,2017,第一批,加入对比 ,9
材料物理,吉林大学,--,587,黑龙江,理科,2017,第一批,加入对比 ,9
材料科学与工程,吉林大学,--,590,黑龙江,理科,2017,第一批,加入对比 ,9
测控技术与仪器,吉林大学,--,593,黑龙江,理科,2017,第一批,加入对比 ,9
汽车服务工程,吉林大学,--,590,黑龙江,理科,2017,第一批,加入对比 ,9
车辆工程,吉林大学,--,615,黑龙江,理科,2017,第一批,加入对比 ,9
机械工程,吉林大学,--,606,黑龙江,理科,2017,第一批,加入对比 ,9
工程力学,吉林大学,--,592,黑龙江,理科,2017,第一批,加入对比 ,9
统计学,吉林大学,--,596,黑龙江,理科,2017,第一批,加入对比 ,9
地质学,吉林大学,--,577,黑龙江,理科,2017,第一批,加入对比 ,9
地球物理学,吉林大学,--,582,黑龙江,理科,2017,第一批,加入对比 ,9
地理信息科学,吉林大学,--,585,黑龙江,理科,2017,第一批,加入对比 ,9
地理科学,吉林大学,--,588,黑龙江,理科,2017,第一批,加入对比 ,9
应用化学,吉林大学,--,603,黑龙江,理科,2017,第一批,加入对比 ,9
化学,吉林大学,--,610,黑龙江,理科,2017,第一批,加入对比 ,9
核物理,吉林大学,--,589,黑龙江,理科,2017,第一批,加入对比 ,9
应用物理学,吉林大学,--,589,黑龙江,理科,2017,第一批,加入对比 ,9
物理学,吉林大学,--,603,黑龙江,理科,2017,第一批,加入对比 ,9
信息与计算科学,吉林大学,--,594,黑龙江,理科,2017,第一批,加入对比 ,9
数学与应用数学,吉林大学,--,609,黑龙江,理科,2017,第一批,加入对比 ,9
广告学,吉林大学,--,580,黑龙江,理科,2017,第一批,加入对比 ,9
英语,吉林大学,--,592,黑龙江,理科,2017,第一批,加入对比 ,9
法学,吉林大学,--,611,黑龙江,理科,2017,第一批,加入对比 ,9
金融数学,吉林大学,--,615,黑龙江,理科,2017,第一批,加入对比 ,9
金融学,吉林大学,--,613,黑龙江,理科,2017,第一批,加入对比 ,9
财政学,吉林大学,--,602,黑龙江,理科,2017,第一批,加入对比 ,9
经济学,吉林大学,--,607,黑龙江,理科,2017,第一批,加入对比 ,9
酒店管理,吉林大学,--,362,黑龙江,理科,2017,专科,加入对比 ,9
市场营销,吉林大学,--,365,黑龙江,理科,2017,专科,加入对比 ,9
农林经济管理,吉林大学,--,565,黑龙江,文科,2017,第一批,加入对比 ,9
考古学,吉林大学,--,567,黑龙江,文科,2017,第一批,加入对比 ,9
历史学,吉林大学,--,584,黑龙江,文科,2017,第一批,加入对比 ,9
广告学,吉林大学,--,570,黑龙江,文科,2017,第一批,加入对比 ,9
新闻学,吉林大学,--,590,黑龙江,文科,2017,第一批,加入对比 ,9
朝鲜语,吉林大学,--,569,黑龙江,文科,2017,第一批,加入对比 ,9
日语,吉林大学,--,568,黑龙江,文科,2017,第一批,加入对比 ,9
西班牙语,吉林大学,--,586,黑龙江,文科,2017,第一批,加入对比 ,9
俄语,吉林大学,--,567,黑龙江,文科,2017,第一批,加入对比 ,9
应用化学,吉林大学,--,603,黑龙江,理科,2017,第一批,加入对比 ,10
化学,吉林大学,--,610,黑龙江,理科,2017,第一批,加入对比 ,10
核物理,吉林大学,--,589,黑龙江,理科,2017,第一批,加入对比 ,10
应用物理学,吉林大学,--,589,黑龙江,理科,2017,第一批,加入对比 ,10
物理学,吉林大学,--,603,黑龙江,理科,2017,第一批,加入对比 ,10
信息与计算科学,吉林大学,--,594,黑龙江,理科,2017,第一批,加入对比 ,10
数学与应用数学,吉林大学,--,609,黑龙江,理科,2017,第一批,加入对比 ,10
广告学,吉林大学,--,580,黑龙江,理科,2017,第一批,加入对比 ,10
英语,吉林大学,--,592,黑龙江,理科,2017,第一批,加入对比 ,10
法学,吉林大学,--,611,黑龙江,理科,2017,第一批,加入对比 ,10
金融数学,吉林大学,--,615,黑龙江,理科,2017,第一批,加入对比 ,10
金融学,吉林大学,--,613,黑龙江,理科,2017,第一批,加入对比 ,10
财政学,吉林大学,--,602,黑龙江,理科,2017,第一批,加入对比 ,10
经济学,吉林大学,--,607,黑龙江,理科,2017,第一批,加入对比 ,10
酒店管理,吉林大学,--,362,黑龙江,理科,2017,专科,加入对比 ,10
市场营销,吉林大学,--,365,黑龙江,理科,2017,专科,加入对比 ,10
农林经济管理,吉林大学,--,565,黑龙江,文科,2017,第一批,加入对比 ,10
考古学,吉林大学,--,567,黑龙江,文科,2017,第一批,加入对比 ,10
历史学,吉林大学,--,584,黑龙江,文科,2017,第一批,加入对比 ,10
广告学,吉林大学,--,570,黑龙江,文科,2017,第一批,加入对比 ,10
新闻学,吉林大学,--,590,黑龙江,文科,2017,第一批,加入对比 ,10
朝鲜语,吉林大学,--,569,黑龙江,文科,2017,第一批,加入对比 ,10
日语,吉林大学,--,568,黑龙江,文科,2017,第一批,加入对比 ,10
西班牙语,吉林大学,--,586,黑龙江,文科,2017,第一批,加入对比 ,10
俄语,吉林大学,--,567,黑龙江,文科,2017,第一批,加入对比 ,10
英语,吉林大学,--,584,黑龙江,文科,2017,第一批,加入对比 ,11
汉语言文学,吉林大学,--,585,黑龙江,文科,2017,第一批,加入对比 ,11
社会学,吉林大学,--,581,黑龙江,文科,2017,第一批,加入对比 ,11
外交学,吉林大学,--,585,黑龙江,文科,2017,第一批,加入对比 ,11
政治学与行政学,吉林大学,--,578,黑龙江,文科,2017,第一批,加入对比 ,11
法学,吉林大学,--,595,黑龙江,文科,2017,第一批,加入对比 ,11
金融学,吉林大学,--,598,黑龙江,文科,2017,第一批,加入对比 ,11
财政学,吉林大学,--,583,黑龙江,文科,2017,第一批,加入对比 ,11
经济学,吉林大学,--,583,黑龙江,文科,2017,第一批,加入对比 ,11
哲学,吉林大学,--,588,黑龙江,文科,2017,第一批,加入对比 ,11
植物生产类,吉林大学,--,563,黑龙江,理科,2017,第一批,加入对比 ,11
生物技术,吉林大学,--,576,黑龙江,理科,2017,第一批,加入对比 ,11
会计学,吉林大学珠海学院,--,437,黑龙江,理科,2017,第三批,加入对比 ,11
化学工程与工艺,吉林大学珠海学院,--,362,黑龙江,理科,2017,第三批,加入对比 ,11
网络工程,吉林大学珠海学院,--,365,黑龙江,理科,2017,第三批,加入对比 ,11
软件工程,吉林大学珠海学院,--,436,黑龙江,理科,2017,第三批,加入对比 ,11
计算机科学与技术,吉林大学珠海学院,--,408,黑龙江,理科,2017,第三批,加入对比 ,11
自动化,吉林大学珠海学院,--,379,黑龙江,理科,2017,第三批,加入对比 ,11
汽车服务工程,吉林大学珠海学院,--,373,黑龙江,理科,2017,第三批,加入对比 ,11
车辆工程,吉林大学珠海学院,--,398,黑龙江,理科,2017,第三批,加入对比 ,11
应用化学,吉林大学珠海学院,--,369,黑龙江,理科,2017,第三批,加入对比 ,11
日语,吉林大学珠海学院,--,369,黑龙江,理科,2017,第三批,加入对比 ,11
投资学,吉林大学珠海学院,--,400,黑龙江,理科,2017,第三批,加入对比 ,11
广告学,吉林大学珠海学院,--,439,黑龙江,文科,2017,第三批,加入对比 ,11
金融学,吉林大学珠海学院,--,459,黑龙江,文科,2017,第三批,加入对比 ,11
自动化,吉林大学,--,369,江苏,理科,2017,第一批,加入对比 ,12
预防医学,吉林大学,--,366,江苏,理科,2017,第一批,加入对比 ,12
信息与计算科学,吉林大学,--,376,江苏,理科,2017,第一批,加入对比 ,12
信息管理与信息系统,吉林大学,--,367,江苏,理科,2017,第一批,加入对比 ,12
信息工程,吉林大学,--,367,江苏,理科,2017,第一批,加入对比 ,12
物联网工程,吉林大学,--,368,江苏,理科,2017,第一批,加入对比 ,12
物理学,吉林大学,--,370,江苏,理科,2017,第一批,加入对比 ,12
无机非金属材料工程,吉林大学,--,367,江苏,理科,2017,第一批,加入对比 ,12
微电子科学与工程,吉林大学,--,371,江苏,理科,2017,第一批,加入对比 ,12
土木工程,吉林大学,--,368,江苏,理科,2017,第一批,加入对比 ,12
通信工程,吉林大学,--,368,江苏,理科,2017,第一批,加入对比 ,12
水利类,吉林大学,--,366,江苏,理科,2017,第一批,加入对比 ,12
食品质量与安全,吉林大学,--,366,江苏,理科,2017,第一批,加入对比 ,12
生物制药,吉林大学,--,366,江苏,理科,2017,第一批,加入对比 ,12
生物医学工程,吉林大学,--,366,江苏,理科,2017,第一批,加入对比 ,12
生物科学,吉林大学,--,369,江苏,理科,2017,第一批,加入对比 ,12
软件工程,吉林大学,--,372,江苏,理科,2017,第一批,加入对比 ,12
农业机械化及其自动化,吉林大学,--,367,江苏,理科,2017,第一批,加入对比 ,12
康复治疗学,吉林大学,--,365,江苏,理科,2017,第一批,加入对比 ,12
经济学,吉林大学,--,371,江苏,理科,2017,第一批,加入对比 ,12
金融数学,吉林大学,--,372,江苏,理科,2017,第一批,加入对比 ,12
交通工程,吉林大学,--,368,江苏,理科,2017,第一批,加入对比 ,12
计算机科学与技术,吉林大学,--,371,江苏,理科,2017,第一批,加入对比 ,12
机械工程,吉林大学,--,371,江苏,理科,2017,第一批,加入对比 ,12
会计学,吉林大学,--,369,江苏,理科,2017,第一批,加入对比 ,12
环境科学与工程类,吉林大学,--,367,江苏,理科,2017,第一批,加入对比 ,12
化学工程与工艺,吉林大学,--,368,江苏,理科,2017,第一批,加入对比 ,12
化学,吉林大学,--,373,江苏,理科,2017,第一批,加入对比 ,12
核物理,吉林大学,--,367,江苏,理科,2017,第一批,加入对比 ,12
广告学,吉林大学,--,367,江苏,理科,2017,第一批,加入对比 ,12
工业工程,吉林大学,--,366,江苏,理科,2017,第一批,加入对比 ,12
工商管理,吉林大学,--,367,江苏,理科,2017,第一批,加入对比 ,12
工程管理,吉林大学,--,368,江苏,理科,2017,第一批,加入对比 ,12
法学,吉林大学,--,371,江苏,理科,2017,第一批,加入对比 ,12
电子科学与技术,吉林大学,--,369,江苏,理科,2017,第一批,加入对比 ,12
电气工程及其自动化,吉林大学,--,371,江苏,理科,2017,第一批,加入对比 ,12
地质学,吉林大学,--,367,江苏,理科,2017,第一批,加入对比 ,12
道路桥梁与渡河工程,吉林大学,--,366,江苏,理科,2017,第一批,加入对比 ,12
车辆工程,吉林大学,--,378,江苏,理科,2017,第一批,加入对比 ,12
财政学,吉林大学,--,367,江苏,理科,2017,第一批,加入对比 ,12
材料成型及控制工程,吉林大学,--,370,江苏,理科,2017,第一批,加入对比 ,12
哲学,吉林大学,--,368,江苏,文科,2017,第一批,加入对比 ,12
英语,吉林大学,--,369,江苏,文科,2017,第一批,加入对比 ,12
西班牙语,吉林大学,--,371,江苏,文科,2017,第一批,加入对比 ,12
文物与博物馆学,吉林大学,--,374,江苏,文科,2017,第一批,加入对比 ,12
外交学,吉林大学,--,369,江苏,文科,2017,第一批,加入对比 ,12
金融学,吉林大学,--,371,江苏,文科,2017,第一批,加入对比 ,12
汉语言文学,吉林大学,--,369,江苏,文科,2017,第一批,加入对比 ,12
法学,吉林大学,--,376,江苏,文科,2017,第一批,加入对比 ,12
应用化学,吉林大学珠海学院,--,293,江苏,理科,2017,第二批,加入对比 ,12
环境科学与工程类,吉林大学,--,367,江苏,理科,2017,第一批,加入对比 ,13
化学工程与工艺,吉林大学,--,368,江苏,理科,2017,第一批,加入对比 ,13
化学,吉林大学,--,373,江苏,理科,2017,第一批,加入对比 ,13
核物理,吉林大学,--,367,江苏,理科,2017,第一批,加入对比 ,13
广告学,吉林大学,--,367,江苏,理科,2017,第一批,加入对比 ,13
工业工程,吉林大学,--,366,江苏,理科,2017,第一批,加入对比 ,13
工商管理,吉林大学,--,367,江苏,理科,2017,第一批,加入对比 ,13
工程管理,吉林大学,--,368,江苏,理科,2017,第一批,加入对比 ,13
法学,吉林大学,--,371,江苏,理科,2017,第一批,加入对比 ,13
电子科学与技术,吉林大学,--,369,江苏,理科,2017,第一批,加入对比 ,13
电气工程及其自动化,吉林大学,--,371,江苏,理科,2017,第一批,加入对比 ,13
地质学,吉林大学,--,367,江苏,理科,2017,第一批,加入对比 ,13
道路桥梁与渡河工程,吉林大学,--,366,江苏,理科,2017,第一批,加入对比 ,13
车辆工程,吉林大学,--,378,江苏,理科,2017,第一批,加入对比 ,13
财政学,吉林大学,--,367,江苏,理科,2017,第一批,加入对比 ,13
材料成型及控制工程,吉林大学,--,370,江苏,理科,2017,第一批,加入对比 ,13
哲学,吉林大学,--,368,江苏,文科,2017,第一批,加入对比 ,13
英语,吉林大学,--,369,江苏,文科,2017,第一批,加入对比 ,13
西班牙语,吉林大学,--,371,江苏,文科,2017,第一批,加入对比 ,13
文物与博物馆学,吉林大学,--,374,江苏,文科,2017,第一批,加入对比 ,13
外交学,吉林大学,--,369,江苏,文科,2017,第一批,加入对比 ,13
金融学,吉林大学,--,371,江苏,文科,2017,第一批,加入对比 ,13
汉语言文学,吉林大学,--,369,江苏,文科,2017,第一批,加入对比 ,13
法学,吉林大学,--,376,江苏,文科,2017,第一批,加入对比 ,13
应用化学,吉林大学珠海学院,--,293,江苏,理科,2017,第二批,加入对比 ,13
网络工程,吉林大学珠海学院,--,297,江苏,理科,2017,第二批,加入对比 ,13
投资学,吉林大学珠海学院,--,309,江苏,理科,2017,第二批,加入对比 ,13
软件工程,吉林大学珠海学院,--,309,江苏,理科,2017,第二批,加入对比 ,13
汽车服务工程,吉林大学珠海学院,--,307,江苏,理科,2017,第二批,加入对比 ,13
计算机科学与技术,吉林大学珠海学院,--,292,江苏,理科,2017,第二批,加入对比 ,13
机械设计制造及其自动化,吉林大学珠海学院,--,298,江苏,理科,2017,第二批,加入对比 ,13
会计学,吉林大学珠海学院,--,312,江苏,理科,2017,第二批,加入对比 ,13
车辆工程,吉林大学珠海学院,--,296,江苏,理科,2017,第二批,加入对比 ,13
朝鲜语,吉林大学珠海学院,--,290,江苏,理科,2017,第二批,加入对比 ,13
日语,吉林大学珠海学院,--,308,江苏,文科,2017,第二批,加入对比 ,13
金融学,吉林大学珠海学院,--,309,江苏,文科,2017,第二批,加入对比 ,13
物流工程,吉林大学,--,594,安徽,理科,2017,第一批,加入对比 ,13
测绘工程,吉林大学,--,592,安徽,理科,2017,第一批,加入对比 ,13
预防医学,吉林大学,--,591,安徽,理科,2017,第一批,加入对比 ,13
药物制剂,吉林大学,--,594,安徽,理科,2017,第一批,加入对比 ,13
工商管理,吉林大学,--,593,安徽,理科,2017,第一批,加入对比 ,13
生物医学工程,吉林大学,--,595,安徽,理科,2017,第一批,加入对比 ,13
汽车服务工程,吉林大学,--,594,安徽,理科,2017,第一批,加入对比 ,13
环境科学与工程类,吉林大学,--,595,安徽,理科,2017,第一批,加入对比 ,13
道路桥梁与渡河工程,吉林大学,--,593,安徽,理科,2017,第一批,加入对比 ,13
地质学,吉林大学,--,596,安徽,理科,2017,第一批,加入对比 ,13
信息管理与信息系统,吉林大学,--,597,安徽,理科,2017,第一批,加入对比 ,13
土木工程,吉林大学,--,594,安徽,理科,2017,第一批,加入对比 ,13
农林经济管理,吉林大学,--,594,安徽,理科,2017,第一批,加入对比 ,13
生物科学,吉林大学,--,594,安徽,理科,2017,第一批,加入对比 ,13
通信工程,吉林大学,--,597,安徽,理科,2017,第一批,加入对比 ,13
法学,吉林大学,--,597,安徽,理科,2017,第一批,加入对比 ,13
经济学,吉林大学,--,600,安徽,理科,2017,第一批,加入对比 ,13
能源与动力工程,吉林大学,--,597,安徽,理科,2017,第一批,加入对比 ,13
材料成型及控制工程,吉林大学,--,600,安徽,理科,2017,第一批,加入对比 ,13
自动化,吉林大学,--,597,安徽,理科,2017,第一批,加入对比 ,13
哲学,吉林大学,--,596,安徽,文科,2017,第一批,加入对比 ,13
软件工程,吉林大学,--,603,安徽,理科,2017,第一批,加入对比 ,13
信息与计算科学,吉林大学,--,602,安徽,理科,2017,第一批,加入对比 ,13
机械工程,吉林大学,--,612,安徽,理科,2017,第一批,加入对比 ,13
汉语言文学,吉林大学,--,600,安徽,文科,2017,第一批,加入对比 ,13
国际政治,吉林大学,--,605,安徽,文科,2017,第一批,加入对比 ,13
车辆工程,吉林大学,--,605,安徽,理科,2017,第一批,加入对比 ,13
物理学,吉林大学,--,604,安徽,理科,2017,第一批,加入对比 ,13
计算机科学与技术,吉林大学,--,603,安徽,理科,2017,第一批,加入对比 ,13
法学,吉林大学,--,605,安徽,文科,2017,第一批,加入对比 ,13
金融学,吉林大学,--,617,安徽,理科,2017,第一批,加入对比 ,13
资源勘查工程,吉林大学,--,548,福建,理科,2017,第一批,加入对比 ,13
信息管理与信息系统,吉林大学,--,549,福建,理科,2017,第一批,加入对比 ,13
应用物理学,吉林大学,--,554,福建,理科,2017,第一批,加入对比 ,13
水利类,吉林大学,--,560,福建,理科,2017,第一批,加入对比 ,13
汽车服务工程,吉林大学,--,552,福建,理科,2017,第一批,加入对比 ,13
工商管理,吉林大学,--,555,福建,理科,2017,第一批,加入对比 ,13
交通运输,吉林大学,--,554,福建,理科,2017,第一批,加入对比 ,13
金融数学,吉林大学,--,557,福建,理科,2017,第一批,加入对比 ,13
网络工程,吉林大学珠海学院,--,297,江苏,理科,2017,第二批,加入对比 ,14
投资学,吉林大学珠海学院,--,309,江苏,理科,2017,第二批,加入对比 ,14
软件工程,吉林大学珠海学院,--,309,江苏,理科,2017,第二批,加入对比 ,14
汽车服务工程,吉林大学珠海学院,--,307,江苏,理科,2017,第二批,加入对比 ,14
计算机科学与技术,吉林大学珠海学院,--,292,江苏,理科,2017,第二批,加入对比 ,14
机械设计制造及其自动化,吉林大学珠海学院,--,298,江苏,理科,2017,第二批,加入对比 ,14
会计学,吉林大学珠海学院,--,312,江苏,理科,2017,第二批,加入对比 ,14
车辆工程,吉林大学珠海学院,--,296,江苏,理科,2017,第二批,加入对比 ,14
朝鲜语,吉林大学珠海学院,--,290,江苏,理科,2017,第二批,加入对比 ,14
日语,吉林大学珠海学院,--,308,江苏,文科,2017,第二批,加入对比 ,14
金融学,吉林大学珠海学院,--,309,江苏,文科,2017,第二批,加入对比 ,14
物流工程,吉林大学,--,594,安徽,理科,2017,第一批,加入对比 ,14
测绘工程,吉林大学,--,592,安徽,理科,2017,第一批,加入对比 ,14
预防医学,吉林大学,--,591,安徽,理科,2017,第一批,加入对比 ,14
药物制剂,吉林大学,--,594,安徽,理科,2017,第一批,加入对比 ,14
工商管理,吉林大学,--,593,安徽,理科,2017,第一批,加入对比 ,14
生物医学工程,吉林大学,--,595,安徽,理科,2017,第一批,加入对比 ,14
汽车服务工程,吉林大学,--,594,安徽,理科,2017,第一批,加入对比 ,14
环境科学与工程类,吉林大学,--,595,安徽,理科,2017,第一批,加入对比 ,14
道路桥梁与渡河工程,吉林大学,--,593,安徽,理科,2017,第一批,加入对比 ,14
地质学,吉林大学,--,596,安徽,理科,2017,第一批,加入对比 ,14
信息管理与信息系统,吉林大学,--,597,安徽,理科,2017,第一批,加入对比 ,14
土木工程,吉林大学,--,594,安徽,理科,2017,第一批,加入对比 ,14
农林经济管理,吉林大学,--,594,安徽,理科,2017,第一批,加入对比 ,14
生物科学,吉林大学,--,594,安徽,理科,2017,第一批,加入对比 ,14
通信工程,吉林大学,--,597,安徽,理科,2017,第一批,加入对比 ,14
法学,吉林大学,--,597,安徽,理科,2017,第一批,加入对比 ,14
经济学,吉林大学,--,600,安徽,理科,2017,第一批,加入对比 ,14
能源与动力工程,吉林大学,--,597,安徽,理科,2017,第一批,加入对比 ,14
材料成型及控制工程,吉林大学,--,600,安徽,理科,2017,第一批,加入对比 ,14
自动化,吉林大学,--,597,安徽,理科,2017,第一批,加入对比 ,14
哲学,吉林大学,--,596,安徽,文科,2017,第一批,加入对比 ,14
软件工程,吉林大学,--,603,安徽,理科,2017,第一批,加入对比 ,14
信息与计算科学,吉林大学,--,602,安徽,理科,2017,第一批,加入对比 ,14
机械工程,吉林大学,--,612,安徽,理科,2017,第一批,加入对比 ,14
汉语言文学,吉林大学,--,600,安徽,文科,2017,第一批,加入对比 ,14
国际政治,吉林大学,--,605,安徽,文科,2017,第一批,加入对比 ,14
车辆工程,吉林大学,--,605,安徽,理科,2017,第一批,加入对比 ,14
物理学,吉林大学,--,604,安徽,理科,2017,第一批,加入对比 ,14
计算机科学与技术,吉林大学,--,603,安徽,理科,2017,第一批,加入对比 ,14
法学,吉林大学,--,605,安徽,文科,2017,第一批,加入对比 ,14
金融学,吉林大学,--,617,安徽,理科,2017,第一批,加入对比 ,14
资源勘查工程,吉林大学,--,548,福建,理科,2017,第一批,加入对比 ,14
信息管理与信息系统,吉林大学,--,549,福建,理科,2017,第一批,加入对比 ,14
应用物理学,吉林大学,--,554,福建,理科,2017,第一批,加入对比 ,14
水利类,吉林大学,--,560,福建,理科,2017,第一批,加入对比 ,14
汽车服务工程,吉林大学,--,552,福建,理科,2017,第一批,加入对比 ,14
工商管理,吉林大学,--,555,福建,理科,2017,第一批,加入对比 ,14
交通运输,吉林大学,--,554,福建,理科,2017,第一批,加入对比 ,14
金融数学,吉林大学,--,557,福建,理科,2017,第一批,加入对比 ,14
土木工程,吉林大学,--,558,福建,理科,2017,第一批,加入对比 ,14
会计学,吉林大学,--,558,福建,理科,2017,第一批,加入对比 ,14
数学与应用数学,吉林大学,--,557,福建,理科,2017,第一批,加入对比 ,14
软件工程,吉林大学,--,558,福建,理科,2017,第一批,加入对比 ,14
金融学,吉林大学,--,559,福建,理科,2017,第一批,加入对比 ,14
电气工程及其自动化,吉林大学,--,558,福建,理科,2017,第一批,加入对比 ,14
电子科学与技术,吉林大学,--,559,福建,理科,2017,第一批,加入对比 ,14
政治学与行政学,吉林大学,--,558,福建,文科,2017,第一批,加入对比 ,14
计算机科学与技术,吉林大学,--,562,福建,理科,2017,第一批,加入对比 ,14
车辆工程,吉林大学,--,562,福建,理科,2017,第一批,加入对比 ,14
金融学,吉林大学,--,563,福建,文科,2017,第一批,加入对比 ,14
机械工程,吉林大学,--,581,福建,理科,2017,第一批,加入对比 ,14
法学,吉林大学,--,580,福建,文科,2017,第一批,加入对比 ,14
化学工程与工艺,吉林大学珠海学院,--,367,福建,理科,2017,第二批,加入对比 ,14
通信工程,吉林大学珠海学院,--,385,福建,理科,2017,第二批,加入对比 ,14
材料科学与工程,吉林大学珠海学院,--,376,福建,理科,2017,第二批,加入对比 ,14
中药学,吉林大学珠海学院,--,386,福建,理科,2017,第二批,加入对比 ,14
食品质量与安全,吉林大学珠海学院,--,378,福建,理科,2017,第二批,加入对比 ,14
朝鲜语,吉林大学珠海学院,--,378,福建,理科,2017,第二批,加入对比 ,14
计算机科学与技术,吉林大学珠海学院,--,383,福建,理科,2017,第二批,加入对比 ,14
信息管理与信息系统,吉林大学珠海学院,--,379,福建,理科,2017,第二批,加入对比 ,14
车辆工程,吉林大学珠海学院,--,394,福建,理科,2017,第二批,加入对比 ,14
建筑学,吉林大学珠海学院,--,406,福建,理科,2017,第二批,加入对比 ,14
英语,吉林大学珠海学院,--,416,福建,理科,2017,第二批,加入对比 ,14
会计学,吉林大学珠海学院,--,399,福建,理科,2017,第二批,加入对比 ,14
金融学,吉林大学珠海学院,--,408,福建,理科,2017,第二批,加入对比 ,14
朝鲜语,吉林大学珠海学院,--,457,福建,文科,2017,第二批,加入对比 ,14
会计学,吉林大学珠海学院,--,456,福建,文科,2017,第二批,加入对比 ,14
地质工程,吉林大学,--,611,山东,理科,2017,第一批,加入对比 ,14
农林经济管理,吉林大学,--,612,山东,理科,2017,第一批,加入对比 ,14
资源勘查工程,吉林大学,--,612,山东,理科,2017,第一批,加入对比 ,14
测绘工程,吉林大学,--,612,山东,理科,2017,第一批,加入对比 ,14
道路桥梁与渡河工程,吉林大学,--,612,山东,理科,2017,第一批,加入对比 ,14
地理科学,吉林大学,--,612,山东,理科,2017,第一批,加入对比 ,14
无机非金属材料工程,吉林大学,--,613,山东,理科,2017,第一批,加入对比 ,14
汽车服务工程,吉林大学,--,613,山东,理科,2017,第一批,加入对比 ,14
工业工程,吉林大学,--,615,山东,理科,2017,第一批,加入对比 ,14
土地资源管理,吉林大学,--,616,山东,理科,2017,第一批,加入对比 ,14
信息管理与信息系统,吉林大学,--,616,山东,理科,2017,第一批,加入对比 ,14
农业机械化及其自动化,吉林大学,--,616,山东,理科,2017,第一批,加入对比 ,14
食品质量与安全,吉林大学,--,617,山东,理科,2017,第一批,加入对比 ,14
包装工程,吉林大学,--,617,山东,理科,2017,第一批,加入对比 ,14
化学工程与工艺,吉林大学,--,617,山东,理科,2017,第一批,加入对比 ,14
地球物理学,吉林大学,--,618,山东,理科,2017,第一批,加入对比 ,14
物流工程,吉林大学,--,619,山东,理科,2017,第一批,加入对比 ,14
生物工程,吉林大学,--,619,山东,理科,2017,第一批,加入对比 ,14
广告学,吉林大学,--,619,山东,理科,2017,第一批,加入对比 ,14
档案学,吉林大学,--,620,山东,理科,2017,第一批,加入对比 ,14
工商管理,吉林大学,--,620,山东,理科,2017,第一批,加入对比 ,14
生物医学工程,吉林大学,--,620,山东,理科,2017,第一批,加入对比 ,14
通信工程,吉林大学,--,597,安徽,理科,2017,第一批,加入对比 ,15
法学,吉林大学,--,597,安徽,理科,2017,第一批,加入对比 ,15
经济学,吉林大学,--,600,安徽,理科,2017,第一批,加入对比 ,15
能源与动力工程,吉林大学,--,597,安徽,理科,2017,第一批,加入对比 ,15
材料成型及控制工程,吉林大学,--,600,安徽,理科,2017,第一批,加入对比 ,15
自动化,吉林大学,--,597,安徽,理科,2017,第一批,加入对比 ,15
哲学,吉林大学,--,596,安徽,文科,2017,第一批,加入对比 ,15
软件工程,吉林大学,--,603,安徽,理科,2017,第一批,加入对比 ,15
信息与计算科学,吉林大学,--,602,安徽,理科,2017,第一批,加入对比 ,15
机械工程,吉林大学,--,612,安徽,理科,2017,第一批,加入对比 ,15
汉语言文学,吉林大学,--,600,安徽,文科,2017,第一批,加入对比 ,15
国际政治,吉林大学,--,605,安徽,文科,2017,第一批,加入对比 ,15
车辆工程,吉林大学,--,605,安徽,理科,2017,第一批,加入对比 ,15
物理学,吉林大学,--,604,安徽,理科,2017,第一批,加入对比 ,15
计算机科学与技术,吉林大学,--,603,安徽,理科,2017,第一批,加入对比 ,15
法学,吉林大学,--,605,安徽,文科,2017,第一批,加入对比 ,15
金融学,吉林大学,--,617,安徽,理科,2017,第一批,加入对比 ,15
资源勘查工程,吉林大学,--,548,福建,理科,2017,第一批,加入对比 ,15
信息管理与信息系统,吉林大学,--,549,福建,理科,2017,第一批,加入对比 ,15
应用物理学,吉林大学,--,554,福建,理科,2017,第一批,加入对比 ,15
水利类,吉林大学,--,560,福建,理科,2017,第一批,加入对比 ,15
汽车服务工程,吉林大学,--,552,福建,理科,2017,第一批,加入对比 ,15
工商管理,吉林大学,--,555,福建,理科,2017,第一批,加入对比 ,15
交通运输,吉林大学,--,554,福建,理科,2017,第一批,加入对比 ,15
金融数学,吉林大学,--,557,福建,理科,2017,第一批,加入对比 ,15
土木工程,吉林大学,--,558,福建,理科,2017,第一批,加入对比 ,15
会计学,吉林大学,--,558,福建,理科,2017,第一批,加入对比 ,15
数学与应用数学,吉林大学,--,557,福建,理科,2017,第一批,加入对比 ,15
软件工程,吉林大学,--,558,福建,理科,2017,第一批,加入对比 ,15
金融学,吉林大学,--,559,福建,理科,2017,第一批,加入对比 ,15
电气工程及其自动化,吉林大学,--,558,福建,理科,2017,第一批,加入对比 ,15
电子科学与技术,吉林大学,--,559,福建,理科,2017,第一批,加入对比 ,15
政治学与行政学,吉林大学,--,558,福建,文科,2017,第一批,加入对比 ,15
计算机科学与技术,吉林大学,--,562,福建,理科,2017,第一批,加入对比 ,15
车辆工程,吉林大学,--,562,福建,理科,2017,第一批,加入对比 ,15
金融学,吉林大学,--,563,福建,文科,2017,第一批,加入对比 ,15
机械工程,吉林大学,--,581,福建,理科,2017,第一批,加入对比 ,15
法学,吉林大学,--,580,福建,文科,2017,第一批,加入对比 ,15
化学工程与工艺,吉林大学珠海学院,--,367,福建,理科,2017,第二批,加入对比 ,15
通信工程,吉林大学珠海学院,--,385,福建,理科,2017,第二批,加入对比 ,15
材料科学与工程,吉林大学珠海学院,--,376,福建,理科,2017,第二批,加入对比 ,15
中药学,吉林大学珠海学院,--,386,福建,理科,2017,第二批,加入对比 ,15
食品质量与安全,吉林大学珠海学院,--,378,福建,理科,2017,第二批,加入对比 ,15
朝鲜语,吉林大学珠海学院,--,378,福建,理科,2017,第二批,加入对比 ,15
计算机科学与技术,吉林大学珠海学院,--,383,福建,理科,2017,第二批,加入对比 ,15
信息管理与信息系统,吉林大学珠海学院,--,379,福建,理科,2017,第二批,加入对比 ,15
车辆工程,吉林大学珠海学院,--,394,福建,理科,2017,第二批,加入对比 ,15
建筑学,吉林大学珠海学院,--,406,福建,理科,2017,第二批,加入对比 ,15
英语,吉林大学珠海学院,--,416,福建,理科,2017,第二批,加入对比 ,15
会计学,吉林大学珠海学院,--,399,福建,理科,2017,第二批,加入对比 ,15
金融学,吉林大学珠海学院,--,408,福建,理科,2017,第二批,加入对比 ,15
朝鲜语,吉林大学珠海学院,--,457,福建,文科,2017,第二批,加入对比 ,15
会计学,吉林大学珠海学院,--,456,福建,文科,2017,第二批,加入对比 ,15
地质工程,吉林大学,--,611,山东,理科,2017,第一批,加入对比 ,15
农林经济管理,吉林大学,--,612,山东,理科,2017,第一批,加入对比 ,15
资源勘查工程,吉林大学,--,612,山东,理科,2017,第一批,加入对比 ,15
测绘工程,吉林大学,--,612,山东,理科,2017,第一批,加入对比 ,15
道路桥梁与渡河工程,吉林大学,--,612,山东,理科,2017,第一批,加入对比 ,15
地理科学,吉林大学,--,612,山东,理科,2017,第一批,加入对比 ,15
无机非金属材料工程,吉林大学,--,613,山东,理科,2017,第一批,加入对比 ,15
汽车服务工程,吉林大学,--,613,山东,理科,2017,第一批,加入对比 ,15
工业工程,吉林大学,--,615,山东,理科,2017,第一批,加入对比 ,15
土地资源管理,吉林大学,--,616,山东,理科,2017,第一批,加入对比 ,15
信息管理与信息系统,吉林大学,--,616,山东,理科,2017,第一批,加入对比 ,15
农业机械化及其自动化,吉林大学,--,616,山东,理科,2017,第一批,加入对比 ,15
食品质量与安全,吉林大学,--,617,山东,理科,2017,第一批,加入对比 ,15
包装工程,吉林大学,--,617,山东,理科,2017,第一批,加入对比 ,15
化学工程与工艺,吉林大学,--,617,山东,理科,2017,第一批,加入对比 ,15
地球物理学,吉林大学,--,618,山东,理科,2017,第一批,加入对比 ,15
物流工程,吉林大学,--,619,山东,理科,2017,第一批,加入对比 ,15
生物工程,吉林大学,--,619,山东,理科,2017,第一批,加入对比 ,15
广告学,吉林大学,--,619,山东,理科,2017,第一批,加入对比 ,15
档案学,吉林大学,--,620,山东,理科,2017,第一批,加入对比 ,15
工商管理,吉林大学,--,620,山东,理科,2017,第一批,加入对比 ,15
生物医学工程,吉林大学,--,620,山东,理科,2017,第一批,加入对比 ,15
土木工程,吉林大学,--,620,山东,理科,2017,第一批,加入对比 ,15
光电信息科学与工程,吉林大学,--,620,山东,理科,2017,第一批,加入对比 ,15
工程力学,吉林大学,--,620,山东,理科,2017,第一批,加入对比 ,15
水利类,吉林大学,--,621,山东,理科,2017,第一批,加入对比 ,15
信息工程,吉林大学,--,621,山东,理科,2017,第一批,加入对比 ,15
地质学,吉林大学,--,621,山东,理科,2017,第一批,加入对比 ,15
日语,吉林大学,--,621,山东,理科,2017,第一批,加入对比 ,15
交通运输,吉林大学,--,622,山东,理科,2017,第一批,加入对比 ,15
通信工程,吉林大学,--,622,山东,理科,2017,第一批,加入对比 ,15
工程管理,吉林大学,--,623,山东,理科,2017,第一批,加入对比 ,15
材料成型及控制工程,吉林大学,--,623,山东,理科,2017,第一批,加入对比 ,15
英语,吉林大学,--,623,山东,理科,2017,第一批,加入对比 ,15
微电子科学与工程,吉林大学,--,624,山东,理科,2017,第一批,加入对比 ,15
环境科学与工程类,吉林大学,--,625,山东,理科,2017,第一批,加入对比 ,15
自动化,吉林大学,--,625,山东,理科,2017,第一批,加入对比 ,15
高分子材料与工程,吉林大学,--,625,山东,理科,2017,第一批,加入对比 ,15
应用物理学,吉林大学,--,625,山东,理科,2017,第一批,加入对比 ,15
预防医学,吉林大学,--,626,山东,理科,2017,第一批,加入对比 ,15
放射医学,吉林大学,--,626,山东,理科,2017,第一批,加入对比 ,15
交通工程,吉林大学,--,627,山东,理科,2017,第一批,加入对比 ,15
电子信息工程,吉林大学,--,627,山东,理科,2017,第一批,加入对比 ,15
能源与动力工程,吉林大学,--,627,山东,理科,2017,第一批,加入对比 ,15
统计学,吉林大学,--,627,山东,理科,2017,第一批,加入对比 ,15
化学,吉林大学,--,627,山东,理科,2017,第一批,加入对比 ,15
物理学类,吉林大学,--,627,山东,理科,2017,第一批,加入对比 ,15
信息与计算科学,吉林大学,--,629,山东,理科,2017,第一批,加入对比 ,15
经济学,吉林大学,--,629,山东,理科,2017,第一批,加入对比 ,15
数学与应用数学,吉林大学,--,630,山东,理科,2017,第一批,加入对比 ,15
金融数学,吉林大学,--,630,山东,理科,2017,第一批,加入对比 ,15
电气工程及其自动化,吉林大学,--,631,山东,理科,2017,第一批,加入对比 ,15
机械工程,吉林大学,--,632,山东,理科,2017,第一批,加入对比 ,15
法学,吉林大学,--,632,山东,理科,2017,第一批,加入对比 ,15
财政学类,吉林大学,--,633,山东,理科,2017,第一批,加入对比 ,15
核物理,吉林大学,--,639,山东,理科,2017,第一批,加入对比 ,15
金融学,吉林大学,--,639,山东,理科,2017,第一批,加入对比 ,15
车辆工程,吉林大学,--,642,山东,理科,2017,第一批,加入对比 ,15
无机非金属材料工程,吉林大学,--,577,湖北,理科,2017,第一批,加入对比 ,15
预防医学,吉林大学,--,585,湖北,理科,2017,第一批,加入对比 ,15
包装工程,吉林大学,--,588,湖北,理科,2017,第一批,加入对比 ,15
道路桥梁与渡河工程,吉林大学,--,588,湖北,理科,2017,第一批,加入对比 ,15
工业工程,吉林大学,--,590,湖北,理科,2017,第一批,加入对比 ,15
工程管理,吉林大学,--,590,湖北,理科,2017,第一批,加入对比 ,15
康复治疗学,吉林大学,--,590,湖北,理科,2017,第一批,加入对比 ,15
生物技术,吉林大学,--,590,湖北,理科,2017,第一批,加入对比 ,15
物流工程,吉林大学,--,591,湖北,理科,2017,第一批,加入对比 ,15
食品科学与工程,吉林大学,--,591,湖北,理科,2017,第一批,加入对比 ,15
生物医学工程,吉林大学,--,591,湖北,理科,2017,第一批,加入对比 ,15
广告学,吉林大学,--,591,湖北,理科,2017,第一批,加入对比 ,15
工商管理,吉林大学,--,592,湖北,理科,2017,第一批,加入对比 ,15
物联网工程,吉林大学,--,593,湖北,理科,2017,第一批,加入对比 ,15
土木工程,吉林大学,--,558,福建,理科,2017,第一批,加入对比 ,16
会计学,吉林大学,--,558,福建,理科,2017,第一批,加入对比 ,16
数学与应用数学,吉林大学,--,557,福建,理科,2017,第一批,加入对比 ,16
软件工程,吉林大学,--,558,福建,理科,2017,第一批,加入对比 ,16
金融学,吉林大学,--,559,福建,理科,2017,第一批,加入对比 ,16
电气工程及其自动化,吉林大学,--,558,福建,理科,2017,第一批,加入对比 ,16
电子科学与技术,吉林大学,--,559,福建,理科,2017,第一批,加入对比 ,16
政治学与行政学,吉林大学,--,558,福建,文科,2017,第一批,加入对比 ,16
计算机科学与技术,吉林大学,--,562,福建,理科,2017,第一批,加入对比 ,16
车辆工程,吉林大学,--,562,福建,理科,2017,第一批,加入对比 ,16
金融学,吉林大学,--,563,福建,文科,2017,第一批,加入对比 ,16
机械工程,吉林大学,--,581,福建,理科,2017,第一批,加入对比 ,16
法学,吉林大学,--,580,福建,文科,2017,第一批,加入对比 ,16
化学工程与工艺,吉林大学珠海学院,--,367,福建,理科,2017,第二批,加入对比 ,16
通信工程,吉林大学珠海学院,--,385,福建,理科,2017,第二批,加入对比 ,16
材料科学与工程,吉林大学珠海学院,--,376,福建,理科,2017,第二批,加入对比 ,16
中药学,吉林大学珠海学院,--,386,福建,理科,2017,第二批,加入对比 ,16
食品质量与安全,吉林大学珠海学院,--,378,福建,理科,2017,第二批,加入对比 ,16
朝鲜语,吉林大学珠海学院,--,378,福建,理科,2017,第二批,加入对比 ,16
计算机科学与技术,吉林大学珠海学院,--,383,福建,理科,2017,第二批,加入对比 ,16
信息管理与信息系统,吉林大学珠海学院,--,379,福建,理科,2017,第二批,加入对比 ,16
车辆工程,吉林大学珠海学院,--,394,福建,理科,2017,第二批,加入对比 ,16
建筑学,吉林大学珠海学院,--,406,福建,理科,2017,第二批,加入对比 ,16
英语,吉林大学珠海学院,--,416,福建,理科,2017,第二批,加入对比 ,16
会计学,吉林大学珠海学院,--,399,福建,理科,2017,第二批,加入对比 ,16
金融学,吉林大学珠海学院,--,408,福建,理科,2017,第二批,加入对比 ,16
朝鲜语,吉林大学珠海学院,--,457,福建,文科,2017,第二批,加入对比 ,16
会计学,吉林大学珠海学院,--,456,福建,文科,2017,第二批,加入对比 ,16
地质工程,吉林大学,--,611,山东,理科,2017,第一批,加入对比 ,16
农林经济管理,吉林大学,--,612,山东,理科,2017,第一批,加入对比 ,16
资源勘查工程,吉林大学,--,612,山东,理科,2017,第一批,加入对比 ,16
测绘工程,吉林大学,--,612,山东,理科,2017,第一批,加入对比 ,16
道路桥梁与渡河工程,吉林大学,--,612,山东,理科,2017,第一批,加入对比 ,16
地理科学,吉林大学,--,612,山东,理科,2017,第一批,加入对比 ,16
无机非金属材料工程,吉林大学,--,613,山东,理科,2017,第一批,加入对比 ,16
汽车服务工程,吉林大学,--,613,山东,理科,2017,第一批,加入对比 ,16
工业工程,吉林大学,--,615,山东,理科,2017,第一批,加入对比 ,16
土地资源管理,吉林大学,--,616,山东,理科,2017,第一批,加入对比 ,16
信息管理与信息系统,吉林大学,--,616,山东,理科,2017,第一批,加入对比 ,16
农业机械化及其自动化,吉林大学,--,616,山东,理科,2017,第一批,加入对比 ,16
食品质量与安全,吉林大学,--,617,山东,理科,2017,第一批,加入对比 ,16
包装工程,吉林大学,--,617,山东,理科,2017,第一批,加入对比 ,16
化学工程与工艺,吉林大学,--,617,山东,理科,2017,第一批,加入对比 ,16
地球物理学,吉林大学,--,618,山东,理科,2017,第一批,加入对比 ,16
物流工程,吉林大学,--,619,山东,理科,2017,第一批,加入对比 ,16
生物工程,吉林大学,--,619,山东,理科,2017,第一批,加入对比 ,16
广告学,吉林大学,--,619,山东,理科,2017,第一批,加入对比 ,16
档案学,吉林大学,--,620,山东,理科,2017,第一批,加入对比 ,16
工商管理,吉林大学,--,620,山东,理科,2017,第一批,加入对比 ,16
生物医学工程,吉林大学,--,620,山东,理科,2017,第一批,加入对比 ,16
土木工程,吉林大学,--,620,山东,理科,2017,第一批,加入对比 ,16
光电信息科学与工程,吉林大学,--,620,山东,理科,2017,第一批,加入对比 ,16
工程力学,吉林大学,--,620,山东,理科,2017,第一批,加入对比 ,16
水利类,吉林大学,--,621,山东,理科,2017,第一批,加入对比 ,16
信息工程,吉林大学,--,621,山东,理科,2017,第一批,加入对比 ,16
地质学,吉林大学,--,621,山东,理科,2017,第一批,加入对比 ,16
日语,吉林大学,--,621,山东,理科,2017,第一批,加入对比 ,16
交通运输,吉林大学,--,622,山东,理科,2017,第一批,加入对比 ,16
通信工程,吉林大学,--,622,山东,理科,2017,第一批,加入对比 ,16
工程管理,吉林大学,--,623,山东,理科,2017,第一批,加入对比 ,16
材料成型及控制工程,吉林大学,--,623,山东,理科,2017,第一批,加入对比 ,16
英语,吉林大学,--,623,山东,理科,2017,第一批,加入对比 ,16
微电子科学与工程,吉林大学,--,624,山东,理科,2017,第一批,加入对比 ,16
环境科学与工程类,吉林大学,--,625,山东,理科,2017,第一批,加入对比 ,16
自动化,吉林大学,--,625,山东,理科,2017,第一批,加入对比 ,16
高分子材料与工程,吉林大学,--,625,山东,理科,2017,第一批,加入对比 ,16
应用物理学,吉林大学,--,625,山东,理科,2017,第一批,加入对比 ,16
预防医学,吉林大学,--,626,山东,理科,2017,第一批,加入对比 ,16
放射医学,吉林大学,--,626,山东,理科,2017,第一批,加入对比 ,16
交通工程,吉林大学,--,627,山东,理科,2017,第一批,加入对比 ,16
电子信息工程,吉林大学,--,627,山东,理科,2017,第一批,加入对比 ,16
能源与动力工程,吉林大学,--,627,山东,理科,2017,第一批,加入对比 ,16
统计学,吉林大学,--,627,山东,理科,2017,第一批,加入对比 ,16
化学,吉林大学,--,627,山东,理科,2017,第一批,加入对比 ,16
物理学类,吉林大学,--,627,山东,理科,2017,第一批,加入对比 ,16
信息与计算科学,吉林大学,--,629,山东,理科,2017,第一批,加入对比 ,16
经济学,吉林大学,--,629,山东,理科,2017,第一批,加入对比 ,16
数学与应用数学,吉林大学,--,630,山东,理科,2017,第一批,加入对比 ,16
金融数学,吉林大学,--,630,山东,理科,2017,第一批,加入对比 ,16
电气工程及其自动化,吉林大学,--,631,山东,理科,2017,第一批,加入对比 ,16
机械工程,吉林大学,--,632,山东,理科,2017,第一批,加入对比 ,16
法学,吉林大学,--,632,山东,理科,2017,第一批,加入对比 ,16
财政学类,吉林大学,--,633,山东,理科,2017,第一批,加入对比 ,16
核物理,吉林大学,--,639,山东,理科,2017,第一批,加入对比 ,16
金融学,吉林大学,--,639,山东,理科,2017,第一批,加入对比 ,16
车辆工程,吉林大学,--,642,山东,理科,2017,第一批,加入对比 ,16
无机非金属材料工程,吉林大学,--,577,湖北,理科,2017,第一批,加入对比 ,16
预防医学,吉林大学,--,585,湖北,理科,2017,第一批,加入对比 ,16
包装工程,吉林大学,--,588,湖北,理科,2017,第一批,加入对比 ,16
道路桥梁与渡河工程,吉林大学,--,588,湖北,理科,2017,第一批,加入对比 ,16
工业工程,吉林大学,--,590,湖北,理科,2017,第一批,加入对比 ,16
工程管理,吉林大学,--,590,湖北,理科,2017,第一批,加入对比 ,16
康复治疗学,吉林大学,--,590,湖北,理科,2017,第一批,加入对比 ,16
生物技术,吉林大学,--,590,湖北,理科,2017,第一批,加入对比 ,16
物流工程,吉林大学,--,591,湖北,理科,2017,第一批,加入对比 ,16
食品科学与工程,吉林大学,--,591,湖北,理科,2017,第一批,加入对比 ,16
生物医学工程,吉林大学,--,591,湖北,理科,2017,第一批,加入对比 ,16
广告学,吉林大学,--,591,湖北,理科,2017,第一批,加入对比 ,16
工商管理,吉林大学,--,592,湖北,理科,2017,第一批,加入对比 ,16
物联网工程,吉林大学,--,593,湖北,理科,2017,第一批,加入对比 ,16
生物制药,吉林大学,--,594,湖北,理科,2017,第一批,加入对比 ,16
环境科学与工程类,吉林大学,--,594,湖北,理科,2017,第一批,加入对比 ,16
水利类,吉林大学,--,594,湖北,理科,2017,第一批,加入对比 ,16
土木工程,吉林大学,--,594,湖北,理科,2017,第一批,加入对比 ,16
自动化,吉林大学,--,594,湖北,理科,2017,第一批,加入对比 ,16
材料物理,吉林大学,--,594,湖北,理科,2017,第一批,加入对比 ,16
信息工程,吉林大学,--,595,湖北,理科,2017,第一批,加入对比 ,16
电子信息工程,吉林大学,--,595,湖北,理科,2017,第一批,加入对比 ,16
地球物理学,吉林大学,--,595,湖北,理科,2017,第一批,加入对比 ,16
能源与动力工程,吉林大学,--,596,湖北,理科,2017,第一批,加入对比 ,16
金融数学,吉林大学,--,596,湖北,理科,2017,第一批,加入对比 ,16
微电子科学与工程,吉林大学,--,597,湖北,理科,2017,第一批,加入对比 ,16
测控技术与仪器,吉林大学,--,597,湖北,理科,2017,第一批,加入对比 ,16
应用物理学,吉林大学,--,597,湖北,理科,2017,第一批,加入对比 ,16
物理学,吉林大学,--,597,湖北,理科,2017,第一批,加入对比 ,16
信息管理与信息系统,吉林大学,--,598,湖北,理科,2017,第一批,加入对比 ,16
材料科学与工程,吉林大学,--,598,湖北,理科,2017,第一批,加入对比 ,16
电气工程及其自动化,吉林大学,--,599,湖北,理科,2017,第一批,加入对比 ,16
数学与应用数学,吉林大学,--,599,湖北,理科,2017,第一批,加入对比 ,16
法学,吉林大学,--,599,湖北,理科,2017,第一批,加入对比 ,16
金融学,吉林大学,--,599,湖北,理科,2017,第一批,加入对比 ,16
通信工程,吉林大学,--,600,湖北,理科,2017,第一批,加入对比 ,16
资源勘查工程,吉林大学,--,601,湖北,理科,2017,第一批,加入对比 ,16
机械工程,吉林大学,--,603,湖北,理科,2017,第一批,加入对比 ,16
软件工程,吉林大学,--,604,湖北,理科,2017,第一批,加入对比 ,16
金融学,吉林大学珠海学院,--,408,福建,理科,2017,第二批,加入对比 ,17
朝鲜语,吉林大学珠海学院,--,457,福建,文科,2017,第二批,加入对比 ,17
会计学,吉林大学珠海学院,--,456,福建,文科,2017,第二批,加入对比 ,17
地质工程,吉林大学,--,611,山东,理科,2017,第一批,加入对比 ,17
农林经济管理,吉林大学,--,612,山东,理科,2017,第一批,加入对比 ,17
资源勘查工程,吉林大学,--,612,山东,理科,2017,第一批,加入对比 ,17
测绘工程,吉林大学,--,612,山东,理科,2017,第一批,加入对比 ,17
道路桥梁与渡河工程,吉林大学,--,612,山东,理科,2017,第一批,加入对比 ,17
地理科学,吉林大学,--,612,山东,理科,2017,第一批,加入对比 ,17
无机非金属材料工程,吉林大学,--,613,山东,理科,2017,第一批,加入对比 ,17
汽车服务工程,吉林大学,--,613,山东,理科,2017,第一批,加入对比 ,17
工业工程,吉林大学,--,615,山东,理科,2017,第一批,加入对比 ,17
土地资源管理,吉林大学,--,616,山东,理科,2017,第一批,加入对比 ,17
信息管理与信息系统,吉林大学,--,616,山东,理科,2017,第一批,加入对比 ,17
农业机械化及其自动化,吉林大学,--,616,山东,理科,2017,第一批,加入对比 ,17
食品质量与安全,吉林大学,--,617,山东,理科,2017,第一批,加入对比 ,17
包装工程,吉林大学,--,617,山东,理科,2017,第一批,加入对比 ,17
化学工程与工艺,吉林大学,--,617,山东,理科,2017,第一批,加入对比 ,17
地球物理学,吉林大学,--,618,山东,理科,2017,第一批,加入对比 ,17
物流工程,吉林大学,--,619,山东,理科,2017,第一批,加入对比 ,17
生物工程,吉林大学,--,619,山东,理科,2017,第一批,加入对比 ,17
广告学,吉林大学,--,619,山东,理科,2017,第一批,加入对比 ,17
档案学,吉林大学,--,620,山东,理科,2017,第一批,加入对比 ,17
工商管理,吉林大学,--,620,山东,理科,2017,第一批,加入对比 ,17
生物医学工程,吉林大学,--,620,山东,理科,2017,第一批,加入对比 ,17
土木工程,吉林大学,--,620,山东,理科,2017,第一批,加入对比 ,17
光电信息科学与工程,吉林大学,--,620,山东,理科,2017,第一批,加入对比 ,17
工程力学,吉林大学,--,620,山东,理科,2017,第一批,加入对比 ,17
水利类,吉林大学,--,621,山东,理科,2017,第一批,加入对比 ,17
信息工程,吉林大学,--,621,山东,理科,2017,第一批,加入对比 ,17
地质学,吉林大学,--,621,山东,理科,2017,第一批,加入对比 ,17
日语,吉林大学,--,621,山东,理科,2017,第一批,加入对比 ,17
交通运输,吉林大学,--,622,山东,理科,2017,第一批,加入对比 ,17
通信工程,吉林大学,--,622,山东,理科,2017,第一批,加入对比 ,17
工程管理,吉林大学,--,623,山东,理科,2017,第一批,加入对比 ,17
材料成型及控制工程,吉林大学,--,623,山东,理科,2017,第一批,加入对比 ,17
英语,吉林大学,--,623,山东,理科,2017,第一批,加入对比 ,17
微电子科学与工程,吉林大学,--,624,山东,理科,2017,第一批,加入对比 ,17
环境科学与工程类,吉林大学,--,625,山东,理科,2017,第一批,加入对比 ,17
自动化,吉林大学,--,625,山东,理科,2017,第一批,加入对比 ,17
高分子材料与工程,吉林大学,--,625,山东,理科,2017,第一批,加入对比 ,17
应用物理学,吉林大学,--,625,山东,理科,2017,第一批,加入对比 ,17
预防医学,吉林大学,--,626,山东,理科,2017,第一批,加入对比 ,17
放射医学,吉林大学,--,626,山东,理科,2017,第一批,加入对比 ,17
交通工程,吉林大学,--,627,山东,理科,2017,第一批,加入对比 ,17
电子信息工程,吉林大学,--,627,山东,理科,2017,第一批,加入对比 ,17
能源与动力工程,吉林大学,--,627,山东,理科,2017,第一批,加入对比 ,17
统计学,吉林大学,--,627,山东,理科,2017,第一批,加入对比 ,17
化学,吉林大学,--,627,山东,理科,2017,第一批,加入对比 ,17
物理学类,吉林大学,--,627,山东,理科,2017,第一批,加入对比 ,17
信息与计算科学,吉林大学,--,629,山东,理科,2017,第一批,加入对比 ,17
经济学,吉林大学,--,629,山东,理科,2017,第一批,加入对比 ,17
数学与应用数学,吉林大学,--,630,山东,理科,2017,第一批,加入对比 ,17
金融数学,吉林大学,--,630,山东,理科,2017,第一批,加入对比 ,17
电气工程及其自动化,吉林大学,--,631,山东,理科,2017,第一批,加入对比 ,17
机械工程,吉林大学,--,632,山东,理科,2017,第一批,加入对比 ,17
法学,吉林大学,--,632,山东,理科,2017,第一批,加入对比 ,17
财政学类,吉林大学,--,633,山东,理科,2017,第一批,加入对比 ,17
核物理,吉林大学,--,639,山东,理科,2017,第一批,加入对比 ,17
金融学,吉林大学,--,639,山东,理科,2017,第一批,加入对比 ,17
车辆工程,吉林大学,--,642,山东,理科,2017,第一批,加入对比 ,17
无机非金属材料工程,吉林大学,--,577,湖北,理科,2017,第一批,加入对比 ,17
预防医学,吉林大学,--,585,湖北,理科,2017,第一批,加入对比 ,17
包装工程,吉林大学,--,588,湖北,理科,2017,第一批,加入对比 ,17
道路桥梁与渡河工程,吉林大学,--,588,湖北,理科,2017,第一批,加入对比 ,17
工业工程,吉林大学,--,590,湖北,理科,2017,第一批,加入对比 ,17
工程管理,吉林大学,--,590,湖北,理科,2017,第一批,加入对比 ,17
康复治疗学,吉林大学,--,590,湖北,理科,2017,第一批,加入对比 ,17
生物技术,吉林大学,--,590,湖北,理科,2017,第一批,加入对比 ,17
物流工程,吉林大学,--,591,湖北,理科,2017,第一批,加入对比 ,17
食品科学与工程,吉林大学,--,591,湖北,理科,2017,第一批,加入对比 ,17
生物医学工程,吉林大学,--,591,湖北,理科,2017,第一批,加入对比 ,17
广告学,吉林大学,--,591,湖北,理科,2017,第一批,加入对比 ,17
工商管理,吉林大学,--,592,湖北,理科,2017,第一批,加入对比 ,17
物联网工程,吉林大学,--,593,湖北,理科,2017,第一批,加入对比 ,17
生物制药,吉林大学,--,594,湖北,理科,2017,第一批,加入对比 ,17
环境科学与工程类,吉林大学,--,594,湖北,理科,2017,第一批,加入对比 ,17
水利类,吉林大学,--,594,湖北,理科,2017,第一批,加入对比 ,17
土木工程,吉林大学,--,594,湖北,理科,2017,第一批,加入对比 ,17
自动化,吉林大学,--,594,湖北,理科,2017,第一批,加入对比 ,17
材料物理,吉林大学,--,594,湖北,理科,2017,第一批,加入对比 ,17
信息工程,吉林大学,--,595,湖北,理科,2017,第一批,加入对比 ,17
电子信息工程,吉林大学,--,595,湖北,理科,2017,第一批,加入对比 ,17
地球物理学,吉林大学,--,595,湖北,理科,2017,第一批,加入对比 ,17
能源与动力工程,吉林大学,--,596,湖北,理科,2017,第一批,加入对比 ,17
金融数学,吉林大学,--,596,湖北,理科,2017,第一批,加入对比 ,17
微电子科学与工程,吉林大学,--,597,湖北,理科,2017,第一批,加入对比 ,17
测控技术与仪器,吉林大学,--,597,湖北,理科,2017,第一批,加入对比 ,17
应用物理学,吉林大学,--,597,湖北,理科,2017,第一批,加入对比 ,17
物理学,吉林大学,--,597,湖北,理科,2017,第一批,加入对比 ,17
信息管理与信息系统,吉林大学,--,598,湖北,理科,2017,第一批,加入对比 ,17
材料科学与工程,吉林大学,--,598,湖北,理科,2017,第一批,加入对比 ,17
电气工程及其自动化,吉林大学,--,599,湖北,理科,2017,第一批,加入对比 ,17
数学与应用数学,吉林大学,--,599,湖北,理科,2017,第一批,加入对比 ,17
法学,吉林大学,--,599,湖北,理科,2017,第一批,加入对比 ,17
金融学,吉林大学,--,599,湖北,理科,2017,第一批,加入对比 ,17
通信工程,吉林大学,--,600,湖北,理科,2017,第一批,加入对比 ,17
资源勘查工程,吉林大学,--,601,湖北,理科,2017,第一批,加入对比 ,17
机械工程,吉林大学,--,603,湖北,理科,2017,第一批,加入对比 ,17
软件工程,吉林大学,--,604,湖北,理科,2017,第一批,加入对比 ,17
土木工程,吉林大学,--,620,山东,理科,2017,第一批,加入对比 ,18
光电信息科学与工程,吉林大学,--,620,山东,理科,2017,第一批,加入对比 ,18
工程力学,吉林大学,--,620,山东,理科,2017,第一批,加入对比 ,18
水利类,吉林大学,--,621,山东,理科,2017,第一批,加入对比 ,18
信息工程,吉林大学,--,621,山东,理科,2017,第一批,加入对比 ,18
地质学,吉林大学,--,621,山东,理科,2017,第一批,加入对比 ,18
日语,吉林大学,--,621,山东,理科,2017,第一批,加入对比 ,18
交通运输,吉林大学,--,622,山东,理科,2017,第一批,加入对比 ,18
通信工程,吉林大学,--,622,山东,理科,2017,第一批,加入对比 ,18
工程管理,吉林大学,--,623,山东,理科,2017,第一批,加入对比 ,18
材料成型及控制工程,吉林大学,--,623,山东,理科,2017,第一批,加入对比 ,18
英语,吉林大学,--,623,山东,理科,2017,第一批,加入对比 ,18
微电子科学与工程,吉林大学,--,624,山东,理科,2017,第一批,加入对比 ,18
环境科学与工程类,吉林大学,--,625,山东,理科,2017,第一批,加入对比 ,18
自动化,吉林大学,--,625,山东,理科,2017,第一批,加入对比 ,18
高分子材料与工程,吉林大学,--,625,山东,理科,2017,第一批,加入对比 ,18
应用物理学,吉林大学,--,625,山东,理科,2017,第一批,加入对比 ,18
预防医学,吉林大学,--,626,山东,理科,2017,第一批,加入对比 ,18
放射医学,吉林大学,--,626,山东,理科,2017,第一批,加入对比 ,18
交通工程,吉林大学,--,627,山东,理科,2017,第一批,加入对比 ,18
电子信息工程,吉林大学,--,627,山东,理科,2017,第一批,加入对比 ,18
能源与动力工程,吉林大学,--,627,山东,理科,2017,第一批,加入对比 ,18
统计学,吉林大学,--,627,山东,理科,2017,第一批,加入对比 ,18
化学,吉林大学,--,627,山东,理科,2017,第一批,加入对比 ,18
物理学类,吉林大学,--,627,山东,理科,2017,第一批,加入对比 ,18
信息与计算科学,吉林大学,--,629,山东,理科,2017,第一批,加入对比 ,18
经济学,吉林大学,--,629,山东,理科,2017,第一批,加入对比 ,18
数学与应用数学,吉林大学,--,630,山东,理科,2017,第一批,加入对比 ,18
金融数学,吉林大学,--,630,山东,理科,2017,第一批,加入对比 ,18
电气工程及其自动化,吉林大学,--,631,山东,理科,2017,第一批,加入对比 ,18
机械工程,吉林大学,--,632,山东,理科,2017,第一批,加入对比 ,18
法学,吉林大学,--,632,山东,理科,2017,第一批,加入对比 ,18
财政学类,吉林大学,--,633,山东,理科,2017,第一批,加入对比 ,18
核物理,吉林大学,--,639,山东,理科,2017,第一批,加入对比 ,18
金融学,吉林大学,--,639,山东,理科,2017,第一批,加入对比 ,18
车辆工程,吉林大学,--,642,山东,理科,2017,第一批,加入对比 ,18
无机非金属材料工程,吉林大学,--,577,湖北,理科,2017,第一批,加入对比 ,18
预防医学,吉林大学,--,585,湖北,理科,2017,第一批,加入对比 ,18
包装工程,吉林大学,--,588,湖北,理科,2017,第一批,加入对比 ,18
道路桥梁与渡河工程,吉林大学,--,588,湖北,理科,2017,第一批,加入对比 ,18
工业工程,吉林大学,--,590,湖北,理科,2017,第一批,加入对比 ,18
工程管理,吉林大学,--,590,湖北,理科,2017,第一批,加入对比 ,18
康复治疗学,吉林大学,--,590,湖北,理科,2017,第一批,加入对比 ,18
生物技术,吉林大学,--,590,湖北,理科,2017,第一批,加入对比 ,18
物流工程,吉林大学,--,591,湖北,理科,2017,第一批,加入对比 ,18
食品科学与工程,吉林大学,--,591,湖北,理科,2017,第一批,加入对比 ,18
生物医学工程,吉林大学,--,591,湖北,理科,2017,第一批,加入对比 ,18
广告学,吉林大学,--,591,湖北,理科,2017,第一批,加入对比 ,18
工商管理,吉林大学,--,592,湖北,理科,2017,第一批,加入对比 ,18
物联网工程,吉林大学,--,593,湖北,理科,2017,第一批,加入对比 ,18
生物制药,吉林大学,--,594,湖北,理科,2017,第一批,加入对比 ,18
环境科学与工程类,吉林大学,--,594,湖北,理科,2017,第一批,加入对比 ,18
水利类,吉林大学,--,594,湖北,理科,2017,第一批,加入对比 ,18
土木工程,吉林大学,--,594,湖北,理科,2017,第一批,加入对比 ,18
自动化,吉林大学,--,594,湖北,理科,2017,第一批,加入对比 ,18
材料物理,吉林大学,--,594,湖北,理科,2017,第一批,加入对比 ,18
信息工程,吉林大学,--,595,湖北,理科,2017,第一批,加入对比 ,18
电子信息工程,吉林大学,--,595,湖北,理科,2017,第一批,加入对比 ,18
地球物理学,吉林大学,--,595,湖北,理科,2017,第一批,加入对比 ,18
能源与动力工程,吉林大学,--,596,湖北,理科,2017,第一批,加入对比 ,18
金融数学,吉林大学,--,596,湖北,理科,2017,第一批,加入对比 ,18
微电子科学与工程,吉林大学,--,597,湖北,理科,2017,第一批,加入对比 ,18
测控技术与仪器,吉林大学,--,597,湖北,理科,2017,第一批,加入对比 ,18
应用物理学,吉林大学,--,597,湖北,理科,2017,第一批,加入对比 ,18
物理学,吉林大学,--,597,湖北,理科,2017,第一批,加入对比 ,18
信息管理与信息系统,吉林大学,--,598,湖北,理科,2017,第一批,加入对比 ,18
材料科学与工程,吉林大学,--,598,湖北,理科,2017,第一批,加入对比 ,18
电气工程及其自动化,吉林大学,--,599,湖北,理科,2017,第一批,加入对比 ,18
数学与应用数学,吉林大学,--,599,湖北,理科,2017,第一批,加入对比 ,18
法学,吉林大学,--,599,湖北,理科,2017,第一批,加入对比 ,18
金融学,吉林大学,--,599,湖北,理科,2017,第一批,加入对比 ,18
通信工程,吉林大学,--,600,湖北,理科,2017,第一批,加入对比 ,18
资源勘查工程,吉林大学,--,601,湖北,理科,2017,第一批,加入对比 ,18
机械工程,吉林大学,--,603,湖北,理科,2017,第一批,加入对比 ,18
软件工程,吉林大学,--,604,湖北,理科,2017,第一批,加入对比 ,18
信息与计算科学,吉林大学,--,629,山东,理科,2017,第一批,加入对比 ,19
经济学,吉林大学,--,629,山东,理科,2017,第一批,加入对比 ,19
数学与应用数学,吉林大学,--,630,山东,理科,2017,第一批,加入对比 ,19
金融数学,吉林大学,--,630,山东,理科,2017,第一批,加入对比 ,19
电气工程及其自动化,吉林大学,--,631,山东,理科,2017,第一批,加入对比 ,19
机械工程,吉林大学,--,632,山东,理科,2017,第一批,加入对比 ,19
法学,吉林大学,--,632,山东,理科,2017,第一批,加入对比 ,19
财政学类,吉林大学,--,633,山东,理科,2017,第一批,加入对比 ,19
核物理,吉林大学,--,639,山东,理科,2017,第一批,加入对比 ,19
金融学,吉林大学,--,639,山东,理科,2017,第一批,加入对比 ,19
车辆工程,吉林大学,--,642,山东,理科,2017,第一批,加入对比 ,19
无机非金属材料工程,吉林大学,--,577,湖北,理科,2017,第一批,加入对比 ,19
预防医学,吉林大学,--,585,湖北,理科,2017,第一批,加入对比 ,19
包装工程,吉林大学,--,588,湖北,理科,2017,第一批,加入对比 ,19
道路桥梁与渡河工程,吉林大学,--,588,湖北,理科,2017,第一批,加入对比 ,19
工业工程,吉林大学,--,590,湖北,理科,2017,第一批,加入对比 ,19
工程管理,吉林大学,--,590,湖北,理科,2017,第一批,加入对比 ,19
康复治疗学,吉林大学,--,590,湖北,理科,2017,第一批,加入对比 ,19
生物技术,吉林大学,--,590,湖北,理科,2017,第一批,加入对比 ,19
物流工程,吉林大学,--,591,湖北,理科,2017,第一批,加入对比 ,19
食品科学与工程,吉林大学,--,591,湖北,理科,2017,第一批,加入对比 ,19
生物医学工程,吉林大学,--,591,湖北,理科,2017,第一批,加入对比 ,19
广告学,吉林大学,--,591,湖北,理科,2017,第一批,加入对比 ,19
工商管理,吉林大学,--,592,湖北,理科,2017,第一批,加入对比 ,19
物联网工程,吉林大学,--,593,湖北,理科,2017,第一批,加入对比 ,19
生物制药,吉林大学,--,594,湖北,理科,2017,第一批,加入对比 ,19
环境科学与工程类,吉林大学,--,594,湖北,理科,2017,第一批,加入对比 ,19
水利类,吉林大学,--,594,湖北,理科,2017,第一批,加入对比 ,19
土木工程,吉林大学,--,594,湖北,理科,2017,第一批,加入对比 ,19
自动化,吉林大学,--,594,湖北,理科,2017,第一批,加入对比 ,19
材料物理,吉林大学,--,594,湖北,理科,2017,第一批,加入对比 ,19
信息工程,吉林大学,--,595,湖北,理科,2017,第一批,加入对比 ,19
电子信息工程,吉林大学,--,595,湖北,理科,2017,第一批,加入对比 ,19
地球物理学,吉林大学,--,595,湖北,理科,2017,第一批,加入对比 ,19
能源与动力工程,吉林大学,--,596,湖北,理科,2017,第一批,加入对比 ,19
金融数学,吉林大学,--,596,湖北,理科,2017,第一批,加入对比 ,19
微电子科学与工程,吉林大学,--,597,湖北,理科,2017,第一批,加入对比 ,19
测控技术与仪器,吉林大学,--,597,湖北,理科,2017,第一批,加入对比 ,19
应用物理学,吉林大学,--,597,湖北,理科,2017,第一批,加入对比 ,19
物理学,吉林大学,--,597,湖北,理科,2017,第一批,加入对比 ,19
信息管理与信息系统,吉林大学,--,598,湖北,理科,2017,第一批,加入对比 ,19
材料科学与工程,吉林大学,--,598,湖北,理科,2017,第一批,加入对比 ,19
电气工程及其自动化,吉林大学,--,599,湖北,理科,2017,第一批,加入对比 ,19
数学与应用数学,吉林大学,--,599,湖北,理科,2017,第一批,加入对比 ,19
法学,吉林大学,--,599,湖北,理科,2017,第一批,加入对比 ,19
金融学,吉林大学,--,599,湖北,理科,2017,第一批,加入对比 ,19
通信工程,吉林大学,--,600,湖北,理科,2017,第一批,加入对比 ,19
资源勘查工程,吉林大学,--,601,湖北,理科,2017,第一批,加入对比 ,19
机械工程,吉林大学,--,603,湖北,理科,2017,第一批,加入对比 ,19
软件工程,吉林大学,--,604,湖北,理科,2017,第一批,加入对比 ,19
生物制药,吉林大学,--,594,湖北,理科,2017,第一批,加入对比 ,20
环境科学与工程类,吉林大学,--,594,湖北,理科,2017,第一批,加入对比 ,20
水利类,吉林大学,--,594,湖北,理科,2017,第一批,加入对比 ,20
土木工程,吉林大学,--,594,湖北,理科,2017,第一批,加入对比 ,20
自动化,吉林大学,--,594,湖北,理科,2017,第一批,加入对比 ,20
材料物理,吉林大学,--,594,湖北,理科,2017,第一批,加入对比 ,20
信息工程,吉林大学,--,595,湖北,理科,2017,第一批,加入对比 ,20
电子信息工程,吉林大学,--,595,湖北,理科,2017,第一批,加入对比 ,20
地球物理学,吉林大学,--,595,湖北,理科,2017,第一批,加入对比 ,20
能源与动力工程,吉林大学,--,596,湖北,理科,2017,第一批,加入对比 ,20
金融数学,吉林大学,--,596,湖北,理科,2017,第一批,加入对比 ,20
微电子科学与工程,吉林大学,--,597,湖北,理科,2017,第一批,加入对比 ,20
测控技术与仪器,吉林大学,--,597,湖北,理科,2017,第一批,加入对比 ,20
应用物理学,吉林大学,--,597,湖北,理科,2017,第一批,加入对比 ,20
物理学,吉林大学,--,597,湖北,理科,2017,第一批,加入对比 ,20
信息管理与信息系统,吉林大学,--,598,湖北,理科,2017,第一批,加入对比 ,20
材料科学与工程,吉林大学,--,598,湖北,理科,2017,第一批,加入对比 ,20
电气工程及其自动化,吉林大学,--,599,湖北,理科,2017,第一批,加入对比 ,20
数学与应用数学,吉林大学,--,599,湖北,理科,2017,第一批,加入对比 ,20
法学,吉林大学,--,599,湖北,理科,2017,第一批,加入对比 ,20
金融学,吉林大学,--,599,湖北,理科,2017,第一批,加入对比 ,20
通信工程,吉林大学,--,600,湖北,理科,2017,第一批,加入对比 ,20
资源勘查工程,吉林大学,--,601,湖北,理科,2017,第一批,加入对比 ,20
机械工程,吉林大学,--,603,湖北,理科,2017,第一批,加入对比 ,20
软件工程,吉林大学,--,604,湖北,理科,2017,第一批,加入对比 ,20
化学,吉林大学,--,607,湖北,理科,2017,第一批,加入对比 ,21
计算机科学与技术,吉林大学,--,608,湖北,理科,2017,第一批,加入对比 ,21
应用化学,吉林大学,--,608,湖北,理科,2017,第一批,加入对比 ,21
车辆工程,吉林大学,--,609,湖北,理科,2017,第一批,加入对比 ,21
农业机械化及其自动化,吉林大学,--,585,湖南,理科,2017,第一批,加入对比 ,21
广告学,吉林大学,--,585,湖南,理科,2017,第一批,加入对比 ,21
档案学,吉林大学,--,589,湖南,理科,2017,第一批,加入对比 ,21
信息管理与信息系统,吉林大学,--,589,湖南,理科,2017,第一批,加入对比 ,21
食品质量与安全,吉林大学,--,589,湖南,理科,2017,第一批,加入对比 ,21
能源与动力工程,吉林大学,--,589,湖南,理科,2017,第一批,加入对比 ,21
工程力学,吉林大学,--,589,湖南,理科,2017,第一批,加入对比 ,21
统计学,吉林大学,--,589,湖南,理科,2017,第一批,加入对比 ,21
工商管理,吉林大学,--,590,湖南,理科,2017,第一批,加入对比 ,21
信息与计算科学,吉林大学,--,591,湖南,理科,2017,第一批,加入对比 ,21
交通工程,吉林大学,--,592,湖南,理科,2017,第一批,加入对比 ,21
自动化,吉林大学,--,592,湖南,理科,2017,第一批,加入对比 ,21
土木工程,吉林大学,--,593,湖南,理科,2017,第一批,加入对比 ,21
汽车服务工程,吉林大学,--,593,湖南,理科,2017,第一批,加入对比 ,21
经济学,吉林大学,--,593,湖南,理科,2017,第一批,加入对比 ,21
会计学,吉林大学,--,594,湖南,理科,2017,第一批,加入对比 ,21
资源勘查工程,吉林大学,--,594,湖南,理科,2017,第一批,加入对比 ,21
高分子材料与工程,吉林大学,--,594,湖南,理科,2017,第一批,加入对比 ,21
英语,吉林大学,--,594,湖南,理科,2017,第一批,加入对比 ,21
金融学,吉林大学,--,594,湖南,理科,2017,第一批,加入对比 ,21
计算机科学与技术,吉林大学,--,597,湖南,理科,2017,第一批,加入对比 ,21
通信工程,吉林大学,--,598,湖南,理科,2017,第一批,加入对比 ,22
材料科学与工程,吉林大学,--,598,湖南,理科,2017,第一批,加入对比 ,22
机械工程,吉林大学,--,598,湖南,理科,2017,第一批,加入对比 ,22
软件工程,吉林大学,--,601,湖南,理科,2017,第一批,加入对比 ,22
化学,吉林大学,--,601,湖南,理科,2017,第一批,加入对比 ,22
车辆工程,吉林大学,--,604,湖南,理科,2017,第一批,加入对比 ,22
物理学,吉林大学,--,605,湖南,理科,2017,第一批,加入对比 ,22
法学,吉林大学,--,612,湖南,理科,2017,第一批,加入对比 ,22
地质工程,吉林大学,--,549,广东,理科,2017,第一批,加入对比 ,22
勘查技术与工程,吉林大学,--,550,广东,理科,2017,第一批,加入对比 ,22
物流工程,吉林大学,--,551,广东,理科,2017,第一批,加入对比 ,22
工程力学,吉林大学,--,552,广东,理科,2017,第一批,加入对比 ,22
土地资源管理,吉林大学,--,554,广东,理科,2017,第一批,加入对比 ,22
食品科学与工程,吉林大学,--,554,广东,理科,2017,第一批,加入对比 ,22
测控技术与仪器,吉林大学,--,554,广东,理科,2017,第一批,加入对比 ,22
交通运输,吉林大学,--,556,广东,理科,2017,第一批,加入对比 ,22
工业工程,吉林大学,--,557,广东,理科,2017,第一批,加入对比 ,22
放射医学,吉林大学,--,557,广东,理科,2017,第一批,加入对比 ,22
交通工程,吉林大学,--,557,广东,理科,2017,第一批,加入对比 ,22
无机非金属材料工程,吉林大学,--,557,广东,理科,2017,第一批,加入对比 ,22
临床药学,吉林大学,--,558,广东,理科,2017,第一批,加入对比 ,22
地质学,吉林大学,--,558,广东,理科,2017,第一批,加入对比 ,22
生物医学工程,吉林大学,--,559,广东,理科,2017,第一批,加入对比 ,22
道路桥梁与渡河工程,吉林大学,--,559,广东,理科,2017,第一批,加入对比 ,22
土木工程,吉林大学,--,559,广东,理科,2017,第一批,加入对比 ,22
信息工程,吉林大学,--,559,广东,理科,2017,第一批,加入对比 ,22
通信工程,吉林大学,--,559,广东,理科,2017,第一批,加入对比 ,22
汽车服务工程,吉林大学,--,559,广东,理科,2017,第一批,加入对比 ,22
微电子科学与工程,吉林大学,--,561,广东,理科,2017,第一批,加入对比 ,22
电子科学与技术,吉林大学,--,561,广东,理科,2017,第一批,加入对比 ,22
信息管理与信息系统,吉林大学,--,562,广东,理科,2017,第一批,加入对比 ,22
生物制药,吉林大学,--,562,广东,理科,2017,第一批,加入对比 ,22
能源与动力工程,吉林大学,--,562,广东,理科,2017,第一批,加入对比 ,22
材料成型及控制工程,吉林大学,--,563,广东,理科,2017,第一批,加入对比 ,22
应用化学,吉林大学,--,565,广东,理科,2017,第一批,加入对比 ,22
工商管理,吉林大学,--,566,广东,理科,2017,第一批,加入对比 ,22
电气工程及其自动化,吉林大学,--,566,广东,理科,2017,第一批,加入对比 ,22
环境科学与工程类,吉林大学,--,568,广东,理科,2017,第一批,加入对比 ,22
机械工程,吉林大学,--,568,广东,理科,2017,第一批,加入对比 ,22
软件工程,吉林大学,--,569,广东,理科,2017,第一批,加入对比 ,22
财政学,吉林大学,--,569,广东,理科,2017,第一批,加入对比 ,22
经济学,吉林大学,--,569,广东,理科,2017,第一批,加入对比 ,22
自动化,吉林大学,--,570,广东,理科,2017,第一批,加入对比 ,22
会计学,吉林大学,--,571,广东,理科,2017,第一批,加入对比 ,22
物联网工程,吉林大学,--,571,广东,理科,2017,第一批,加入对比 ,22
金融数学,吉林大学,--,572,广东,理科,2017,第一批,加入对比 ,22
生物工程,吉林大学,--,575,广东,理科,2017,第一批,加入对比 ,22
计算机科学与技术,吉林大学,--,575,广东,理科,2017,第一批,加入对比 ,22
法学,吉林大学,--,575,广东,理科,2017,第一批,加入对比 ,22
统计学,吉林大学,--,576,广东,理科,2017,第一批,加入对比 ,22
信息工程,吉林大学,--,559,广东,理科,2017,第一批,加入对比 ,23
通信工程,吉林大学,--,559,广东,理科,2017,第一批,加入对比 ,23
汽车服务工程,吉林大学,--,559,广东,理科,2017,第一批,加入对比 ,23
微电子科学与工程,吉林大学,--,561,广东,理科,2017,第一批,加入对比 ,23
电子科学与技术,吉林大学,--,561,广东,理科,2017,第一批,加入对比 ,23
信息管理与信息系统,吉林大学,--,562,广东,理科,2017,第一批,加入对比 ,23
生物制药,吉林大学,--,562,广东,理科,2017,第一批,加入对比 ,23
能源与动力工程,吉林大学,--,562,广东,理科,2017,第一批,加入对比 ,23
材料成型及控制工程,吉林大学,--,563,广东,理科,2017,第一批,加入对比 ,23
应用化学,吉林大学,--,565,广东,理科,2017,第一批,加入对比 ,23
工商管理,吉林大学,--,566,广东,理科,2017,第一批,加入对比 ,23
电气工程及其自动化,吉林大学,--,566,广东,理科,2017,第一批,加入对比 ,23
环境科学与工程类,吉林大学,--,568,广东,理科,2017,第一批,加入对比 ,23
机械工程,吉林大学,--,568,广东,理科,2017,第一批,加入对比 ,23
软件工程,吉林大学,--,569,广东,理科,2017,第一批,加入对比 ,23
财政学,吉林大学,--,569,广东,理科,2017,第一批,加入对比 ,23
经济学,吉林大学,--,569,广东,理科,2017,第一批,加入对比 ,23
自动化,吉林大学,--,570,广东,理科,2017,第一批,加入对比 ,23
会计学,吉林大学,--,571,广东,理科,2017,第一批,加入对比 ,23
物联网工程,吉林大学,--,571,广东,理科,2017,第一批,加入对比 ,23
金融数学,吉林大学,--,572,广东,理科,2017,第一批,加入对比 ,23
生物工程,吉林大学,--,575,广东,理科,2017,第一批,加入对比 ,23
计算机科学与技术,吉林大学,--,575,广东,理科,2017,第一批,加入对比 ,23
法学,吉林大学,--,575,广东,理科,2017,第一批,加入对比 ,23
统计学,吉林大学,--,576,广东,理科,2017,第一批,加入对比 ,23
车辆工程,吉林大学,--,578,广东,理科,2017,第一批,加入对比 ,23
金融学,吉林大学,--,581,广东,理科,2017,第一批,加入对比 ,23
物理学,吉林大学,--,586,广东,理科,2017,第一批,加入对比 ,23
化学,吉林大学,--,592,广东,理科,2017,第一批,加入对比 ,23
外交学,吉林大学,--,576,广东,文科,2017,第一批,加入对比 ,23
汽车服务工程,吉林大学珠海学院,--,429,广东,理科,2017,第二批,加入对比 ,23
微电子科学与工程,吉林大学珠海学院,--,427,广东,理科,2017,第二批,加入对比 ,23
测控技术与仪器,吉林大学珠海学院,--,427,广东,理科,2017,第二批,加入对比 ,23
物流工程,吉林大学珠海学院,--,429,广东,理科,2017,第二批,加入对比 ,23
工业工程,吉林大学珠海学院,--,439,广东,理科,2017,第二批,加入对比 ,23
车辆工程,吉林大学珠海学院,--,451,广东,理科,2017,第二批,加入对比 ,23
材料科学与工程,吉林大学珠海学院,--,434,广东,理科,2017,第二批,加入对比 ,23
药物制剂,吉林大学珠海学院,--,459,广东,理科,2017,第二批,加入对比 ,23
化学工程与工艺,吉林大学珠海学院,--,455,广东,理科,2017,第二批,加入对比 ,23
应用化学,吉林大学珠海学院,--,459,广东,理科,2017,第二批,加入对比 ,23
自动化,吉林大学珠海学院,--,461,广东,理科,2017,第二批,加入对比 ,23
制药工程,吉林大学珠海学院,--,439,广东,理科,2017,第二批,加入对比 ,23
机械设计制造及其自动化,吉林大学珠海学院,--,455,广东,理科,2017,第二批,加入对比 ,23
信息管理与信息系统,吉林大学珠海学院,--,458,广东,理科,2017,第二批,加入对比 ,23
中药学,吉林大学珠海学院,--,448,广东,理科,2017,第二批,加入对比 ,23
网络工程,吉林大学珠海学院,--,477,广东,理科,2017,第二批,加入对比 ,23
投资学,吉林大学珠海学院,--,457,广东,理科,2017,第二批,加入对比 ,23
城乡规划,吉林大学珠海学院,--,445,广东,理科,2017,第二批,加入对比 ,23
日语,吉林大学珠海学院,--,451,广东,理科,2017,第二批,加入对比 ,23
计算机科学与技术,吉林大学珠海学院,--,470,广东,理科,2017,第二批,加入对比 ,23
工商管理,吉林大学珠海学院,--,483,广东,理科,2017,第二批,加入对比 ,23
建筑学,吉林大学珠海学院,--,474,广东,理科,2017,第二批,加入对比 ,23
软件工程,吉林大学珠海学院,--,474,广东,理科,2017,第二批,加入对比 ,23
英语,吉林大学珠海学院,--,477,广东,理科,2017,第二批,加入对比 ,23
会计学,吉林大学珠海学院,--,480,广东,理科,2017,第二批,加入对比 ,23
广告学,吉林大学珠海学院,--,466,广东,理科,2017,第二批,加入对比 ,23
金融学,吉林大学珠海学院,--,475,广东,理科,2017,第二批,加入对比 ,23
朝鲜语,吉林大学珠海学院,--,502,广东,文科,2017,第二批,加入对比 ,23
汉语国际教育,吉林大学珠海学院,--,483,广东,文科,2017,第二批,加入对比 ,23
工商管理,吉林大学珠海学院,--,489,广东,文科,2017,第二批,加入对比 ,23
广告学,吉林大学珠海学院,--,492,广东,文科,2017,第二批,加入对比 ,23
汉语言文学,吉林大学珠海学院,--,501,广东,文科,2017,第二批,加入对比 ,23
日语,吉林大学珠海学院,--,523,广东,文科,2017,第二批,加入对比 ,23
会计学,吉林大学珠海学院,--,507,广东,文科,2017,第二批,加入对比 ,23
金融学,吉林大学珠海学院,--,495,广东,文科,2017,第二批,加入对比 ,23
英语,吉林大学珠海学院,--,526,广东,文科,2017,第二批,加入对比 ,23
土木工程,吉林大学,--,601,重庆,理科,2017,第一批,加入对比 ,23
食品质量与安全,吉林大学,--,592,重庆,理科,2017,第一批,加入对比 ,23
测控技术与仪器,吉林大学,--,597,重庆,理科,2017,第一批,加入对比 ,23
水利类,吉林大学,--,609,重庆,理科,2017,第一批,加入对比 ,23
汽车服务工程,吉林大学,--,597,重庆,理科,2017,第一批,加入对比 ,23
地质工程,吉林大学,--,600,重庆,理科,2017,第一批,加入对比 ,23
信息管理与信息系统,吉林大学,--,611,重庆,理科,2017,第一批,加入对比 ,23
哲学,吉林大学,--,596,重庆,文科,2017,第一批,加入对比 ,23
通信工程,吉林大学,--,601,重庆,理科,2017,第一批,加入对比 ,23
车辆工程,吉林大学,--,578,广东,理科,2017,第一批,加入对比 ,24
金融学,吉林大学,--,581,广东,理科,2017,第一批,加入对比 ,24
物理学,吉林大学,--,586,广东,理科,2017,第一批,加入对比 ,24
化学,吉林大学,--,592,广东,理科,2017,第一批,加入对比 ,24
外交学,吉林大学,--,576,广东,文科,2017,第一批,加入对比 ,24
汽车服务工程,吉林大学珠海学院,--,429,广东,理科,2017,第二批,加入对比 ,24
微电子科学与工程,吉林大学珠海学院,--,427,广东,理科,2017,第二批,加入对比 ,24
测控技术与仪器,吉林大学珠海学院,--,427,广东,理科,2017,第二批,加入对比 ,24
物流工程,吉林大学珠海学院,--,429,广东,理科,2017,第二批,加入对比 ,24
工业工程,吉林大学珠海学院,--,439,广东,理科,2017,第二批,加入对比 ,24
车辆工程,吉林大学珠海学院,--,451,广东,理科,2017,第二批,加入对比 ,24
材料科学与工程,吉林大学珠海学院,--,434,广东,理科,2017,第二批,加入对比 ,24
药物制剂,吉林大学珠海学院,--,459,广东,理科,2017,第二批,加入对比 ,24
化学工程与工艺,吉林大学珠海学院,--,455,广东,理科,2017,第二批,加入对比 ,24
应用化学,吉林大学珠海学院,--,459,广东,理科,2017,第二批,加入对比 ,24
自动化,吉林大学珠海学院,--,461,广东,理科,2017,第二批,加入对比 ,24
制药工程,吉林大学珠海学院,--,439,广东,理科,2017,第二批,加入对比 ,24
机械设计制造及其自动化,吉林大学珠海学院,--,455,广东,理科,2017,第二批,加入对比 ,24
信息管理与信息系统,吉林大学珠海学院,--,458,广东,理科,2017,第二批,加入对比 ,24
中药学,吉林大学珠海学院,--,448,广东,理科,2017,第二批,加入对比 ,24
网络工程,吉林大学珠海学院,--,477,广东,理科,2017,第二批,加入对比 ,24
投资学,吉林大学珠海学院,--,457,广东,理科,2017,第二批,加入对比 ,24
城乡规划,吉林大学珠海学院,--,445,广东,理科,2017,第二批,加入对比 ,24
日语,吉林大学珠海学院,--,451,广东,理科,2017,第二批,加入对比 ,24
计算机科学与技术,吉林大学珠海学院,--,470,广东,理科,2017,第二批,加入对比 ,24
工商管理,吉林大学珠海学院,--,483,广东,理科,2017,第二批,加入对比 ,24
建筑学,吉林大学珠海学院,--,474,广东,理科,2017,第二批,加入对比 ,24
软件工程,吉林大学珠海学院,--,474,广东,理科,2017,第二批,加入对比 ,24
英语,吉林大学珠海学院,--,477,广东,理科,2017,第二批,加入对比 ,24
会计学,吉林大学珠海学院,--,480,广东,理科,2017,第二批,加入对比 ,24
广告学,吉林大学珠海学院,--,466,广东,理科,2017,第二批,加入对比 ,24
金融学,吉林大学珠海学院,--,475,广东,理科,2017,第二批,加入对比 ,24
朝鲜语,吉林大学珠海学院,--,502,广东,文科,2017,第二批,加入对比 ,24
汉语国际教育,吉林大学珠海学院,--,483,广东,文科,2017,第二批,加入对比 ,24
工商管理,吉林大学珠海学院,--,489,广东,文科,2017,第二批,加入对比 ,24
广告学,吉林大学珠海学院,--,492,广东,文科,2017,第二批,加入对比 ,24
汉语言文学,吉林大学珠海学院,--,501,广东,文科,2017,第二批,加入对比 ,24
日语,吉林大学珠海学院,--,523,广东,文科,2017,第二批,加入对比 ,24
会计学,吉林大学珠海学院,--,507,广东,文科,2017,第二批,加入对比 ,24
金融学,吉林大学珠海学院,--,495,广东,文科,2017,第二批,加入对比 ,24
英语,吉林大学珠海学院,--,526,广东,文科,2017,第二批,加入对比 ,24
土木工程,吉林大学,--,601,重庆,理科,2017,第一批,加入对比 ,24
食品质量与安全,吉林大学,--,592,重庆,理科,2017,第一批,加入对比 ,24
测控技术与仪器,吉林大学,--,597,重庆,理科,2017,第一批,加入对比 ,24
水利类,吉林大学,--,609,重庆,理科,2017,第一批,加入对比 ,24
汽车服务工程,吉林大学,--,597,重庆,理科,2017,第一批,加入对比 ,24
地质工程,吉林大学,--,600,重庆,理科,2017,第一批,加入对比 ,24
信息管理与信息系统,吉林大学,--,611,重庆,理科,2017,第一批,加入对比 ,24
哲学,吉林大学,--,596,重庆,文科,2017,第一批,加入对比 ,24
通信工程,吉林大学,--,601,重庆,理科,2017,第一批,加入对比 ,24
交通运输,吉林大学,--,604,重庆,理科,2017,第一批,加入对比 ,24
自动化,吉林大学,--,603,重庆,理科,2017,第一批,加入对比 ,24
日语,吉林大学,--,600,重庆,文科,2017,第一批,加入对比 ,24
金融学,吉林大学,--,602,重庆,文科,2017,第一批,加入对比 ,24
材料成型及控制工程,吉林大学,--,603,重庆,理科,2017,第一批,加入对比 ,24
道路桥梁与渡河工程,吉林大学,--,602,重庆,理科,2017,第一批,加入对比 ,24
计算机科学与技术,吉林大学,--,603,重庆,理科,2017,第一批,加入对比 ,24
生物医学工程,吉林大学,--,605,重庆,理科,2017,第一批,加入对比 ,24
软件工程,吉林大学,--,612,重庆,理科,2017,第一批,加入对比 ,24
外交学,吉林大学,--,612,重庆,文科,2017,第一批,加入对比 ,24
会计学,吉林大学,--,609,重庆,理科,2017,第一批,加入对比 ,24
法学,吉林大学,--,608,重庆,文科,2017,第一批,加入对比 ,24
能源与动力工程,吉林大学,--,615,重庆,理科,2017,第一批,加入对比 ,24
物理学,吉林大学,--,610,重庆,理科,2017,第一批,加入对比 ,24
信息与计算科学,吉林大学,--,620,重庆,理科,2017,第一批,加入对比 ,24
法学,吉林大学,--,615,重庆,理科,2017,第一批,加入对比 ,24
车辆工程,吉林大学,--,626,重庆,理科,2017,第一批,加入对比 ,24
化学,吉林大学,--,623,重庆,理科,2017,第一批,加入对比 ,24
药物制剂,吉林大学珠海学院,--,426,重庆,理科,2017,第二批,加入对比 ,24
应用化学,吉林大学珠海学院,--,428,重庆,理科,2017,第二批,加入对比 ,24
投资学,吉林大学珠海学院,--,432,重庆,理科,2017,第二批,加入对比 ,24
制药工程,吉林大学珠海学院,--,447,重庆,理科,2017,第二批,加入对比 ,24
车辆工程,吉林大学珠海学院,--,436,重庆,理科,2017,第二批,加入对比 ,24
机械设计制造及其自动化,吉林大学珠海学院,--,441,重庆,理科,2017,第二批,加入对比 ,24
计算机科学与技术,吉林大学珠海学院,--,452,重庆,理科,2017,第二批,加入对比 ,24
会计学,吉林大学珠海学院,--,460,重庆,理科,2017,第二批,加入对比 ,24
金融学,吉林大学珠海学院,--,459,重庆,理科,2017,第二批,加入对比 ,24
软件工程,吉林大学珠海学院,--,455,重庆,理科,2017,第二批,加入对比 ,24
外交学,吉林大学,--,599,四川,文科,2017,第一批,加入对比 ,24
西班牙语,吉林大学,--,598,四川,文科,2017,第一批,加入对比 ,24
交通工程,吉林大学,--,600,四川,理科,2017,第一批,加入对比 ,24
生物医学工程,吉林大学,--,603,四川,理科,2017,第一批,加入对比 ,24
工程管理,吉林大学,--,603,四川,理科,2017,第一批,加入对比 ,24
测控技术与仪器,吉林大学,--,615,四川,理科,2017,第一批,加入对比 ,24
能源与动力工程,吉林大学,--,606,四川,理科,2017,第一批,加入对比 ,24
工商管理,吉林大学,--,607,四川,理科,2017,第一批,加入对比 ,24
通信工程,吉林大学,--,607,四川,理科,2017,第一批,加入对比 ,24
电子科学与技术,吉林大学,--,613,四川,理科,2017,第一批,加入对比 ,24
食品科学与工程,吉林大学,--,612,四川,理科,2017,第一批,加入对比 ,24
机械工程,吉林大学,--,607,四川,理科,2017,第一批,加入对比 ,24
生物制药,吉林大学,--,607,四川,理科,2017,第一批,加入对比 ,24
金融学,吉林大学,--,605,四川,文科,2017,第一批,加入对比 ,24
软件工程,吉林大学,--,616,四川,理科,2017,第一批,加入对比 ,24
统计学,吉林大学,--,613,四川,理科,2017,第一批,加入对比 ,24
物理学,吉林大学,--,626,四川,理科,2017,第一批,加入对比 ,24
法学,吉林大学,--,613,四川,文科,2017,第一批,加入对比 ,24
信息与计算科学,吉林大学,--,616,四川,理科,2017,第一批,加入对比 ,24
物联网工程,吉林大学,--,619,四川,理科,2017,第一批,加入对比 ,24
车辆工程,吉林大学,--,615,四川,理科,2017,第一批,加入对比 ,24
金融学,吉林大学,--,613,四川,理科,2017,第一批,加入对比 ,24
工商管理,吉林大学珠海学院,--,483,广东,理科,2017,第二批,加入对比 ,25
建筑学,吉林大学珠海学院,--,474,广东,理科,2017,第二批,加入对比 ,25
软件工程,吉林大学珠海学院,--,474,广东,理科,2017,第二批,加入对比 ,25
英语,吉林大学珠海学院,--,477,广东,理科,2017,第二批,加入对比 ,25
会计学,吉林大学珠海学院,--,480,广东,理科,2017,第二批,加入对比 ,25
广告学,吉林大学珠海学院,--,466,广东,理科,2017,第二批,加入对比 ,25
金融学,吉林大学珠海学院,--,475,广东,理科,2017,第二批,加入对比 ,25
朝鲜语,吉林大学珠海学院,--,502,广东,文科,2017,第二批,加入对比 ,25
汉语国际教育,吉林大学珠海学院,--,483,广东,文科,2017,第二批,加入对比 ,25
工商管理,吉林大学珠海学院,--,489,广东,文科,2017,第二批,加入对比 ,25
广告学,吉林大学珠海学院,--,492,广东,文科,2017,第二批,加入对比 ,25
汉语言文学,吉林大学珠海学院,--,501,广东,文科,2017,第二批,加入对比 ,25
日语,吉林大学珠海学院,--,523,广东,文科,2017,第二批,加入对比 ,25
会计学,吉林大学珠海学院,--,507,广东,文科,2017,第二批,加入对比 ,25
金融学,吉林大学珠海学院,--,495,广东,文科,2017,第二批,加入对比 ,25
英语,吉林大学珠海学院,--,526,广东,文科,2017,第二批,加入对比 ,25
土木工程,吉林大学,--,601,重庆,理科,2017,第一批,加入对比 ,25
食品质量与安全,吉林大学,--,592,重庆,理科,2017,第一批,加入对比 ,25
测控技术与仪器,吉林大学,--,597,重庆,理科,2017,第一批,加入对比 ,25
水利类,吉林大学,--,609,重庆,理科,2017,第一批,加入对比 ,25
汽车服务工程,吉林大学,--,597,重庆,理科,2017,第一批,加入对比 ,25
地质工程,吉林大学,--,600,重庆,理科,2017,第一批,加入对比 ,25
信息管理与信息系统,吉林大学,--,611,重庆,理科,2017,第一批,加入对比 ,25
哲学,吉林大学,--,596,重庆,文科,2017,第一批,加入对比 ,25
通信工程,吉林大学,--,601,重庆,理科,2017,第一批,加入对比 ,25
交通运输,吉林大学,--,604,重庆,理科,2017,第一批,加入对比 ,25
自动化,吉林大学,--,603,重庆,理科,2017,第一批,加入对比 ,25
日语,吉林大学,--,600,重庆,文科,2017,第一批,加入对比 ,25
金融学,吉林大学,--,602,重庆,文科,2017,第一批,加入对比 ,25
材料成型及控制工程,吉林大学,--,603,重庆,理科,2017,第一批,加入对比 ,25
道路桥梁与渡河工程,吉林大学,--,602,重庆,理科,2017,第一批,加入对比 ,25
计算机科学与技术,吉林大学,--,603,重庆,理科,2017,第一批,加入对比 ,25
生物医学工程,吉林大学,--,605,重庆,理科,2017,第一批,加入对比 ,25
软件工程,吉林大学,--,612,重庆,理科,2017,第一批,加入对比 ,25
外交学,吉林大学,--,612,重庆,文科,2017,第一批,加入对比 ,25
会计学,吉林大学,--,609,重庆,理科,2017,第一批,加入对比 ,25
法学,吉林大学,--,608,重庆,文科,2017,第一批,加入对比 ,25
能源与动力工程,吉林大学,--,615,重庆,理科,2017,第一批,加入对比 ,25
物理学,吉林大学,--,610,重庆,理科,2017,第一批,加入对比 ,25
信息与计算科学,吉林大学,--,620,重庆,理科,2017,第一批,加入对比 ,25
法学,吉林大学,--,615,重庆,理科,2017,第一批,加入对比 ,25
车辆工程,吉林大学,--,626,重庆,理科,2017,第一批,加入对比 ,25
化学,吉林大学,--,623,重庆,理科,2017,第一批,加入对比 ,25
药物制剂,吉林大学珠海学院,--,426,重庆,理科,2017,第二批,加入对比 ,25
应用化学,吉林大学珠海学院,--,428,重庆,理科,2017,第二批,加入对比 ,25
投资学,吉林大学珠海学院,--,432,重庆,理科,2017,第二批,加入对比 ,25
制药工程,吉林大学珠海学院,--,447,重庆,理科,2017,第二批,加入对比 ,25
车辆工程,吉林大学珠海学院,--,436,重庆,理科,2017,第二批,加入对比 ,25
机械设计制造及其自动化,吉林大学珠海学院,--,441,重庆,理科,2017,第二批,加入对比 ,25
计算机科学与技术,吉林大学珠海学院,--,452,重庆,理科,2017,第二批,加入对比 ,25
会计学,吉林大学珠海学院,--,460,重庆,理科,2017,第二批,加入对比 ,25
金融学,吉林大学珠海学院,--,459,重庆,理科,2017,第二批,加入对比 ,25
软件工程,吉林大学珠海学院,--,455,重庆,理科,2017,第二批,加入对比 ,25
外交学,吉林大学,--,599,四川,文科,2017,第一批,加入对比 ,25
西班牙语,吉林大学,--,598,四川,文科,2017,第一批,加入对比 ,25
交通工程,吉林大学,--,600,四川,理科,2017,第一批,加入对比 ,25
生物医学工程,吉林大学,--,603,四川,理科,2017,第一批,加入对比 ,25
工程管理,吉林大学,--,603,四川,理科,2017,第一批,加入对比 ,25
测控技术与仪器,吉林大学,--,615,四川,理科,2017,第一批,加入对比 ,25
能源与动力工程,吉林大学,--,606,四川,理科,2017,第一批,加入对比 ,25
工商管理,吉林大学,--,607,四川,理科,2017,第一批,加入对比 ,25
通信工程,吉林大学,--,607,四川,理科,2017,第一批,加入对比 ,25
电子科学与技术,吉林大学,--,613,四川,理科,2017,第一批,加入对比 ,25
食品科学与工程,吉林大学,--,612,四川,理科,2017,第一批,加入对比 ,25
机械工程,吉林大学,--,607,四川,理科,2017,第一批,加入对比 ,25
生物制药,吉林大学,--,607,四川,理科,2017,第一批,加入对比 ,25
金融学,吉林大学,--,605,四川,文科,2017,第一批,加入对比 ,25
软件工程,吉林大学,--,616,四川,理科,2017,第一批,加入对比 ,25
统计学,吉林大学,--,613,四川,理科,2017,第一批,加入对比 ,25
物理学,吉林大学,--,626,四川,理科,2017,第一批,加入对比 ,25
法学,吉林大学,--,613,四川,文科,2017,第一批,加入对比 ,25
信息与计算科学,吉林大学,--,616,四川,理科,2017,第一批,加入对比 ,25
物联网工程,吉林大学,--,619,四川,理科,2017,第一批,加入对比 ,25
车辆工程,吉林大学,--,615,四川,理科,2017,第一批,加入对比 ,25
金融学,吉林大学,--,613,四川,理科,2017,第一批,加入对比 ,25
临床药学,吉林大学,--,615,四川,理科,2017,第一批,加入对比 ,25
法学,吉林大学,--,620,四川,理科,2017,第一批,加入对比 ,25
化学,吉林大学,--,628,四川,理科,2017,第一批,加入对比 ,25
化学工程与工艺,吉林大学珠海学院,--,480,四川,理科,2017,第二批,加入对比 ,25
机械设计制造及其自动化,吉林大学珠海学院,--,486,四川,理科,2017,第二批,加入对比 ,25
制药工程,吉林大学珠海学院,--,486,四川,理科,2017,第二批,加入对比 ,25
金融学,吉林大学珠海学院,--,492,四川,理科,2017,第二批,加入对比 ,25
会计学,吉林大学珠海学院,--,500,四川,理科,2017,第二批,加入对比 ,25
软件工程,吉林大学珠海学院,--,499,四川,理科,2017,第二批,加入对比 ,25
会计学,吉林大学珠海学院,--,530,四川,文科,2017,第二批,加入对比 ,25
金融学,吉林大学珠海学院,--,533,四川,文科,2017,第二批,加入对比 ,25
测绘工程,吉林大学,--,565,陕西,理科,2017,第一批,加入对比 ,25
资源勘查工程,吉林大学,--,570,陕西,理科,2017,第一批,加入对比 ,25
工程管理,吉林大学,--,567,陕西,理科,2017,第一批,加入对比 ,25
地质工程,吉林大学,--,572,陕西,理科,2017,第一批,加入对比 ,25
农业机械化及其自动化,吉林大学,--,568,陕西,理科,2017,第一批,加入对比 ,25
档案学,吉林大学,--,570,陕西,理科,2017,第一批,加入对比 ,25
材料物理,吉林大学,--,572,陕西,理科,2017,第一批,加入对比 ,25
测控技术与仪器,吉林大学,--,579,陕西,理科,2017,第一批,加入对比 ,25
交通运输,吉林大学,--,575,陕西,理科,2017,第一批,加入对比 ,25
生物技术,吉林大学,--,583,陕西,理科,2017,第一批,加入对比 ,25
材料科学与工程,吉林大学,--,582,陕西,理科,2017,第一批,加入对比 ,25
微电子科学与工程,吉林大学,--,587,陕西,理科,2017,第一批,加入对比 ,25
土木工程,吉林大学,--,589,陕西,理科,2017,第一批,加入对比 ,25
自动化,吉林大学,--,585,陕西,理科,2017,第一批,加入对比 ,25
物理学,吉林大学,--,591,陕西,理科,2017,第一批,加入对比 ,25
信息管理与信息系统,吉林大学,--,583,陕西,理科,2017,第一批,加入对比 ,25
信息工程,吉林大学,--,579,陕西,理科,2017,第一批,加入对比 ,25
预防医学,吉林大学,--,587,陕西,理科,2017,第一批,加入对比 ,25
工商管理,吉林大学,--,586,陕西,理科,2017,第一批,加入对比 ,25
电气工程及其自动化,吉林大学,--,589,陕西,理科,2017,第一批,加入对比 ,25
通信工程,吉林大学,--,595,陕西,理科,2017,第一批,加入对比 ,25
计算机科学与技术,吉林大学,--,597,陕西,理科,2017,第一批,加入对比 ,25
软件工程,吉林大学,--,604,陕西,理科,2017,第一批,加入对比 ,25
机械工程,吉林大学,--,599,陕西,理科,2017,第一批,加入对比 ,25
信息与计算科学,吉林大学,--,589,陕西,理科,2017,第一批,加入对比 ,25
经济学,吉林大学,--,592,陕西,理科,2017,第一批,加入对比 ,25
会计学,吉林大学,--,601,陕西,理科,2017,第一批,加入对比 ,25
化学,吉林大学,--,603,陕西,理科,2017,第一批,加入对比 ,25
金融学,吉林大学,--,598,陕西,理科,2017,第一批,加入对比 ,25
西班牙语,吉林大学,--,603,陕西,文科,2017,第一批,加入对比 ,25
社会学,吉林大学,--,603,陕西,文科,2017,第一批,加入对比 ,25
法学,吉林大学,--,602,陕西,理科,2017,第一批,加入对比 ,25
英语,吉林大学,--,603,陕西,文科,2017,第一批,加入对比 ,25
车辆工程,吉林大学,--,620,陕西,理科,2017,第一批,加入对比 ,25
政治学与行政学,吉林大学,--,604,陕西,文科,2017,第一批,加入对比 ,25
考古学,吉林大学,--,614,陕西,文科,2017,第一批,加入对比 ,25
法学,吉林大学,--,615,陕西,文科,2017,第一批,加入对比 ,25
金融学,吉林大学,--,613,陕西,文科,2017,第一批,加入对比 ,25
建筑学,吉林大学珠海学院,--,388,陕西,理科,2017,第三批,加入对比 ,25
交通运输,吉林大学,--,604,重庆,理科,2017,第一批,加入对比 ,26
自动化,吉林大学,--,603,重庆,理科,2017,第一批,加入对比 ,26
日语,吉林大学,--,600,重庆,文科,2017,第一批,加入对比 ,26
金融学,吉林大学,--,602,重庆,文科,2017,第一批,加入对比 ,26
材料成型及控制工程,吉林大学,--,603,重庆,理科,2017,第一批,加入对比 ,26
道路桥梁与渡河工程,吉林大学,--,602,重庆,理科,2017,第一批,加入对比 ,26
计算机科学与技术,吉林大学,--,603,重庆,理科,2017,第一批,加入对比 ,26
生物医学工程,吉林大学,--,605,重庆,理科,2017,第一批,加入对比 ,26
软件工程,吉林大学,--,612,重庆,理科,2017,第一批,加入对比 ,26
外交学,吉林大学,--,612,重庆,文科,2017,第一批,加入对比 ,26
会计学,吉林大学,--,609,重庆,理科,2017,第一批,加入对比 ,26
法学,吉林大学,--,608,重庆,文科,2017,第一批,加入对比 ,26
能源与动力工程,吉林大学,--,615,重庆,理科,2017,第一批,加入对比 ,26
物理学,吉林大学,--,610,重庆,理科,2017,第一批,加入对比 ,26
信息与计算科学,吉林大学,--,620,重庆,理科,2017,第一批,加入对比 ,26
法学,吉林大学,--,615,重庆,理科,2017,第一批,加入对比 ,26
车辆工程,吉林大学,--,626,重庆,理科,2017,第一批,加入对比 ,26
化学,吉林大学,--,623,重庆,理科,2017,第一批,加入对比 ,26
药物制剂,吉林大学珠海学院,--,426,重庆,理科,2017,第二批,加入对比 ,26
应用化学,吉林大学珠海学院,--,428,重庆,理科,2017,第二批,加入对比 ,26
投资学,吉林大学珠海学院,--,432,重庆,理科,2017,第二批,加入对比 ,26
制药工程,吉林大学珠海学院,--,447,重庆,理科,2017,第二批,加入对比 ,26
车辆工程,吉林大学珠海学院,--,436,重庆,理科,2017,第二批,加入对比 ,26
机械设计制造及其自动化,吉林大学珠海学院,--,441,重庆,理科,2017,第二批,加入对比 ,26
计算机科学与技术,吉林大学珠海学院,--,452,重庆,理科,2017,第二批,加入对比 ,26
会计学,吉林大学珠海学院,--,460,重庆,理科,2017,第二批,加入对比 ,26
金融学,吉林大学珠海学院,--,459,重庆,理科,2017,第二批,加入对比 ,26
软件工程,吉林大学珠海学院,--,455,重庆,理科,2017,第二批,加入对比 ,26
外交学,吉林大学,--,599,四川,文科,2017,第一批,加入对比 ,26
西班牙语,吉林大学,--,598,四川,文科,2017,第一批,加入对比 ,26
交通工程,吉林大学,--,600,四川,理科,2017,第一批,加入对比 ,26
生物医学工程,吉林大学,--,603,四川,理科,2017,第一批,加入对比 ,26
工程管理,吉林大学,--,603,四川,理科,2017,第一批,加入对比 ,26
测控技术与仪器,吉林大学,--,615,四川,理科,2017,第一批,加入对比 ,26
能源与动力工程,吉林大学,--,606,四川,理科,2017,第一批,加入对比 ,26
工商管理,吉林大学,--,607,四川,理科,2017,第一批,加入对比 ,26
通信工程,吉林大学,--,607,四川,理科,2017,第一批,加入对比 ,26
电子科学与技术,吉林大学,--,613,四川,理科,2017,第一批,加入对比 ,26
食品科学与工程,吉林大学,--,612,四川,理科,2017,第一批,加入对比 ,26
机械工程,吉林大学,--,607,四川,理科,2017,第一批,加入对比 ,26
生物制药,吉林大学,--,607,四川,理科,2017,第一批,加入对比 ,26
金融学,吉林大学,--,605,四川,文科,2017,第一批,加入对比 ,26
软件工程,吉林大学,--,616,四川,理科,2017,第一批,加入对比 ,26
统计学,吉林大学,--,613,四川,理科,2017,第一批,加入对比 ,26
物理学,吉林大学,--,626,四川,理科,2017,第一批,加入对比 ,26
法学,吉林大学,--,613,四川,文科,2017,第一批,加入对比 ,26
信息与计算科学,吉林大学,--,616,四川,理科,2017,第一批,加入对比 ,26
物联网工程,吉林大学,--,619,四川,理科,2017,第一批,加入对比 ,26
车辆工程,吉林大学,--,615,四川,理科,2017,第一批,加入对比 ,26
金融学,吉林大学,--,613,四川,理科,2017,第一批,加入对比 ,26
临床药学,吉林大学,--,615,四川,理科,2017,第一批,加入对比 ,26
法学,吉林大学,--,620,四川,理科,2017,第一批,加入对比 ,26
化学,吉林大学,--,628,四川,理科,2017,第一批,加入对比 ,26
化学工程与工艺,吉林大学珠海学院,--,480,四川,理科,2017,第二批,加入对比 ,26
机械设计制造及其自动化,吉林大学珠海学院,--,486,四川,理科,2017,第二批,加入对比 ,26
制药工程,吉林大学珠海学院,--,486,四川,理科,2017,第二批,加入对比 ,26
金融学,吉林大学珠海学院,--,492,四川,理科,2017,第二批,加入对比 ,26
会计学,吉林大学珠海学院,--,500,四川,理科,2017,第二批,加入对比 ,26
软件工程,吉林大学珠海学院,--,499,四川,理科,2017,第二批,加入对比 ,26
会计学,吉林大学珠海学院,--,530,四川,文科,2017,第二批,加入对比 ,26
金融学,吉林大学珠海学院,--,533,四川,文科,2017,第二批,加入对比 ,26
测绘工程,吉林大学,--,565,陕西,理科,2017,第一批,加入对比 ,26
资源勘查工程,吉林大学,--,570,陕西,理科,2017,第一批,加入对比 ,26
工程管理,吉林大学,--,567,陕西,理科,2017,第一批,加入对比 ,26
地质工程,吉林大学,--,572,陕西,理科,2017,第一批,加入对比 ,26
农业机械化及其自动化,吉林大学,--,568,陕西,理科,2017,第一批,加入对比 ,26
档案学,吉林大学,--,570,陕西,理科,2017,第一批,加入对比 ,26
材料物理,吉林大学,--,572,陕西,理科,2017,第一批,加入对比 ,26
测控技术与仪器,吉林大学,--,579,陕西,理科,2017,第一批,加入对比 ,26
交通运输,吉林大学,--,575,陕西,理科,2017,第一批,加入对比 ,26
生物技术,吉林大学,--,583,陕西,理科,2017,第一批,加入对比 ,26
材料科学与工程,吉林大学,--,582,陕西,理科,2017,第一批,加入对比 ,26
微电子科学与工程,吉林大学,--,587,陕西,理科,2017,第一批,加入对比 ,26
土木工程,吉林大学,--,589,陕西,理科,2017,第一批,加入对比 ,26
自动化,吉林大学,--,585,陕西,理科,2017,第一批,加入对比 ,26
物理学,吉林大学,--,591,陕西,理科,2017,第一批,加入对比 ,26
信息管理与信息系统,吉林大学,--,583,陕西,理科,2017,第一批,加入对比 ,26
信息工程,吉林大学,--,579,陕西,理科,2017,第一批,加入对比 ,26
预防医学,吉林大学,--,587,陕西,理科,2017,第一批,加入对比 ,26
工商管理,吉林大学,--,586,陕西,理科,2017,第一批,加入对比 ,26
电气工程及其自动化,吉林大学,--,589,陕西,理科,2017,第一批,加入对比 ,26
通信工程,吉林大学,--,595,陕西,理科,2017,第一批,加入对比 ,26
计算机科学与技术,吉林大学,--,597,陕西,理科,2017,第一批,加入对比 ,26
软件工程,吉林大学,--,604,陕西,理科,2017,第一批,加入对比 ,26
机械工程,吉林大学,--,599,陕西,理科,2017,第一批,加入对比 ,26
信息与计算科学,吉林大学,--,589,陕西,理科,2017,第一批,加入对比 ,26
经济学,吉林大学,--,592,陕西,理科,2017,第一批,加入对比 ,26
会计学,吉林大学,--,601,陕西,理科,2017,第一批,加入对比 ,26
化学,吉林大学,--,603,陕西,理科,2017,第一批,加入对比 ,26
金融学,吉林大学,--,598,陕西,理科,2017,第一批,加入对比 ,26
西班牙语,吉林大学,--,603,陕西,文科,2017,第一批,加入对比 ,26
社会学,吉林大学,--,603,陕西,文科,2017,第一批,加入对比 ,26
法学,吉林大学,--,602,陕西,理科,2017,第一批,加入对比 ,26
英语,吉林大学,--,603,陕西,文科,2017,第一批,加入对比 ,26
车辆工程,吉林大学,--,620,陕西,理科,2017,第一批,加入对比 ,26
政治学与行政学,吉林大学,--,604,陕西,文科,2017,第一批,加入对比 ,26
考古学,吉林大学,--,614,陕西,文科,2017,第一批,加入对比 ,26
法学,吉林大学,--,615,陕西,文科,2017,第一批,加入对比 ,26
金融学,吉林大学,--,613,陕西,文科,2017,第一批,加入对比 ,26
建筑学,吉林大学珠海学院,--,388,陕西,理科,2017,第三批,加入对比 ,26
机械设计制造及其自动化,吉林大学珠海学院,--,394,陕西,理科,2017,第三批,加入对比 ,26
自动化,吉林大学珠海学院,--,396,陕西,理科,2017,第三批,加入对比 ,26
制药工程,吉林大学珠海学院,--,394,陕西,理科,2017,第三批,加入对比 ,26
金融学,吉林大学珠海学院,--,396,陕西,理科,2017,第三批,加入对比 ,26
广告学,吉林大学珠海学院,--,452,陕西,文科,2017,第三批,加入对比 ,26
会计学,吉林大学珠海学院,--,465,陕西,文科,2017,第三批,加入对比 ,26
测绘工程,吉林大学,--,557,甘肃,理科,2017,第一批,加入对比 ,26
水利类,吉林大学,--,557,甘肃,理科,2017,第一批,加入对比 ,26
道路桥梁与渡河工程,吉林大学,--,557,甘肃,理科,2017,第一批,加入对比 ,26
工商管理,吉林大学,--,558,甘肃,理科,2017,第一批,加入对比 ,26
放射医学,吉林大学,--,560,甘肃,理科,2017,第一批,加入对比 ,26
食品质量与安全,吉林大学,--,560,甘肃,理科,2017,第一批,加入对比 ,26
农业机械化及其自动化,吉林大学,--,560,甘肃,理科,2017,第一批,加入对比 ,26
信息管理与信息系统,吉林大学,--,561,甘肃,理科,2017,第一批,加入对比 ,26
信息工程,吉林大学,--,561,甘肃,理科,2017,第一批,加入对比 ,26
无机非金属材料工程,吉林大学,--,561,甘肃,理科,2017,第一批,加入对比 ,26
测控技术与仪器,吉林大学,--,561,甘肃,理科,2017,第一批,加入对比 ,26
法学,吉林大学,--,561,甘肃,理科,2017,第一批,加入对比 ,26
地质工程,吉林大学,--,562,甘肃,理科,2017,第一批,加入对比 ,26
生物工程,吉林大学,--,563,甘肃,理科,2017,第一批,加入对比 ,26
环境科学与工程类,吉林大学,--,563,甘肃,理科,2017,第一批,加入对比 ,26
自动化,吉林大学,--,565,甘肃,理科,2017,第一批,加入对比 ,26
电子信息工程,吉林大学,--,565,甘肃,理科,2017,第一批,加入对比 ,26
经济学,吉林大学,--,565,甘肃,理科,2017,第一批,加入对比 ,26
计算机科学与技术,吉林大学,--,566,甘肃,理科,2017,第一批,加入对比 ,26
会计学,吉林大学珠海学院,--,460,重庆,理科,2017,第二批,加入对比 ,27
金融学,吉林大学珠海学院,--,459,重庆,理科,2017,第二批,加入对比 ,27
软件工程,吉林大学珠海学院,--,455,重庆,理科,2017,第二批,加入对比 ,27
外交学,吉林大学,--,599,四川,文科,2017,第一批,加入对比 ,27
西班牙语,吉林大学,--,598,四川,文科,2017,第一批,加入对比 ,27
交通工程,吉林大学,--,600,四川,理科,2017,第一批,加入对比 ,27
生物医学工程,吉林大学,--,603,四川,理科,2017,第一批,加入对比 ,27
工程管理,吉林大学,--,603,四川,理科,2017,第一批,加入对比 ,27
测控技术与仪器,吉林大学,--,615,四川,理科,2017,第一批,加入对比 ,27
能源与动力工程,吉林大学,--,606,四川,理科,2017,第一批,加入对比 ,27
工商管理,吉林大学,--,607,四川,理科,2017,第一批,加入对比 ,27
通信工程,吉林大学,--,607,四川,理科,2017,第一批,加入对比 ,27
电子科学与技术,吉林大学,--,613,四川,理科,2017,第一批,加入对比 ,27
食品科学与工程,吉林大学,--,612,四川,理科,2017,第一批,加入对比 ,27
机械工程,吉林大学,--,607,四川,理科,2017,第一批,加入对比 ,27
生物制药,吉林大学,--,607,四川,理科,2017,第一批,加入对比 ,27
金融学,吉林大学,--,605,四川,文科,2017,第一批,加入对比 ,27
软件工程,吉林大学,--,616,四川,理科,2017,第一批,加入对比 ,27
统计学,吉林大学,--,613,四川,理科,2017,第一批,加入对比 ,27
物理学,吉林大学,--,626,四川,理科,2017,第一批,加入对比 ,27
法学,吉林大学,--,613,四川,文科,2017,第一批,加入对比 ,27
信息与计算科学,吉林大学,--,616,四川,理科,2017,第一批,加入对比 ,27
物联网工程,吉林大学,--,619,四川,理科,2017,第一批,加入对比 ,27
车辆工程,吉林大学,--,615,四川,理科,2017,第一批,加入对比 ,27
金融学,吉林大学,--,613,四川,理科,2017,第一批,加入对比 ,27
临床药学,吉林大学,--,615,四川,理科,2017,第一批,加入对比 ,27
法学,吉林大学,--,620,四川,理科,2017,第一批,加入对比 ,27
化学,吉林大学,--,628,四川,理科,2017,第一批,加入对比 ,27
化学工程与工艺,吉林大学珠海学院,--,480,四川,理科,2017,第二批,加入对比 ,27
机械设计制造及其自动化,吉林大学珠海学院,--,486,四川,理科,2017,第二批,加入对比 ,27
制药工程,吉林大学珠海学院,--,486,四川,理科,2017,第二批,加入对比 ,27
金融学,吉林大学珠海学院,--,492,四川,理科,2017,第二批,加入对比 ,27
会计学,吉林大学珠海学院,--,500,四川,理科,2017,第二批,加入对比 ,27
软件工程,吉林大学珠海学院,--,499,四川,理科,2017,第二批,加入对比 ,27
会计学,吉林大学珠海学院,--,530,四川,文科,2017,第二批,加入对比 ,27
金融学,吉林大学珠海学院,--,533,四川,文科,2017,第二批,加入对比 ,27
测绘工程,吉林大学,--,565,陕西,理科,2017,第一批,加入对比 ,27
资源勘查工程,吉林大学,--,570,陕西,理科,2017,第一批,加入对比 ,27
工程管理,吉林大学,--,567,陕西,理科,2017,第一批,加入对比 ,27
地质工程,吉林大学,--,572,陕西,理科,2017,第一批,加入对比 ,27
农业机械化及其自动化,吉林大学,--,568,陕西,理科,2017,第一批,加入对比 ,27
档案学,吉林大学,--,570,陕西,理科,2017,第一批,加入对比 ,27
材料物理,吉林大学,--,572,陕西,理科,2017,第一批,加入对比 ,27
测控技术与仪器,吉林大学,--,579,陕西,理科,2017,第一批,加入对比 ,27
交通运输,吉林大学,--,575,陕西,理科,2017,第一批,加入对比 ,27
生物技术,吉林大学,--,583,陕西,理科,2017,第一批,加入对比 ,27
材料科学与工程,吉林大学,--,582,陕西,理科,2017,第一批,加入对比 ,27
微电子科学与工程,吉林大学,--,587,陕西,理科,2017,第一批,加入对比 ,27
土木工程,吉林大学,--,589,陕西,理科,2017,第一批,加入对比 ,27
自动化,吉林大学,--,585,陕西,理科,2017,第一批,加入对比 ,27
物理学,吉林大学,--,591,陕西,理科,2017,第一批,加入对比 ,27
信息管理与信息系统,吉林大学,--,583,陕西,理科,2017,第一批,加入对比 ,27
信息工程,吉林大学,--,579,陕西,理科,2017,第一批,加入对比 ,27
预防医学,吉林大学,--,587,陕西,理科,2017,第一批,加入对比 ,27
工商管理,吉林大学,--,586,陕西,理科,2017,第一批,加入对比 ,27
电气工程及其自动化,吉林大学,--,589,陕西,理科,2017,第一批,加入对比 ,27
通信工程,吉林大学,--,595,陕西,理科,2017,第一批,加入对比 ,27
计算机科学与技术,吉林大学,--,597,陕西,理科,2017,第一批,加入对比 ,27
软件工程,吉林大学,--,604,陕西,理科,2017,第一批,加入对比 ,27
机械工程,吉林大学,--,599,陕西,理科,2017,第一批,加入对比 ,27
信息与计算科学,吉林大学,--,589,陕西,理科,2017,第一批,加入对比 ,27
经济学,吉林大学,--,592,陕西,理科,2017,第一批,加入对比 ,27
会计学,吉林大学,--,601,陕西,理科,2017,第一批,加入对比 ,27
化学,吉林大学,--,603,陕西,理科,2017,第一批,加入对比 ,27
金融学,吉林大学,--,598,陕西,理科,2017,第一批,加入对比 ,27
西班牙语,吉林大学,--,603,陕西,文科,2017,第一批,加入对比 ,27
社会学,吉林大学,--,603,陕西,文科,2017,第一批,加入对比 ,27
法学,吉林大学,--,602,陕西,理科,2017,第一批,加入对比 ,27
英语,吉林大学,--,603,陕西,文科,2017,第一批,加入对比 ,27
车辆工程,吉林大学,--,620,陕西,理科,2017,第一批,加入对比 ,27
政治学与行政学,吉林大学,--,604,陕西,文科,2017,第一批,加入对比 ,27
考古学,吉林大学,--,614,陕西,文科,2017,第一批,加入对比 ,27
法学,吉林大学,--,615,陕西,文科,2017,第一批,加入对比 ,27
金融学,吉林大学,--,613,陕西,文科,2017,第一批,加入对比 ,27
建筑学,吉林大学珠海学院,--,388,陕西,理科,2017,第三批,加入对比 ,27
机械设计制造及其自动化,吉林大学珠海学院,--,394,陕西,理科,2017,第三批,加入对比 ,27
自动化,吉林大学珠海学院,--,396,陕西,理科,2017,第三批,加入对比 ,27
制药工程,吉林大学珠海学院,--,394,陕西,理科,2017,第三批,加入对比 ,27
金融学,吉林大学珠海学院,--,396,陕西,理科,2017,第三批,加入对比 ,27
广告学,吉林大学珠海学院,--,452,陕西,文科,2017,第三批,加入对比 ,27
会计学,吉林大学珠海学院,--,465,陕西,文科,2017,第三批,加入对比 ,27
测绘工程,吉林大学,--,557,甘肃,理科,2017,第一批,加入对比 ,27
水利类,吉林大学,--,557,甘肃,理科,2017,第一批,加入对比 ,27
道路桥梁与渡河工程,吉林大学,--,557,甘肃,理科,2017,第一批,加入对比 ,27
工商管理,吉林大学,--,558,甘肃,理科,2017,第一批,加入对比 ,27
放射医学,吉林大学,--,560,甘肃,理科,2017,第一批,加入对比 ,27
食品质量与安全,吉林大学,--,560,甘肃,理科,2017,第一批,加入对比 ,27
农业机械化及其自动化,吉林大学,--,560,甘肃,理科,2017,第一批,加入对比 ,27
信息管理与信息系统,吉林大学,--,561,甘肃,理科,2017,第一批,加入对比 ,27
信息工程,吉林大学,--,561,甘肃,理科,2017,第一批,加入对比 ,27
无机非金属材料工程,吉林大学,--,561,甘肃,理科,2017,第一批,加入对比 ,27
测控技术与仪器,吉林大学,--,561,甘肃,理科,2017,第一批,加入对比 ,27
法学,吉林大学,--,561,甘肃,理科,2017,第一批,加入对比 ,27
地质工程,吉林大学,--,562,甘肃,理科,2017,第一批,加入对比 ,27
生物工程,吉林大学,--,563,甘肃,理科,2017,第一批,加入对比 ,27
环境科学与工程类,吉林大学,--,563,甘肃,理科,2017,第一批,加入对比 ,27
自动化,吉林大学,--,565,甘肃,理科,2017,第一批,加入对比 ,27
电子信息工程,吉林大学,--,565,甘肃,理科,2017,第一批,加入对比 ,27
经济学,吉林大学,--,565,甘肃,理科,2017,第一批,加入对比 ,27
计算机科学与技术,吉林大学,--,566,甘肃,理科,2017,第一批,加入对比 ,27
临床药学,吉林大学,--,615,四川,理科,2017,第一批,加入对比 ,28
法学,吉林大学,--,620,四川,理科,2017,第一批,加入对比 ,28
化学,吉林大学,--,628,四川,理科,2017,第一批,加入对比 ,28
化学工程与工艺,吉林大学珠海学院,--,480,四川,理科,2017,第二批,加入对比 ,28
机械设计制造及其自动化,吉林大学珠海学院,--,486,四川,理科,2017,第二批,加入对比 ,28
制药工程,吉林大学珠海学院,--,486,四川,理科,2017,第二批,加入对比 ,28
金融学,吉林大学珠海学院,--,492,四川,理科,2017,第二批,加入对比 ,28
会计学,吉林大学珠海学院,--,500,四川,理科,2017,第二批,加入对比 ,28
软件工程,吉林大学珠海学院,--,499,四川,理科,2017,第二批,加入对比 ,28
会计学,吉林大学珠海学院,--,530,四川,文科,2017,第二批,加入对比 ,28
金融学,吉林大学珠海学院,--,533,四川,文科,2017,第二批,加入对比 ,28
测绘工程,吉林大学,--,565,陕西,理科,2017,第一批,加入对比 ,28
资源勘查工程,吉林大学,--,570,陕西,理科,2017,第一批,加入对比 ,28
工程管理,吉林大学,--,567,陕西,理科,2017,第一批,加入对比 ,28
地质工程,吉林大学,--,572,陕西,理科,2017,第一批,加入对比 ,28
农业机械化及其自动化,吉林大学,--,568,陕西,理科,2017,第一批,加入对比 ,28
档案学,吉林大学,--,570,陕西,理科,2017,第一批,加入对比 ,28
材料物理,吉林大学,--,572,陕西,理科,2017,第一批,加入对比 ,28
测控技术与仪器,吉林大学,--,579,陕西,理科,2017,第一批,加入对比 ,28
交通运输,吉林大学,--,575,陕西,理科,2017,第一批,加入对比 ,28
生物技术,吉林大学,--,583,陕西,理科,2017,第一批,加入对比 ,28
材料科学与工程,吉林大学,--,582,陕西,理科,2017,第一批,加入对比 ,28
微电子科学与工程,吉林大学,--,587,陕西,理科,2017,第一批,加入对比 ,28
土木工程,吉林大学,--,589,陕西,理科,2017,第一批,加入对比 ,28
自动化,吉林大学,--,585,陕西,理科,2017,第一批,加入对比 ,28
物理学,吉林大学,--,591,陕西,理科,2017,第一批,加入对比 ,28
信息管理与信息系统,吉林大学,--,583,陕西,理科,2017,第一批,加入对比 ,28
信息工程,吉林大学,--,579,陕西,理科,2017,第一批,加入对比 ,28
预防医学,吉林大学,--,587,陕西,理科,2017,第一批,加入对比 ,28
工商管理,吉林大学,--,586,陕西,理科,2017,第一批,加入对比 ,28
电气工程及其自动化,吉林大学,--,589,陕西,理科,2017,第一批,加入对比 ,28
通信工程,吉林大学,--,595,陕西,理科,2017,第一批,加入对比 ,28
计算机科学与技术,吉林大学,--,597,陕西,理科,2017,第一批,加入对比 ,28
软件工程,吉林大学,--,604,陕西,理科,2017,第一批,加入对比 ,28
机械工程,吉林大学,--,599,陕西,理科,2017,第一批,加入对比 ,28
信息与计算科学,吉林大学,--,589,陕西,理科,2017,第一批,加入对比 ,28
经济学,吉林大学,--,592,陕西,理科,2017,第一批,加入对比 ,28
会计学,吉林大学,--,601,陕西,理科,2017,第一批,加入对比 ,28
化学,吉林大学,--,603,陕西,理科,2017,第一批,加入对比 ,28
金融学,吉林大学,--,598,陕西,理科,2017,第一批,加入对比 ,28
西班牙语,吉林大学,--,603,陕西,文科,2017,第一批,加入对比 ,28
社会学,吉林大学,--,603,陕西,文科,2017,第一批,加入对比 ,28
法学,吉林大学,--,602,陕西,理科,2017,第一批,加入对比 ,28
英语,吉林大学,--,603,陕西,文科,2017,第一批,加入对比 ,28
车辆工程,吉林大学,--,620,陕西,理科,2017,第一批,加入对比 ,28
政治学与行政学,吉林大学,--,604,陕西,文科,2017,第一批,加入对比 ,28
考古学,吉林大学,--,614,陕西,文科,2017,第一批,加入对比 ,28
法学,吉林大学,--,615,陕西,文科,2017,第一批,加入对比 ,28
金融学,吉林大学,--,613,陕西,文科,2017,第一批,加入对比 ,28
建筑学,吉林大学珠海学院,--,388,陕西,理科,2017,第三批,加入对比 ,28
机械设计制造及其自动化,吉林大学珠海学院,--,394,陕西,理科,2017,第三批,加入对比 ,28
自动化,吉林大学珠海学院,--,396,陕西,理科,2017,第三批,加入对比 ,28
制药工程,吉林大学珠海学院,--,394,陕西,理科,2017,第三批,加入对比 ,28
金融学,吉林大学珠海学院,--,396,陕西,理科,2017,第三批,加入对比 ,28
广告学,吉林大学珠海学院,--,452,陕西,文科,2017,第三批,加入对比 ,28
会计学,吉林大学珠海学院,--,465,陕西,文科,2017,第三批,加入对比 ,28
测绘工程,吉林大学,--,557,甘肃,理科,2017,第一批,加入对比 ,28
水利类,吉林大学,--,557,甘肃,理科,2017,第一批,加入对比 ,28
道路桥梁与渡河工程,吉林大学,--,557,甘肃,理科,2017,第一批,加入对比 ,28
工商管理,吉林大学,--,558,甘肃,理科,2017,第一批,加入对比 ,28
放射医学,吉林大学,--,560,甘肃,理科,2017,第一批,加入对比 ,28
食品质量与安全,吉林大学,--,560,甘肃,理科,2017,第一批,加入对比 ,28
农业机械化及其自动化,吉林大学,--,560,甘肃,理科,2017,第一批,加入对比 ,28
信息管理与信息系统,吉林大学,--,561,甘肃,理科,2017,第一批,加入对比 ,28
信息工程,吉林大学,--,561,甘肃,理科,2017,第一批,加入对比 ,28
无机非金属材料工程,吉林大学,--,561,甘肃,理科,2017,第一批,加入对比 ,28
测控技术与仪器,吉林大学,--,561,甘肃,理科,2017,第一批,加入对比 ,28
法学,吉林大学,--,561,甘肃,理科,2017,第一批,加入对比 ,28
地质工程,吉林大学,--,562,甘肃,理科,2017,第一批,加入对比 ,28
生物工程,吉林大学,--,563,甘肃,理科,2017,第一批,加入对比 ,28
环境科学与工程类,吉林大学,--,563,甘肃,理科,2017,第一批,加入对比 ,28
自动化,吉林大学,--,565,甘肃,理科,2017,第一批,加入对比 ,28
电子信息工程,吉林大学,--,565,甘肃,理科,2017,第一批,加入对比 ,28
经济学,吉林大学,--,565,甘肃,理科,2017,第一批,加入对比 ,28
计算机科学与技术,吉林大学,--,566,甘肃,理科,2017,第一批,加入对比 ,28
物理学,吉林大学,--,591,陕西,理科,2017,第一批,加入对比 ,29
信息管理与信息系统,吉林大学,--,583,陕西,理科,2017,第一批,加入对比 ,29
信息工程,吉林大学,--,579,陕西,理科,2017,第一批,加入对比 ,29
预防医学,吉林大学,--,587,陕西,理科,2017,第一批,加入对比 ,29
工商管理,吉林大学,--,586,陕西,理科,2017,第一批,加入对比 ,29
电气工程及其自动化,吉林大学,--,589,陕西,理科,2017,第一批,加入对比 ,29
通信工程,吉林大学,--,595,陕西,理科,2017,第一批,加入对比 ,29
计算机科学与技术,吉林大学,--,597,陕西,理科,2017,第一批,加入对比 ,29
软件工程,吉林大学,--,604,陕西,理科,2017,第一批,加入对比 ,29
机械工程,吉林大学,--,599,陕西,理科,2017,第一批,加入对比 ,29
信息与计算科学,吉林大学,--,589,陕西,理科,2017,第一批,加入对比 ,29
经济学,吉林大学,--,592,陕西,理科,2017,第一批,加入对比 ,29
会计学,吉林大学,--,601,陕西,理科,2017,第一批,加入对比 ,29
化学,吉林大学,--,603,陕西,理科,2017,第一批,加入对比 ,29
金融学,吉林大学,--,598,陕西,理科,2017,第一批,加入对比 ,29
西班牙语,吉林大学,--,603,陕西,文科,2017,第一批,加入对比 ,29
社会学,吉林大学,--,603,陕西,文科,2017,第一批,加入对比 ,29
法学,吉林大学,--,602,陕西,理科,2017,第一批,加入对比 ,29
英语,吉林大学,--,603,陕西,文科,2017,第一批,加入对比 ,29
车辆工程,吉林大学,--,620,陕西,理科,2017,第一批,加入对比 ,29
政治学与行政学,吉林大学,--,604,陕西,文科,2017,第一批,加入对比 ,29
考古学,吉林大学,--,614,陕西,文科,2017,第一批,加入对比 ,29
法学,吉林大学,--,615,陕西,文科,2017,第一批,加入对比 ,29
金融学,吉林大学,--,613,陕西,文科,2017,第一批,加入对比 ,29
建筑学,吉林大学珠海学院,--,388,陕西,理科,2017,第三批,加入对比 ,29
机械设计制造及其自动化,吉林大学珠海学院,--,394,陕西,理科,2017,第三批,加入对比 ,29
自动化,吉林大学珠海学院,--,396,陕西,理科,2017,第三批,加入对比 ,29
制药工程,吉林大学珠海学院,--,394,陕西,理科,2017,第三批,加入对比 ,29
金融学,吉林大学珠海学院,--,396,陕西,理科,2017,第三批,加入对比 ,29
广告学,吉林大学珠海学院,--,452,陕西,文科,2017,第三批,加入对比 ,29
会计学,吉林大学珠海学院,--,465,陕西,文科,2017,第三批,加入对比 ,29
测绘工程,吉林大学,--,557,甘肃,理科,2017,第一批,加入对比 ,29
水利类,吉林大学,--,557,甘肃,理科,2017,第一批,加入对比 ,29
道路桥梁与渡河工程,吉林大学,--,557,甘肃,理科,2017,第一批,加入对比 ,29
工商管理,吉林大学,--,558,甘肃,理科,2017,第一批,加入对比 ,29
放射医学,吉林大学,--,560,甘肃,理科,2017,第一批,加入对比 ,29
食品质量与安全,吉林大学,--,560,甘肃,理科,2017,第一批,加入对比 ,29
农业机械化及其自动化,吉林大学,--,560,甘肃,理科,2017,第一批,加入对比 ,29
信息管理与信息系统,吉林大学,--,561,甘肃,理科,2017,第一批,加入对比 ,29
信息工程,吉林大学,--,561,甘肃,理科,2017,第一批,加入对比 ,29
无机非金属材料工程,吉林大学,--,561,甘肃,理科,2017,第一批,加入对比 ,29
测控技术与仪器,吉林大学,--,561,甘肃,理科,2017,第一批,加入对比 ,29
法学,吉林大学,--,561,甘肃,理科,2017,第一批,加入对比 ,29
地质工程,吉林大学,--,562,甘肃,理科,2017,第一批,加入对比 ,29
生物工程,吉林大学,--,563,甘肃,理科,2017,第一批,加入对比 ,29
环境科学与工程类,吉林大学,--,563,甘肃,理科,2017,第一批,加入对比 ,29
自动化,吉林大学,--,565,甘肃,理科,2017,第一批,加入对比 ,29
电子信息工程,吉林大学,--,565,甘肃,理科,2017,第一批,加入对比 ,29
经济学,吉林大学,--,565,甘肃,理科,2017,第一批,加入对比 ,29
计算机科学与技术,吉林大学,--,566,甘肃,理科,2017,第一批,加入对比 ,29
机械设计制造及其自动化,吉林大学珠海学院,--,394,陕西,理科,2017,第三批,加入对比 ,30
自动化,吉林大学珠海学院,--,396,陕西,理科,2017,第三批,加入对比 ,30
制药工程,吉林大学珠海学院,--,394,陕西,理科,2017,第三批,加入对比 ,30
金融学,吉林大学珠海学院,--,396,陕西,理科,2017,第三批,加入对比 ,30
广告学,吉林大学珠海学院,--,452,陕西,文科,2017,第三批,加入对比 ,30
会计学,吉林大学珠海学院,--,465,陕西,文科,2017,第三批,加入对比 ,30
测绘工程,吉林大学,--,557,甘肃,理科,2017,第一批,加入对比 ,30
水利类,吉林大学,--,557,甘肃,理科,2017,第一批,加入对比 ,30
道路桥梁与渡河工程,吉林大学,--,557,甘肃,理科,2017,第一批,加入对比 ,30
工商管理,吉林大学,--,558,甘肃,理科,2017,第一批,加入对比 ,30
放射医学,吉林大学,--,560,甘肃,理科,2017,第一批,加入对比 ,30
食品质量与安全,吉林大学,--,560,甘肃,理科,2017,第一批,加入对比 ,30
农业机械化及其自动化,吉林大学,--,560,甘肃,理科,2017,第一批,加入对比 ,30
信息管理与信息系统,吉林大学,--,561,甘肃,理科,2017,第一批,加入对比 ,30
信息工程,吉林大学,--,561,甘肃,理科,2017,第一批,加入对比 ,30
无机非金属材料工程,吉林大学,--,561,甘肃,理科,2017,第一批,加入对比 ,30
测控技术与仪器,吉林大学,--,561,甘肃,理科,2017,第一批,加入对比 ,30
法学,吉林大学,--,561,甘肃,理科,2017,第一批,加入对比 ,30
地质工程,吉林大学,--,562,甘肃,理科,2017,第一批,加入对比 ,30
生物工程,吉林大学,--,563,甘肃,理科,2017,第一批,加入对比 ,30
环境科学与工程类,吉林大学,--,563,甘肃,理科,2017,第一批,加入对比 ,30
自动化,吉林大学,--,565,甘肃,理科,2017,第一批,加入对比 ,30
电子信息工程,吉林大学,--,565,甘肃,理科,2017,第一批,加入对比 ,30
经济学,吉林大学,--,565,甘肃,理科,2017,第一批,加入对比 ,30
计算机科学与技术,吉林大学,--,566,甘肃,理科,2017,第一批,加入对比 ,30
材料科学与工程,吉林大学,--,566,甘肃,理科,2017,第一批,加入对比 ,31
物理学,吉林大学,--,566,甘肃,理科,2017,第一批,加入对比 ,31
土木工程,吉林大学,--,567,甘肃,理科,2017,第一批,加入对比 ,31
交通运输,吉林大学,--,569,甘肃,理科,2017,第一批,加入对比 ,31
能源与动力工程,吉林大学,--,569,甘肃,理科,2017,第一批,加入对比 ,31
高分子材料与工程,吉林大学,--,569,甘肃,理科,2017,第一批,加入对比 ,31
通信工程,吉林大学,--,573,甘肃,理科,2017,第一批,加入对比 ,31
机械工程,吉林大学,--,574,甘肃,理科,2017,第一批,加入对比 ,31
化学,吉林大学,--,576,甘肃,理科,2017,第一批,加入对比 ,31
数学与应用数学,吉林大学,--,582,甘肃,理科,2017,第一批,加入对比 ,31
软件工程,吉林大学,--,586,甘肃,理科,2017,第一批,加入对比 ,31
车辆工程,吉林大学,--,604,甘肃,理科,2017,第一批,加入对比 ,31
地质工程,吉林大学,--,610,河北,理科,2017,第一批,加入对比 ,31
信息管理与信息系统,吉林大学,--,609,河北,理科,2017,第一批,加入对比 ,31
食品科学与工程,吉林大学,--,608,河北,理科,2017,第一批,加入对比 ,31
地理信息科学,吉林大学,--,608,河北,理科,2017,第一批,加入对比 ,31
汽车服务工程,吉林大学,--,609,河北,理科,2017,第一批,加入对比 ,31
生物医学工程,吉林大学,--,608,河北,理科,2017,第一批,加入对比 ,31
材料物理,吉林大学,--,610,河北,理科,2017,第一批,加入对比 ,31
地理科学,吉林大学,--,608,河北,理科,2017,第一批,加入对比 ,31
水利类,吉林大学,--,610,河北,理科,2017,第一批,加入对比 ,31
工程力学,吉林大学,--,611,河北,理科,2017,第一批,加入对比 ,31
交通运输,吉林大学,--,615,河北,理科,2017,第一批,加入对比 ,31
微电子科学与工程,吉林大学,--,613,河北,理科,2017,第一批,加入对比 ,31
档案学,吉林大学,--,612,河北,理科,2017,第一批,加入对比 ,31
土木工程,吉林大学,--,611,河北,理科,2017,第一批,加入对比 ,32
物流工程,吉林大学,--,610,河北,理科,2017,第一批,加入对比 ,32
环境科学与工程类,吉林大学,--,612,河北,理科,2017,第一批,加入对比 ,32
生物技术,吉林大学,--,613,河北,理科,2017,第一批,加入对比 ,32
核物理,吉林大学,--,614,河北,理科,2017,第一批,加入对比 ,32
信息工程,吉林大学,--,613,河北,理科,2017,第一批,加入对比 ,32
测控技术与仪器,吉林大学,--,615,河北,理科,2017,第一批,加入对比 ,32
康复治疗学,吉林大学,--,611,河北,理科,2017,第一批,加入对比 ,32
土地资源管理,吉林大学,--,611,河北,理科,2017,第一批,加入对比 ,32
道路桥梁与渡河工程,吉林大学,--,612,河北,理科,2017,第一批,加入对比 ,32
工程管理,吉林大学,--,612,河北,理科,2017,第一批,加入对比 ,32
软件工程,吉林大学,--,621,河北,理科,2017,第一批,加入对比 ,32
机械工程,吉林大学,--,622,河北,理科,2017,第一批,加入对比 ,32
化学工程与工艺,吉林大学,--,614,河北,理科,2017,第一批,加入对比 ,32
材料科学与工程,吉林大学,--,619,河北,理科,2017,第一批,加入对比 ,32
自动化,吉林大学,--,619,河北,理科,2017,第一批,加入对比 ,32
光电信息科学与工程,吉林大学,--,614,河北,理科,2017,第一批,加入对比 ,32
地球物理学,吉林大学,--,639,河北,理科,2017,第一批,加入对比 ,32
物联网工程,吉林大学,--,616,河北,理科,2017,第一批,加入对比 ,32
通信工程,吉林大学,--,621,河北,理科,2017,第一批,加入对比 ,32
电子信息工程,吉林大学,--,621,河北,理科,2017,第一批,加入对比 ,32
测绘工程,吉林大学,--,635,河北,理科,2017,第一批,加入对比 ,32
放射医学,吉林大学,--,620,河北,理科,2017,第一批,加入对比 ,32
生物制药,吉林大学,--,650,河北,理科,2017,第一批,加入对比 ,32
工商管理,吉林大学,--,619,河北,理科,2017,第一批,加入对比 ,32
能源与动力工程,吉林大学,--,621,河北,理科,2017,第一批,加入对比 ,32
信息与计算科学,吉林大学,--,622,河北,理科,2017,第一批,加入对比 ,32
电气工程及其自动化,吉林大学,--,628,河北,理科,2017,第一批,加入对比 ,32
财政学,吉林大学,--,619,河北,理科,2017,第一批,加入对比 ,32
会计学,吉林大学,--,629,河北,理科,2017,第一批,加入对比 ,32
计算机科学与技术,吉林大学,--,627,河北,理科,2017,第一批,加入对比 ,32
材料化学,吉林大学,--,621,河北,理科,2017,第一批,加入对比 ,32
财政学,吉林大学,--,619,河北,文科,2017,第一批,加入对比 ,32
物理学,吉林大学,--,627,河北,理科,2017,第一批,加入对比 ,32
法学,吉林大学,--,623,河北,理科,2017,第一批,加入对比 ,32
经济学,吉林大学,--,622,河北,文科,2017,第一批,加入对比 ,32
车辆工程,吉林大学,--,628,河北,理科,2017,第一批,加入对比 ,32
金融数学,吉林大学,--,631,河北,理科,2017,第一批,加入对比 ,32
金融学,吉林大学,--,625,河北,理科,2017,第一批,加入对比 ,32
化学,吉林大学,--,643,河北,理科,2017,第一批,加入对比 ,32
应用化学,吉林大学珠海学院,--,439,河北,理科,2017,第二批,加入对比 ,32
食品质量与安全,吉林大学珠海学院,--,440,河北,理科,2017,第二批,加入对比 ,32
信息管理与信息系统,吉林大学珠海学院,--,441,河北,理科,2017,第二批,加入对比 ,32
通信工程,吉林大学珠海学院,--,443,河北,理科,2017,第二批,加入对比 ,32
软件工程,吉林大学珠海学院,--,452,河北,理科,2017,第二批,加入对比 ,32
计算机科学与技术,吉林大学珠海学院,--,454,河北,理科,2017,第二批,加入对比 ,32
会计学,吉林大学珠海学院,--,459,河北,理科,2017,第二批,加入对比 ,32
机械设计制造及其自动化,吉林大学珠海学院,--,479,河北,理科,2017,第二批,加入对比 ,32
地质工程,吉林大学,--,550,山西,理科,2017,第一批,加入对比 ,32
资源勘查工程,吉林大学,--,551,山西,理科,2017,第一批,加入对比 ,32
能源与动力工程,吉林大学,--,621,河北,理科,2017,第一批,加入对比 ,33
信息与计算科学,吉林大学,--,622,河北,理科,2017,第一批,加入对比 ,33
电气工程及其自动化,吉林大学,--,628,河北,理科,2017,第一批,加入对比 ,33
财政学,吉林大学,--,619,河北,理科,2017,第一批,加入对比 ,33
会计学,吉林大学,--,629,河北,理科,2017,第一批,加入对比 ,33
计算机科学与技术,吉林大学,--,627,河北,理科,2017,第一批,加入对比 ,33
材料化学,吉林大学,--,621,河北,理科,2017,第一批,加入对比 ,33
财政学,吉林大学,--,619,河北,文科,2017,第一批,加入对比 ,33
物理学,吉林大学,--,627,河北,理科,2017,第一批,加入对比 ,33
法学,吉林大学,--,623,河北,理科,2017,第一批,加入对比 ,33
经济学,吉林大学,--,622,河北,文科,2017,第一批,加入对比 ,33
车辆工程,吉林大学,--,628,河北,理科,2017,第一批,加入对比 ,33
金融数学,吉林大学,--,631,河北,理科,2017,第一批,加入对比 ,33
金融学,吉林大学,--,625,河北,理科,2017,第一批,加入对比 ,33
化学,吉林大学,--,643,河北,理科,2017,第一批,加入对比 ,33
应用化学,吉林大学珠海学院,--,439,河北,理科,2017,第二批,加入对比 ,33
食品质量与安全,吉林大学珠海学院,--,440,河北,理科,2017,第二批,加入对比 ,33
信息管理与信息系统,吉林大学珠海学院,--,441,河北,理科,2017,第二批,加入对比 ,33
通信工程,吉林大学珠海学院,--,443,河北,理科,2017,第二批,加入对比 ,33
软件工程,吉林大学珠海学院,--,452,河北,理科,2017,第二批,加入对比 ,33
计算机科学与技术,吉林大学珠海学院,--,454,河北,理科,2017,第二批,加入对比 ,33
会计学,吉林大学珠海学院,--,459,河北,理科,2017,第二批,加入对比 ,33
机械设计制造及其自动化,吉林大学珠海学院,--,479,河北,理科,2017,第二批,加入对比 ,33
地质工程,吉林大学,--,550,山西,理科,2017,第一批,加入对比 ,33
资源勘查工程,吉林大学,--,551,山西,理科,2017,第一批,加入对比 ,33
测绘工程,吉林大学,--,551,山西,理科,2017,第一批,加入对比 ,33
地质学,吉林大学,--,551,山西,理科,2017,第一批,加入对比 ,33
日语,吉林大学,--,551,山西,理科,2017,第一批,加入对比 ,33
档案学,吉林大学,--,552,山西,理科,2017,第一批,加入对比 ,33
生物医学工程,吉林大学,--,552,山西,理科,2017,第一批,加入对比 ,33
水利类,吉林大学,--,552,山西,理科,2017,第一批,加入对比 ,33
地理信息科学,吉林大学,--,553,山西,理科,2017,第一批,加入对比 ,33
土地资源管理,吉林大学,--,554,山西,理科,2017,第一批,加入对比 ,33
汽车服务工程,吉林大学,--,554,山西,理科,2017,第一批,加入对比 ,33
工程力学,吉林大学,--,554,山西,理科,2017,第一批,加入对比 ,33
食品科学与工程,吉林大学,--,555,山西,理科,2017,第一批,加入对比 ,33
道路桥梁与渡河工程,吉林大学,--,555,山西,理科,2017,第一批,加入对比 ,33
环境科学与工程类,吉林大学,--,556,山西,理科,2017,第一批,加入对比 ,33
交通工程,吉林大学,--,556,山西,理科,2017,第一批,加入对比 ,33
土木工程,吉林大学,--,556,山西,理科,2017,第一批,加入对比 ,33
光电信息科学与工程,吉林大学,--,556,山西,理科,2017,第一批,加入对比 ,33
无机非金属材料工程,吉林大学,--,556,山西,理科,2017,第一批,加入对比 ,33
测控技术与仪器,吉林大学,--,556,山西,理科,2017,第一批,加入对比 ,33
工商管理,吉林大学,--,557,山西,理科,2017,第一批,加入对比 ,33
信息管理与信息系统,吉林大学,--,557,山西,理科,2017,第一批,加入对比 ,33
临床药学,吉林大学,--,558,山西,理科,2017,第一批,加入对比 ,33
生物工程,吉林大学,--,558,山西,理科,2017,第一批,加入对比 ,33
物联网工程,吉林大学,--,558,山西,理科,2017,第一批,加入对比 ,33
统计学,吉林大学,--,558,山西,理科,2017,第一批,加入对比 ,33
生物科学,吉林大学,--,558,山西,理科,2017,第一批,加入对比 ,33
微电子科学与工程,吉林大学,--,559,山西,理科,2017,第一批,加入对比 ,33
材料成型及控制工程,吉林大学,--,559,山西,理科,2017,第一批,加入对比 ,33
预防医学,吉林大学,--,560,山西,理科,2017,第一批,加入对比 ,33
放射医学,吉林大学,--,560,山西,理科,2017,第一批,加入对比 ,33
信息工程,吉林大学,--,560,山西,理科,2017,第一批,加入对比 ,33
康复治疗学,吉林大学,--,561,山西,理科,2017,第一批,加入对比 ,33
自动化,吉林大学,--,561,山西,理科,2017,第一批,加入对比 ,33
通信工程,吉林大学,--,562,山西,理科,2017,第一批,加入对比 ,33
电气工程及其自动化,吉林大学,--,562,山西,理科,2017,第一批,加入对比 ,33
能源与动力工程,吉林大学,--,562,山西,理科,2017,第一批,加入对比 ,33
法学,吉林大学,--,562,山西,理科,2017,第一批,加入对比 ,33
会计学,吉林大学,--,563,山西,理科,2017,第一批,加入对比 ,33
高分子材料与工程,吉林大学,--,563,山西,理科,2017,第一批,加入对比 ,33
计算机科学与技术,吉林大学,--,566,山西,理科,2017,第一批,加入对比 ,33
电子科学与技术,吉林大学,--,566,山西,理科,2017,第一批,加入对比 ,33
金融数学,吉林大学,--,566,山西,理科,2017,第一批,加入对比 ,33
物理学,吉林大学,--,569,山西,理科,2017,第一批,加入对比 ,33
金融学,吉林大学,--,569,山西,理科,2017,第一批,加入对比 ,33
化学,吉林大学,--,570,山西,理科,2017,第一批,加入对比 ,33
软件工程,吉林大学,--,575,山西,理科,2017,第一批,加入对比 ,33
机械工程,吉林大学,--,576,山西,理科,2017,第一批,加入对比 ,33
车辆工程,吉林大学,--,582,山西,理科,2017,第一批,加入对比 ,33
日语,吉林大学,--,572,山西,文科,2017,第一批,加入对比 ,33
酒店管理,吉林大学,--,327,内蒙古,理科,2017,专科,加入对比 ,33
市场营销,吉林大学,--,362,内蒙古,理科,2017,专科,加入对比 ,33
测绘工程,吉林大学,--,551,山西,理科,2017,第一批,加入对比 ,34
地质学,吉林大学,--,551,山西,理科,2017,第一批,加入对比 ,34
日语,吉林大学,--,551,山西,理科,2017,第一批,加入对比 ,34
档案学,吉林大学,--,552,山西,理科,2017,第一批,加入对比 ,34
生物医学工程,吉林大学,--,552,山西,理科,2017,第一批,加入对比 ,34
水利类,吉林大学,--,552,山西,理科,2017,第一批,加入对比 ,34
地理信息科学,吉林大学,--,553,山西,理科,2017,第一批,加入对比 ,34
土地资源管理,吉林大学,--,554,山西,理科,2017,第一批,加入对比 ,34
汽车服务工程,吉林大学,--,554,山西,理科,2017,第一批,加入对比 ,34
工程力学,吉林大学,--,554,山西,理科,2017,第一批,加入对比 ,34
食品科学与工程,吉林大学,--,555,山西,理科,2017,第一批,加入对比 ,34
道路桥梁与渡河工程,吉林大学,--,555,山西,理科,2017,第一批,加入对比 ,34
环境科学与工程类,吉林大学,--,556,山西,理科,2017,第一批,加入对比 ,34
交通工程,吉林大学,--,556,山西,理科,2017,第一批,加入对比 ,34
土木工程,吉林大学,--,556,山西,理科,2017,第一批,加入对比 ,34
光电信息科学与工程,吉林大学,--,556,山西,理科,2017,第一批,加入对比 ,34
无机非金属材料工程,吉林大学,--,556,山西,理科,2017,第一批,加入对比 ,34
测控技术与仪器,吉林大学,--,556,山西,理科,2017,第一批,加入对比 ,34
工商管理,吉林大学,--,557,山西,理科,2017,第一批,加入对比 ,34
信息管理与信息系统,吉林大学,--,557,山西,理科,2017,第一批,加入对比 ,34
临床药学,吉林大学,--,558,山西,理科,2017,第一批,加入对比 ,34
生物工程,吉林大学,--,558,山西,理科,2017,第一批,加入对比 ,34
物联网工程,吉林大学,--,558,山西,理科,2017,第一批,加入对比 ,34
统计学,吉林大学,--,558,山西,理科,2017,第一批,加入对比 ,34
生物科学,吉林大学,--,558,山西,理科,2017,第一批,加入对比 ,34
微电子科学与工程,吉林大学,--,559,山西,理科,2017,第一批,加入对比 ,34
材料成型及控制工程,吉林大学,--,559,山西,理科,2017,第一批,加入对比 ,34
预防医学,吉林大学,--,560,山西,理科,2017,第一批,加入对比 ,34
放射医学,吉林大学,--,560,山西,理科,2017,第一批,加入对比 ,34
信息工程,吉林大学,--,560,山西,理科,2017,第一批,加入对比 ,34
康复治疗学,吉林大学,--,561,山西,理科,2017,第一批,加入对比 ,34
自动化,吉林大学,--,561,山西,理科,2017,第一批,加入对比 ,34
通信工程,吉林大学,--,562,山西,理科,2017,第一批,加入对比 ,34
电气工程及其自动化,吉林大学,--,562,山西,理科,2017,第一批,加入对比 ,34
能源与动力工程,吉林大学,--,562,山西,理科,2017,第一批,加入对比 ,34
法学,吉林大学,--,562,山西,理科,2017,第一批,加入对比 ,34
会计学,吉林大学,--,563,山西,理科,2017,第一批,加入对比 ,34
高分子材料与工程,吉林大学,--,563,山西,理科,2017,第一批,加入对比 ,34
计算机科学与技术,吉林大学,--,566,山西,理科,2017,第一批,加入对比 ,34
电子科学与技术,吉林大学,--,566,山西,理科,2017,第一批,加入对比 ,34
金融数学,吉林大学,--,566,山西,理科,2017,第一批,加入对比 ,34
物理学,吉林大学,--,569,山西,理科,2017,第一批,加入对比 ,34
金融学,吉林大学,--,569,山西,理科,2017,第一批,加入对比 ,34
化学,吉林大学,--,570,山西,理科,2017,第一批,加入对比 ,34
软件工程,吉林大学,--,575,山西,理科,2017,第一批,加入对比 ,34
机械工程,吉林大学,--,576,山西,理科,2017,第一批,加入对比 ,34
车辆工程,吉林大学,--,582,山西,理科,2017,第一批,加入对比 ,34
日语,吉林大学,--,572,山西,文科,2017,第一批,加入对比 ,34
酒店管理,吉林大学,--,327,内蒙古,理科,2017,专科,加入对比 ,34
市场营销,吉林大学,--,362,内蒙古,理科,2017,专科,加入对比 ,34
植物生产类,吉林大学,--,573,内蒙古,理科,2017,提前批,加入对比 ,34
生物技术,吉林大学,--,572,内蒙古,理科,2017,提前批,加入对比 ,34
俄语,吉林大学,--,565,内蒙古,文科,2017,第一批,加入对比 ,34
西班牙语,吉林大学,--,571,内蒙古,文科,2017,第一批,加入对比 ,34
新闻学,吉林大学,--,578,内蒙古,文科,2017,第一批,加入对比 ,34
文物与博物馆学,吉林大学,--,584,内蒙古,文科,2017,第一批,加入对比 ,34
工业工程,吉林大学,--,583,内蒙古,理科,2017,第一批,加入对比 ,34
生物工程,吉林大学,--,581,内蒙古,理科,2017,第一批,加入对比 ,34
无机非金属材料工程,吉林大学,--,582,内蒙古,理科,2017,第一批,加入对比 ,34
康复治疗学,吉林大学,--,585,内蒙古,理科,2017,第一批,加入对比 ,34
地质工程,吉林大学,--,582,内蒙古,理科,2017,第一批,加入对比 ,34
勘查技术与工程,吉林大学,--,585,内蒙古,理科,2017,第一批,加入对比 ,34
预防医学,吉林大学,--,579,内蒙古,理科,2017,第一批,加入对比 ,34
食品科学与工程,吉林大学,--,583,内蒙古,理科,2017,第一批,加入对比 ,34
汽车服务工程,吉林大学,--,586,内蒙古,理科,2017,第一批,加入对比 ,34
经济学,吉林大学,--,592,内蒙古,文科,2017,第一批,加入对比 ,34
地质学,吉林大学,--,593,内蒙古,理科,2017,第一批,加入对比 ,34
生物制药,吉林大学,--,588,内蒙古,理科,2017,第一批,加入对比 ,34
放射医学,吉林大学,--,590,内蒙古,理科,2017,第一批,加入对比 ,34
环境科学与工程类,吉林大学,--,597,内蒙古,理科,2017,第一批,加入对比 ,34
生物医学工程,吉林大学,--,586,内蒙古,理科,2017,第一批,加入对比 ,34
化学工程与工艺,吉林大学,--,587,内蒙古,理科,2017,第一批,加入对比 ,34
交通工程,吉林大学,--,589,内蒙古,理科,2017,第一批,加入对比 ,34
法学,吉林大学,--,592,内蒙古,文科,2017,第一批,加入对比 ,34
材料成型及控制工程,吉林大学,--,595,内蒙古,理科,2017,提前批,加入对比 ,34
材料科学与工程,吉林大学,--,611,内蒙古,理科,2017,第一批,加入对比 ,34
土木工程,吉林大学,--,591,内蒙古,理科,2017,第一批,加入对比 ,34
材料化学,吉林大学,--,596,内蒙古,理科,2017,第一批,加入对比 ,34
微电子科学与工程,吉林大学,--,603,内蒙古,理科,2017,第一批,加入对比 ,34
应用物理学,吉林大学,--,599,内蒙古,理科,2017,第一批,加入对比 ,34
电子科学与技术,吉林大学,--,597,内蒙古,理科,2017,第一批,加入对比 ,34
机械工程,吉林大学,--,607,内蒙古,理科,2017,第一批,加入对比 ,34
道路桥梁与渡河工程,吉林大学,--,610,内蒙古,理科,2017,第一批,加入对比 ,34
包装工程,吉林大学,--,612,内蒙古,理科,2017,第一批,加入对比 ,34
光电信息科学与工程,吉林大学,--,593,内蒙古,理科,2017,第一批,加入对比 ,34
自动化,吉林大学,--,604,内蒙古,理科,2017,第一批,加入对比 ,34
水利类,吉林大学,--,608,内蒙古,理科,2017,第一批,加入对比 ,34
通信工程,吉林大学,--,600,内蒙古,理科,2017,第一批,加入对比 ,34
工程管理,吉林大学,--,609,内蒙古,理科,2017,第一批,加入对比 ,34
信息管理与信息系统,吉林大学,--,599,内蒙古,理科,2017,第一批,加入对比 ,34
临床药学,吉林大学,--,596,内蒙古,理科,2017,第一批,加入对比 ,34
通信工程,吉林大学,--,605,内蒙古,理科,2017,提前批,加入对比 ,34
物理学,吉林大学,--,602,内蒙古,理科,2017,第一批,加入对比 ,34
电子信息工程,吉林大学,--,607,内蒙古,理科,2017,第一批,加入对比 ,34
电气工程及其自动化,吉林大学,--,603,内蒙古,理科,2017,第一批,加入对比 ,34
软件工程,吉林大学,--,618,内蒙古,理科,2017,第一批,加入对比 ,34
计算机科学与技术,吉林大学,--,610,内蒙古,理科,2017,第一批,加入对比 ,34
工商管理,吉林大学,--,622,内蒙古,理科,2017,第一批,加入对比 ,34
数学与应用数学,吉林大学,--,613,内蒙古,理科,2017,第一批,加入对比 ,34
金融学,吉林大学,--,610,内蒙古,理科,2017,第一批,加入对比 ,34
微电子科学与工程,吉林大学,--,559,山西,理科,2017,第一批,加入对比 ,35
材料成型及控制工程,吉林大学,--,559,山西,理科,2017,第一批,加入对比 ,35
预防医学,吉林大学,--,560,山西,理科,2017,第一批,加入对比 ,35
放射医学,吉林大学,--,560,山西,理科,2017,第一批,加入对比 ,35
信息工程,吉林大学,--,560,山西,理科,2017,第一批,加入对比 ,35
康复治疗学,吉林大学,--,561,山西,理科,2017,第一批,加入对比 ,35
自动化,吉林大学,--,561,山西,理科,2017,第一批,加入对比 ,35
通信工程,吉林大学,--,562,山西,理科,2017,第一批,加入对比 ,35
电气工程及其自动化,吉林大学,--,562,山西,理科,2017,第一批,加入对比 ,35
能源与动力工程,吉林大学,--,562,山西,理科,2017,第一批,加入对比 ,35
法学,吉林大学,--,562,山西,理科,2017,第一批,加入对比 ,35
会计学,吉林大学,--,563,山西,理科,2017,第一批,加入对比 ,35
高分子材料与工程,吉林大学,--,563,山西,理科,2017,第一批,加入对比 ,35
计算机科学与技术,吉林大学,--,566,山西,理科,2017,第一批,加入对比 ,35
电子科学与技术,吉林大学,--,566,山西,理科,2017,第一批,加入对比 ,35
金融数学,吉林大学,--,566,山西,理科,2017,第一批,加入对比 ,35
物理学,吉林大学,--,569,山西,理科,2017,第一批,加入对比 ,35
金融学,吉林大学,--,569,山西,理科,2017,第一批,加入对比 ,35
化学,吉林大学,--,570,山西,理科,2017,第一批,加入对比 ,35
软件工程,吉林大学,--,575,山西,理科,2017,第一批,加入对比 ,35
机械工程,吉林大学,--,576,山西,理科,2017,第一批,加入对比 ,35
车辆工程,吉林大学,--,582,山西,理科,2017,第一批,加入对比 ,35
日语,吉林大学,--,572,山西,文科,2017,第一批,加入对比 ,35
酒店管理,吉林大学,--,327,内蒙古,理科,2017,专科,加入对比 ,35
市场营销,吉林大学,--,362,内蒙古,理科,2017,专科,加入对比 ,35
植物生产类,吉林大学,--,573,内蒙古,理科,2017,提前批,加入对比 ,35
生物技术,吉林大学,--,572,内蒙古,理科,2017,提前批,加入对比 ,35
俄语,吉林大学,--,565,内蒙古,文科,2017,第一批,加入对比 ,35
西班牙语,吉林大学,--,571,内蒙古,文科,2017,第一批,加入对比 ,35
新闻学,吉林大学,--,578,内蒙古,文科,2017,第一批,加入对比 ,35
文物与博物馆学,吉林大学,--,584,内蒙古,文科,2017,第一批,加入对比 ,35
工业工程,吉林大学,--,583,内蒙古,理科,2017,第一批,加入对比 ,35
生物工程,吉林大学,--,581,内蒙古,理科,2017,第一批,加入对比 ,35
无机非金属材料工程,吉林大学,--,582,内蒙古,理科,2017,第一批,加入对比 ,35
康复治疗学,吉林大学,--,585,内蒙古,理科,2017,第一批,加入对比 ,35
地质工程,吉林大学,--,582,内蒙古,理科,2017,第一批,加入对比 ,35
勘查技术与工程,吉林大学,--,585,内蒙古,理科,2017,第一批,加入对比 ,35
预防医学,吉林大学,--,579,内蒙古,理科,2017,第一批,加入对比 ,35
食品科学与工程,吉林大学,--,583,内蒙古,理科,2017,第一批,加入对比 ,35
汽车服务工程,吉林大学,--,586,内蒙古,理科,2017,第一批,加入对比 ,35
经济学,吉林大学,--,592,内蒙古,文科,2017,第一批,加入对比 ,35
地质学,吉林大学,--,593,内蒙古,理科,2017,第一批,加入对比 ,35
生物制药,吉林大学,--,588,内蒙古,理科,2017,第一批,加入对比 ,35
放射医学,吉林大学,--,590,内蒙古,理科,2017,第一批,加入对比 ,35
环境科学与工程类,吉林大学,--,597,内蒙古,理科,2017,第一批,加入对比 ,35
生物医学工程,吉林大学,--,586,内蒙古,理科,2017,第一批,加入对比 ,35
化学工程与工艺,吉林大学,--,587,内蒙古,理科,2017,第一批,加入对比 ,35
交通工程,吉林大学,--,589,内蒙古,理科,2017,第一批,加入对比 ,35
法学,吉林大学,--,592,内蒙古,文科,2017,第一批,加入对比 ,35
材料成型及控制工程,吉林大学,--,595,内蒙古,理科,2017,提前批,加入对比 ,35
材料科学与工程,吉林大学,--,611,内蒙古,理科,2017,第一批,加入对比 ,35
土木工程,吉林大学,--,591,内蒙古,理科,2017,第一批,加入对比 ,35
材料化学,吉林大学,--,596,内蒙古,理科,2017,第一批,加入对比 ,35
微电子科学与工程,吉林大学,--,603,内蒙古,理科,2017,第一批,加入对比 ,35
应用物理学,吉林大学,--,599,内蒙古,理科,2017,第一批,加入对比 ,35
电子科学与技术,吉林大学,--,597,内蒙古,理科,2017,第一批,加入对比 ,35
机械工程,吉林大学,--,607,内蒙古,理科,2017,第一批,加入对比 ,35
道路桥梁与渡河工程,吉林大学,--,610,内蒙古,理科,2017,第一批,加入对比 ,35
包装工程,吉林大学,--,612,内蒙古,理科,2017,第一批,加入对比 ,35
光电信息科学与工程,吉林大学,--,593,内蒙古,理科,2017,第一批,加入对比 ,35
自动化,吉林大学,--,604,内蒙古,理科,2017,第一批,加入对比 ,35
水利类,吉林大学,--,608,内蒙古,理科,2017,第一批,加入对比 ,35
通信工程,吉林大学,--,600,内蒙古,理科,2017,第一批,加入对比 ,35
工程管理,吉林大学,--,609,内蒙古,理科,2017,第一批,加入对比 ,35
信息管理与信息系统,吉林大学,--,599,内蒙古,理科,2017,第一批,加入对比 ,35
临床药学,吉林大学,--,596,内蒙古,理科,2017,第一批,加入对比 ,35
通信工程,吉林大学,--,605,内蒙古,理科,2017,提前批,加入对比 ,35
物理学,吉林大学,--,602,内蒙古,理科,2017,第一批,加入对比 ,35
电子信息工程,吉林大学,--,607,内蒙古,理科,2017,第一批,加入对比 ,35
电气工程及其自动化,吉林大学,--,603,内蒙古,理科,2017,第一批,加入对比 ,35
软件工程,吉林大学,--,618,内蒙古,理科,2017,第一批,加入对比 ,35
计算机科学与技术,吉林大学,--,610,内蒙古,理科,2017,第一批,加入对比 ,35
工商管理,吉林大学,--,622,内蒙古,理科,2017,第一批,加入对比 ,35
数学与应用数学,吉林大学,--,613,内蒙古,理科,2017,第一批,加入对比 ,35
金融学,吉林大学,--,610,内蒙古,理科,2017,第一批,加入对比 ,35
英语,吉林大学,--,630,内蒙古,理科,2017,第一批,加入对比 ,35
会计学,吉林大学,--,619,内蒙古,理科,2017,第一批,加入对比 ,35
化学,吉林大学,--,616,内蒙古,理科,2017,第一批,加入对比 ,35
经济学,吉林大学,--,627,内蒙古,理科,2017,第一批,加入对比 ,35
车辆工程,吉林大学,--,623,内蒙古,理科,2017,第一批,加入对比 ,35
食品质量与安全,吉林大学珠海学院,--,340,内蒙古,理科,2017,第二批,加入对比 ,35
制药工程,吉林大学珠海学院,--,341,内蒙古,理科,2017,第二批,加入对比 ,35
汽车服务工程,吉林大学珠海学院,--,344,内蒙古,理科,2017,第二批,加入对比 ,35
药物制剂,吉林大学珠海学院,--,344,内蒙古,理科,2017,第二批,加入对比 ,35
物流工程,吉林大学珠海学院,--,346,内蒙古,理科,2017,第二批,加入对比 ,35
信息管理与信息系统,吉林大学珠海学院,--,350,内蒙古,理科,2017,第二批,加入对比 ,35
车辆工程,吉林大学珠海学院,--,356,内蒙古,理科,2017,第二批,加入对比 ,35
投资学,吉林大学珠海学院,--,351,内蒙古,理科,2017,第二批,加入对比 ,35
中药学,吉林大学珠海学院,--,358,内蒙古,理科,2017,第二批,加入对比 ,35
通信工程,吉林大学珠海学院,--,359,内蒙古,理科,2017,第二批,加入对比 ,35
自动化,吉林大学珠海学院,--,366,内蒙古,理科,2017,第二批,加入对比 ,35
网络工程,吉林大学珠海学院,--,373,内蒙古,理科,2017,第二批,加入对比 ,35
应用化学,吉林大学珠海学院,--,371,内蒙古,理科,2017,第二批,加入对比 ,35
金融学,吉林大学珠海学院,--,377,内蒙古,理科,2017,第二批,加入对比 ,35
计算机科学与技术,吉林大学珠海学院,--,384,内蒙古,理科,2017,第二批,加入对比 ,35
会计学,吉林大学珠海学院,--,420,内蒙古,理科,2017,第二批,加入对比 ,35
软件工程,吉林大学珠海学院,--,429,内蒙古,理科,2017,第二批,加入对比 ,35
地理科学,吉林大学,--,581,河南,理科,2017,第一批,加入对比 ,35
地球物理学,吉林大学,--,585,河南,理科,2017,第一批,加入对比 ,35
测绘工程,吉林大学,--,583,河南,理科,2017,第一批,加入对比 ,35
农业机械化及其自动化,吉林大学,--,585,河南,理科,2017,第一批,加入对比 ,35
康复治疗学,吉林大学,--,593,河南,理科,2017,第一批,加入对比 ,35
土地资源管理,吉林大学,--,583,河南,理科,2017,第一批,加入对比 ,35
地理信息科学,吉林大学,--,590,河南,理科,2017,第一批,加入对比 ,35
工程管理,吉林大学,--,585,河南,理科,2017,第一批,加入对比 ,35
道路桥梁与渡河工程,吉林大学,--,588,河南,理科,2017,第一批,加入对比 ,35
统计学,吉林大学,--,595,河南,理科,2017,第一批,加入对比 ,35
核物理,吉林大学,--,589,河南,理科,2017,第一批,加入对比 ,35
水利类,吉林大学,--,602,河南,理科,2017,第一批,加入对比 ,35
地质工程,吉林大学,--,600,河南,理科,2017,第一批,加入对比 ,35
生物医学工程,吉林大学,--,591,河南,理科,2017,第一批,加入对比 ,35
物流工程,吉林大学,--,587,河南,理科,2017,第一批,加入对比 ,35
地质学,吉林大学,--,591,河南,理科,2017,第一批,加入对比 ,35
测控技术与仪器,吉林大学,--,591,河南,理科,2017,第一批,加入对比 ,35
工业工程,吉林大学,--,588,河南,理科,2017,第一批,加入对比 ,35
广告学,吉林大学,--,589,河南,理科,2017,第一批,加入对比 ,35
交通运输,吉林大学,--,588,河南,理科,2017,第一批,加入对比 ,35
无机非金属材料工程,吉林大学,--,590,河南,理科,2017,第一批,加入对比 ,35
工程力学,吉林大学,--,590,河南,理科,2017,第一批,加入对比 ,35
信息管理与信息系统,吉林大学,--,591,河南,理科,2017,第一批,加入对比 ,35
勘查技术与工程,吉林大学,--,607,河南,理科,2017,第一批,加入对比 ,35
预防医学,吉林大学,--,594,河南,理科,2017,第一批,加入对比 ,35
生物工程,吉林大学,--,594,河南,理科,2017,第一批,加入对比 ,35
食品质量与安全,吉林大学,--,590,河南,理科,2017,第一批,加入对比 ,35
生物科学,吉林大学,--,591,河南,理科,2017,第一批,加入对比 ,35
植物生产类,吉林大学,--,573,内蒙古,理科,2017,提前批,加入对比 ,36
生物技术,吉林大学,--,572,内蒙古,理科,2017,提前批,加入对比 ,36
俄语,吉林大学,--,565,内蒙古,文科,2017,第一批,加入对比 ,36
西班牙语,吉林大学,--,571,内蒙古,文科,2017,第一批,加入对比 ,36
新闻学,吉林大学,--,578,内蒙古,文科,2017,第一批,加入对比 ,36
文物与博物馆学,吉林大学,--,584,内蒙古,文科,2017,第一批,加入对比 ,36
工业工程,吉林大学,--,583,内蒙古,理科,2017,第一批,加入对比 ,36
生物工程,吉林大学,--,581,内蒙古,理科,2017,第一批,加入对比 ,36
无机非金属材料工程,吉林大学,--,582,内蒙古,理科,2017,第一批,加入对比 ,36
康复治疗学,吉林大学,--,585,内蒙古,理科,2017,第一批,加入对比 ,36
地质工程,吉林大学,--,582,内蒙古,理科,2017,第一批,加入对比 ,36
勘查技术与工程,吉林大学,--,585,内蒙古,理科,2017,第一批,加入对比 ,36
预防医学,吉林大学,--,579,内蒙古,理科,2017,第一批,加入对比 ,36
食品科学与工程,吉林大学,--,583,内蒙古,理科,2017,第一批,加入对比 ,36
汽车服务工程,吉林大学,--,586,内蒙古,理科,2017,第一批,加入对比 ,36
经济学,吉林大学,--,592,内蒙古,文科,2017,第一批,加入对比 ,36
地质学,吉林大学,--,593,内蒙古,理科,2017,第一批,加入对比 ,36
生物制药,吉林大学,--,588,内蒙古,理科,2017,第一批,加入对比 ,36
放射医学,吉林大学,--,590,内蒙古,理科,2017,第一批,加入对比 ,36
环境科学与工程类,吉林大学,--,597,内蒙古,理科,2017,第一批,加入对比 ,36
生物医学工程,吉林大学,--,586,内蒙古,理科,2017,第一批,加入对比 ,36
化学工程与工艺,吉林大学,--,587,内蒙古,理科,2017,第一批,加入对比 ,36
交通工程,吉林大学,--,589,内蒙古,理科,2017,第一批,加入对比 ,36
法学,吉林大学,--,592,内蒙古,文科,2017,第一批,加入对比 ,36
材料成型及控制工程,吉林大学,--,595,内蒙古,理科,2017,提前批,加入对比 ,36
材料科学与工程,吉林大学,--,611,内蒙古,理科,2017,第一批,加入对比 ,36
土木工程,吉林大学,--,591,内蒙古,理科,2017,第一批,加入对比 ,36
材料化学,吉林大学,--,596,内蒙古,理科,2017,第一批,加入对比 ,36
微电子科学与工程,吉林大学,--,603,内蒙古,理科,2017,第一批,加入对比 ,36
应用物理学,吉林大学,--,599,内蒙古,理科,2017,第一批,加入对比 ,36
电子科学与技术,吉林大学,--,597,内蒙古,理科,2017,第一批,加入对比 ,36
机械工程,吉林大学,--,607,内蒙古,理科,2017,第一批,加入对比 ,36
道路桥梁与渡河工程,吉林大学,--,610,内蒙古,理科,2017,第一批,加入对比 ,36
包装工程,吉林大学,--,612,内蒙古,理科,2017,第一批,加入对比 ,36
光电信息科学与工程,吉林大学,--,593,内蒙古,理科,2017,第一批,加入对比 ,36
自动化,吉林大学,--,604,内蒙古,理科,2017,第一批,加入对比 ,36
水利类,吉林大学,--,608,内蒙古,理科,2017,第一批,加入对比 ,36
通信工程,吉林大学,--,600,内蒙古,理科,2017,第一批,加入对比 ,36
工程管理,吉林大学,--,609,内蒙古,理科,2017,第一批,加入对比 ,36
信息管理与信息系统,吉林大学,--,599,内蒙古,理科,2017,第一批,加入对比 ,36
临床药学,吉林大学,--,596,内蒙古,理科,2017,第一批,加入对比 ,36
通信工程,吉林大学,--,605,内蒙古,理科,2017,提前批,加入对比 ,36
物理学,吉林大学,--,602,内蒙古,理科,2017,第一批,加入对比 ,36
电子信息工程,吉林大学,--,607,内蒙古,理科,2017,第一批,加入对比 ,36
电气工程及其自动化,吉林大学,--,603,内蒙古,理科,2017,第一批,加入对比 ,36
软件工程,吉林大学,--,618,内蒙古,理科,2017,第一批,加入对比 ,36
计算机科学与技术,吉林大学,--,610,内蒙古,理科,2017,第一批,加入对比 ,36
工商管理,吉林大学,--,622,内蒙古,理科,2017,第一批,加入对比 ,36
数学与应用数学,吉林大学,--,613,内蒙古,理科,2017,第一批,加入对比 ,36
金融学,吉林大学,--,610,内蒙古,理科,2017,第一批,加入对比 ,36
英语,吉林大学,--,630,内蒙古,理科,2017,第一批,加入对比 ,36
会计学,吉林大学,--,619,内蒙古,理科,2017,第一批,加入对比 ,36
化学,吉林大学,--,616,内蒙古,理科,2017,第一批,加入对比 ,36
经济学,吉林大学,--,627,内蒙古,理科,2017,第一批,加入对比 ,36
车辆工程,吉林大学,--,623,内蒙古,理科,2017,第一批,加入对比 ,36
食品质量与安全,吉林大学珠海学院,--,340,内蒙古,理科,2017,第二批,加入对比 ,36
制药工程,吉林大学珠海学院,--,341,内蒙古,理科,2017,第二批,加入对比 ,36
汽车服务工程,吉林大学珠海学院,--,344,内蒙古,理科,2017,第二批,加入对比 ,36
药物制剂,吉林大学珠海学院,--,344,内蒙古,理科,2017,第二批,加入对比 ,36
物流工程,吉林大学珠海学院,--,346,内蒙古,理科,2017,第二批,加入对比 ,36
信息管理与信息系统,吉林大学珠海学院,--,350,内蒙古,理科,2017,第二批,加入对比 ,36
车辆工程,吉林大学珠海学院,--,356,内蒙古,理科,2017,第二批,加入对比 ,36
投资学,吉林大学珠海学院,--,351,内蒙古,理科,2017,第二批,加入对比 ,36
中药学,吉林大学珠海学院,--,358,内蒙古,理科,2017,第二批,加入对比 ,36
通信工程,吉林大学珠海学院,--,359,内蒙古,理科,2017,第二批,加入对比 ,36
自动化,吉林大学珠海学院,--,366,内蒙古,理科,2017,第二批,加入对比 ,36
网络工程,吉林大学珠海学院,--,373,内蒙古,理科,2017,第二批,加入对比 ,36
应用化学,吉林大学珠海学院,--,371,内蒙古,理科,2017,第二批,加入对比 ,36
金融学,吉林大学珠海学院,--,377,内蒙古,理科,2017,第二批,加入对比 ,36
计算机科学与技术,吉林大学珠海学院,--,384,内蒙古,理科,2017,第二批,加入对比 ,36
会计学,吉林大学珠海学院,--,420,内蒙古,理科,2017,第二批,加入对比 ,36
软件工程,吉林大学珠海学院,--,429,内蒙古,理科,2017,第二批,加入对比 ,36
地理科学,吉林大学,--,581,河南,理科,2017,第一批,加入对比 ,36
地球物理学,吉林大学,--,585,河南,理科,2017,第一批,加入对比 ,36
测绘工程,吉林大学,--,583,河南,理科,2017,第一批,加入对比 ,36
农业机械化及其自动化,吉林大学,--,585,河南,理科,2017,第一批,加入对比 ,36
康复治疗学,吉林大学,--,593,河南,理科,2017,第一批,加入对比 ,36
土地资源管理,吉林大学,--,583,河南,理科,2017,第一批,加入对比 ,36
地理信息科学,吉林大学,--,590,河南,理科,2017,第一批,加入对比 ,36
工程管理,吉林大学,--,585,河南,理科,2017,第一批,加入对比 ,36
道路桥梁与渡河工程,吉林大学,--,588,河南,理科,2017,第一批,加入对比 ,36
统计学,吉林大学,--,595,河南,理科,2017,第一批,加入对比 ,36
核物理,吉林大学,--,589,河南,理科,2017,第一批,加入对比 ,36
水利类,吉林大学,--,602,河南,理科,2017,第一批,加入对比 ,36
地质工程,吉林大学,--,600,河南,理科,2017,第一批,加入对比 ,36
生物医学工程,吉林大学,--,591,河南,理科,2017,第一批,加入对比 ,36
物流工程,吉林大学,--,587,河南,理科,2017,第一批,加入对比 ,36
地质学,吉林大学,--,591,河南,理科,2017,第一批,加入对比 ,36
测控技术与仪器,吉林大学,--,591,河南,理科,2017,第一批,加入对比 ,36
工业工程,吉林大学,--,588,河南,理科,2017,第一批,加入对比 ,36
广告学,吉林大学,--,589,河南,理科,2017,第一批,加入对比 ,36
交通运输,吉林大学,--,588,河南,理科,2017,第一批,加入对比 ,36
无机非金属材料工程,吉林大学,--,590,河南,理科,2017,第一批,加入对比 ,36
工程力学,吉林大学,--,590,河南,理科,2017,第一批,加入对比 ,36
信息管理与信息系统,吉林大学,--,591,河南,理科,2017,第一批,加入对比 ,36
勘查技术与工程,吉林大学,--,607,河南,理科,2017,第一批,加入对比 ,36
预防医学,吉林大学,--,594,河南,理科,2017,第一批,加入对比 ,36
生物工程,吉林大学,--,594,河南,理科,2017,第一批,加入对比 ,36
食品质量与安全,吉林大学,--,590,河南,理科,2017,第一批,加入对比 ,36
生物科学,吉林大学,--,591,河南,理科,2017,第一批,加入对比 ,36
化学工程与工艺,吉林大学,--,589,河南,理科,2017,第一批,加入对比 ,36
材料科学与工程,吉林大学,--,597,河南,理科,2017,第一批,加入对比 ,36
汽车服务工程,吉林大学,--,597,河南,理科,2017,第一批,加入对比 ,36
信息工程,吉林大学,--,594,河南,理科,2017,第一批,加入对比 ,36
光电信息科学与工程,吉林大学,--,593,河南,理科,2017,第一批,加入对比 ,36
药物制剂,吉林大学,--,596,河南,理科,2017,第一批,加入对比 ,36
信息与计算科学,吉林大学,--,593,河南,理科,2017,第一批,加入对比 ,36
日语,吉林大学,--,591,河南,理科,2017,第一批,加入对比 ,36
应用物理学,吉林大学,--,595,河南,理科,2017,第一批,加入对比 ,36
微电子科学与工程,吉林大学,--,601,河南,理科,2017,第一批,加入对比 ,36
临床药学,吉林大学,--,600,河南,理科,2017,第一批,加入对比 ,36
放射医学,吉林大学,--,595,河南,理科,2017,第一批,加入对比 ,36
环境科学与工程类,吉林大学,--,600,河南,理科,2017,第一批,加入对比 ,36
工商管理,吉林大学,--,597,河南,理科,2017,第一批,加入对比 ,36
土木工程,吉林大学,--,599,河南,理科,2017,第一批,加入对比 ,36
高分子材料与工程,吉林大学,--,602,河南,理科,2017,第一批,加入对比 ,36
英语,吉林大学,--,597,河南,理科,2017,第一批,加入对比 ,36
自动化,吉林大学,--,599,河南,理科,2017,第一批,加入对比 ,36
通信工程,吉林大学,--,596,河南,理科,2017,第一批,加入对比 ,36
材料化学,吉林大学,--,598,河南,理科,2017,第一批,加入对比 ,36
电子信息工程,吉林大学,--,598,河南,理科,2017,第一批,加入对比 ,36
能源与动力工程,吉林大学,--,603,河南,理科,2017,第一批,加入对比 ,36
会计学,吉林大学,--,604,河南,理科,2017,第一批,加入对比 ,36
应用化学,吉林大学,--,605,河南,理科,2017,第一批,加入对比 ,36
金融数学,吉林大学,--,598,河南,理科,2017,第一批,加入对比 ,36
材料科学与工程,吉林大学,--,611,内蒙古,理科,2017,第一批,加入对比 ,37
土木工程,吉林大学,--,591,内蒙古,理科,2017,第一批,加入对比 ,37
材料化学,吉林大学,--,596,内蒙古,理科,2017,第一批,加入对比 ,37
微电子科学与工程,吉林大学,--,603,内蒙古,理科,2017,第一批,加入对比 ,37
应用物理学,吉林大学,--,599,内蒙古,理科,2017,第一批,加入对比 ,37
电子科学与技术,吉林大学,--,597,内蒙古,理科,2017,第一批,加入对比 ,37
机械工程,吉林大学,--,607,内蒙古,理科,2017,第一批,加入对比 ,37
道路桥梁与渡河工程,吉林大学,--,610,内蒙古,理科,2017,第一批,加入对比 ,37
包装工程,吉林大学,--,612,内蒙古,理科,2017,第一批,加入对比 ,37
光电信息科学与工程,吉林大学,--,593,内蒙古,理科,2017,第一批,加入对比 ,37
自动化,吉林大学,--,604,内蒙古,理科,2017,第一批,加入对比 ,37
水利类,吉林大学,--,608,内蒙古,理科,2017,第一批,加入对比 ,37
通信工程,吉林大学,--,600,内蒙古,理科,2017,第一批,加入对比 ,37
工程管理,吉林大学,--,609,内蒙古,理科,2017,第一批,加入对比 ,37
信息管理与信息系统,吉林大学,--,599,内蒙古,理科,2017,第一批,加入对比 ,37
临床药学,吉林大学,--,596,内蒙古,理科,2017,第一批,加入对比 ,37
通信工程,吉林大学,--,605,内蒙古,理科,2017,提前批,加入对比 ,37
物理学,吉林大学,--,602,内蒙古,理科,2017,第一批,加入对比 ,37
电子信息工程,吉林大学,--,607,内蒙古,理科,2017,第一批,加入对比 ,37
电气工程及其自动化,吉林大学,--,603,内蒙古,理科,2017,第一批,加入对比 ,37
软件工程,吉林大学,--,618,内蒙古,理科,2017,第一批,加入对比 ,37
计算机科学与技术,吉林大学,--,610,内蒙古,理科,2017,第一批,加入对比 ,37
工商管理,吉林大学,--,622,内蒙古,理科,2017,第一批,加入对比 ,37
数学与应用数学,吉林大学,--,613,内蒙古,理科,2017,第一批,加入对比 ,37
金融学,吉林大学,--,610,内蒙古,理科,2017,第一批,加入对比 ,37
英语,吉林大学,--,630,内蒙古,理科,2017,第一批,加入对比 ,37
会计学,吉林大学,--,619,内蒙古,理科,2017,第一批,加入对比 ,37
化学,吉林大学,--,616,内蒙古,理科,2017,第一批,加入对比 ,37
经济学,吉林大学,--,627,内蒙古,理科,2017,第一批,加入对比 ,37
车辆工程,吉林大学,--,623,内蒙古,理科,2017,第一批,加入对比 ,37
食品质量与安全,吉林大学珠海学院,--,340,内蒙古,理科,2017,第二批,加入对比 ,37
制药工程,吉林大学珠海学院,--,341,内蒙古,理科,2017,第二批,加入对比 ,37
汽车服务工程,吉林大学珠海学院,--,344,内蒙古,理科,2017,第二批,加入对比 ,37
药物制剂,吉林大学珠海学院,--,344,内蒙古,理科,2017,第二批,加入对比 ,37
物流工程,吉林大学珠海学院,--,346,内蒙古,理科,2017,第二批,加入对比 ,37
信息管理与信息系统,吉林大学珠海学院,--,350,内蒙古,理科,2017,第二批,加入对比 ,37
车辆工程,吉林大学珠海学院,--,356,内蒙古,理科,2017,第二批,加入对比 ,37
投资学,吉林大学珠海学院,--,351,内蒙古,理科,2017,第二批,加入对比 ,37
中药学,吉林大学珠海学院,--,358,内蒙古,理科,2017,第二批,加入对比 ,37
通信工程,吉林大学珠海学院,--,359,内蒙古,理科,2017,第二批,加入对比 ,37
自动化,吉林大学珠海学院,--,366,内蒙古,理科,2017,第二批,加入对比 ,37
网络工程,吉林大学珠海学院,--,373,内蒙古,理科,2017,第二批,加入对比 ,37
应用化学,吉林大学珠海学院,--,371,内蒙古,理科,2017,第二批,加入对比 ,37
金融学,吉林大学珠海学院,--,377,内蒙古,理科,2017,第二批,加入对比 ,37
计算机科学与技术,吉林大学珠海学院,--,384,内蒙古,理科,2017,第二批,加入对比 ,37
会计学,吉林大学珠海学院,--,420,内蒙古,理科,2017,第二批,加入对比 ,37
软件工程,吉林大学珠海学院,--,429,内蒙古,理科,2017,第二批,加入对比 ,37
地理科学,吉林大学,--,581,河南,理科,2017,第一批,加入对比 ,37
地球物理学,吉林大学,--,585,河南,理科,2017,第一批,加入对比 ,37
测绘工程,吉林大学,--,583,河南,理科,2017,第一批,加入对比 ,37
农业机械化及其自动化,吉林大学,--,585,河南,理科,2017,第一批,加入对比 ,37
康复治疗学,吉林大学,--,593,河南,理科,2017,第一批,加入对比 ,37
土地资源管理,吉林大学,--,583,河南,理科,2017,第一批,加入对比 ,37
地理信息科学,吉林大学,--,590,河南,理科,2017,第一批,加入对比 ,37
工程管理,吉林大学,--,585,河南,理科,2017,第一批,加入对比 ,37
道路桥梁与渡河工程,吉林大学,--,588,河南,理科,2017,第一批,加入对比 ,37
统计学,吉林大学,--,595,河南,理科,2017,第一批,加入对比 ,37
核物理,吉林大学,--,589,河南,理科,2017,第一批,加入对比 ,37
水利类,吉林大学,--,602,河南,理科,2017,第一批,加入对比 ,37
地质工程,吉林大学,--,600,河南,理科,2017,第一批,加入对比 ,37
生物医学工程,吉林大学,--,591,河南,理科,2017,第一批,加入对比 ,37
物流工程,吉林大学,--,587,河南,理科,2017,第一批,加入对比 ,37
地质学,吉林大学,--,591,河南,理科,2017,第一批,加入对比 ,37
测控技术与仪器,吉林大学,--,591,河南,理科,2017,第一批,加入对比 ,37
工业工程,吉林大学,--,588,河南,理科,2017,第一批,加入对比 ,37
广告学,吉林大学,--,589,河南,理科,2017,第一批,加入对比 ,37
交通运输,吉林大学,--,588,河南,理科,2017,第一批,加入对比 ,37
无机非金属材料工程,吉林大学,--,590,河南,理科,2017,第一批,加入对比 ,37
工程力学,吉林大学,--,590,河南,理科,2017,第一批,加入对比 ,37
信息管理与信息系统,吉林大学,--,591,河南,理科,2017,第一批,加入对比 ,37
勘查技术与工程,吉林大学,--,607,河南,理科,2017,第一批,加入对比 ,37
预防医学,吉林大学,--,594,河南,理科,2017,第一批,加入对比 ,37
生物工程,吉林大学,--,594,河南,理科,2017,第一批,加入对比 ,37
食品质量与安全,吉林大学,--,590,河南,理科,2017,第一批,加入对比 ,37
生物科学,吉林大学,--,591,河南,理科,2017,第一批,加入对比 ,37
化学工程与工艺,吉林大学,--,589,河南,理科,2017,第一批,加入对比 ,37
材料科学与工程,吉林大学,--,597,河南,理科,2017,第一批,加入对比 ,37
汽车服务工程,吉林大学,--,597,河南,理科,2017,第一批,加入对比 ,37
信息工程,吉林大学,--,594,河南,理科,2017,第一批,加入对比 ,37
光电信息科学与工程,吉林大学,--,593,河南,理科,2017,第一批,加入对比 ,37
药物制剂,吉林大学,--,596,河南,理科,2017,第一批,加入对比 ,37
信息与计算科学,吉林大学,--,593,河南,理科,2017,第一批,加入对比 ,37
日语,吉林大学,--,591,河南,理科,2017,第一批,加入对比 ,37
应用物理学,吉林大学,--,595,河南,理科,2017,第一批,加入对比 ,37
微电子科学与工程,吉林大学,--,601,河南,理科,2017,第一批,加入对比 ,37
临床药学,吉林大学,--,600,河南,理科,2017,第一批,加入对比 ,37
放射医学,吉林大学,--,595,河南,理科,2017,第一批,加入对比 ,37
环境科学与工程类,吉林大学,--,600,河南,理科,2017,第一批,加入对比 ,37
工商管理,吉林大学,--,597,河南,理科,2017,第一批,加入对比 ,37
土木工程,吉林大学,--,599,河南,理科,2017,第一批,加入对比 ,37
高分子材料与工程,吉林大学,--,602,河南,理科,2017,第一批,加入对比 ,37
英语,吉林大学,--,597,河南,理科,2017,第一批,加入对比 ,37
自动化,吉林大学,--,599,河南,理科,2017,第一批,加入对比 ,37
通信工程,吉林大学,--,596,河南,理科,2017,第一批,加入对比 ,37
材料化学,吉林大学,--,598,河南,理科,2017,第一批,加入对比 ,37
电子信息工程,吉林大学,--,598,河南,理科,2017,第一批,加入对比 ,37
能源与动力工程,吉林大学,--,603,河南,理科,2017,第一批,加入对比 ,37
会计学,吉林大学,--,604,河南,理科,2017,第一批,加入对比 ,37
应用化学,吉林大学,--,605,河南,理科,2017,第一批,加入对比 ,37
金融数学,吉林大学,--,598,河南,理科,2017,第一批,加入对比 ,37
英语,吉林大学,--,630,内蒙古,理科,2017,第一批,加入对比 ,38
会计学,吉林大学,--,619,内蒙古,理科,2017,第一批,加入对比 ,38
化学,吉林大学,--,616,内蒙古,理科,2017,第一批,加入对比 ,38
经济学,吉林大学,--,627,内蒙古,理科,2017,第一批,加入对比 ,38
车辆工程,吉林大学,--,623,内蒙古,理科,2017,第一批,加入对比 ,38
食品质量与安全,吉林大学珠海学院,--,340,内蒙古,理科,2017,第二批,加入对比 ,38
制药工程,吉林大学珠海学院,--,341,内蒙古,理科,2017,第二批,加入对比 ,38
汽车服务工程,吉林大学珠海学院,--,344,内蒙古,理科,2017,第二批,加入对比 ,38
药物制剂,吉林大学珠海学院,--,344,内蒙古,理科,2017,第二批,加入对比 ,38
物流工程,吉林大学珠海学院,--,346,内蒙古,理科,2017,第二批,加入对比 ,38
信息管理与信息系统,吉林大学珠海学院,--,350,内蒙古,理科,2017,第二批,加入对比 ,38
车辆工程,吉林大学珠海学院,--,356,内蒙古,理科,2017,第二批,加入对比 ,38
投资学,吉林大学珠海学院,--,351,内蒙古,理科,2017,第二批,加入对比 ,38
中药学,吉林大学珠海学院,--,358,内蒙古,理科,2017,第二批,加入对比 ,38
通信工程,吉林大学珠海学院,--,359,内蒙古,理科,2017,第二批,加入对比 ,38
自动化,吉林大学珠海学院,--,366,内蒙古,理科,2017,第二批,加入对比 ,38
网络工程,吉林大学珠海学院,--,373,内蒙古,理科,2017,第二批,加入对比 ,38
应用化学,吉林大学珠海学院,--,371,内蒙古,理科,2017,第二批,加入对比 ,38
金融学,吉林大学珠海学院,--,377,内蒙古,理科,2017,第二批,加入对比 ,38
计算机科学与技术,吉林大学珠海学院,--,384,内蒙古,理科,2017,第二批,加入对比 ,38
会计学,吉林大学珠海学院,--,420,内蒙古,理科,2017,第二批,加入对比 ,38
软件工程,吉林大学珠海学院,--,429,内蒙古,理科,2017,第二批,加入对比 ,38
地理科学,吉林大学,--,581,河南,理科,2017,第一批,加入对比 ,38
地球物理学,吉林大学,--,585,河南,理科,2017,第一批,加入对比 ,38
测绘工程,吉林大学,--,583,河南,理科,2017,第一批,加入对比 ,38
农业机械化及其自动化,吉林大学,--,585,河南,理科,2017,第一批,加入对比 ,38
康复治疗学,吉林大学,--,593,河南,理科,2017,第一批,加入对比 ,38
土地资源管理,吉林大学,--,583,河南,理科,2017,第一批,加入对比 ,38
地理信息科学,吉林大学,--,590,河南,理科,2017,第一批,加入对比 ,38
工程管理,吉林大学,--,585,河南,理科,2017,第一批,加入对比 ,38
道路桥梁与渡河工程,吉林大学,--,588,河南,理科,2017,第一批,加入对比 ,38
统计学,吉林大学,--,595,河南,理科,2017,第一批,加入对比 ,38
核物理,吉林大学,--,589,河南,理科,2017,第一批,加入对比 ,38
水利类,吉林大学,--,602,河南,理科,2017,第一批,加入对比 ,38
地质工程,吉林大学,--,600,河南,理科,2017,第一批,加入对比 ,38
生物医学工程,吉林大学,--,591,河南,理科,2017,第一批,加入对比 ,38
物流工程,吉林大学,--,587,河南,理科,2017,第一批,加入对比 ,38
地质学,吉林大学,--,591,河南,理科,2017,第一批,加入对比 ,38
测控技术与仪器,吉林大学,--,591,河南,理科,2017,第一批,加入对比 ,38
工业工程,吉林大学,--,588,河南,理科,2017,第一批,加入对比 ,38
广告学,吉林大学,--,589,河南,理科,2017,第一批,加入对比 ,38
交通运输,吉林大学,--,588,河南,理科,2017,第一批,加入对比 ,38
无机非金属材料工程,吉林大学,--,590,河南,理科,2017,第一批,加入对比 ,38
工程力学,吉林大学,--,590,河南,理科,2017,第一批,加入对比 ,38
信息管理与信息系统,吉林大学,--,591,河南,理科,2017,第一批,加入对比 ,38
勘查技术与工程,吉林大学,--,607,河南,理科,2017,第一批,加入对比 ,38
预防医学,吉林大学,--,594,河南,理科,2017,第一批,加入对比 ,38
生物工程,吉林大学,--,594,河南,理科,2017,第一批,加入对比 ,38
食品质量与安全,吉林大学,--,590,河南,理科,2017,第一批,加入对比 ,38
生物科学,吉林大学,--,591,河南,理科,2017,第一批,加入对比 ,38
化学工程与工艺,吉林大学,--,589,河南,理科,2017,第一批,加入对比 ,38
材料科学与工程,吉林大学,--,597,河南,理科,2017,第一批,加入对比 ,38
汽车服务工程,吉林大学,--,597,河南,理科,2017,第一批,加入对比 ,38
信息工程,吉林大学,--,594,河南,理科,2017,第一批,加入对比 ,38
光电信息科学与工程,吉林大学,--,593,河南,理科,2017,第一批,加入对比 ,38
药物制剂,吉林大学,--,596,河南,理科,2017,第一批,加入对比 ,38
信息与计算科学,吉林大学,--,593,河南,理科,2017,第一批,加入对比 ,38
日语,吉林大学,--,591,河南,理科,2017,第一批,加入对比 ,38
应用物理学,吉林大学,--,595,河南,理科,2017,第一批,加入对比 ,38
微电子科学与工程,吉林大学,--,601,河南,理科,2017,第一批,加入对比 ,38
临床药学,吉林大学,--,600,河南,理科,2017,第一批,加入对比 ,38
放射医学,吉林大学,--,595,河南,理科,2017,第一批,加入对比 ,38
环境科学与工程类,吉林大学,--,600,河南,理科,2017,第一批,加入对比 ,38
工商管理,吉林大学,--,597,河南,理科,2017,第一批,加入对比 ,38
土木工程,吉林大学,--,599,河南,理科,2017,第一批,加入对比 ,38
高分子材料与工程,吉林大学,--,602,河南,理科,2017,第一批,加入对比 ,38
英语,吉林大学,--,597,河南,理科,2017,第一批,加入对比 ,38
自动化,吉林大学,--,599,河南,理科,2017,第一批,加入对比 ,38
通信工程,吉林大学,--,596,河南,理科,2017,第一批,加入对比 ,38
材料化学,吉林大学,--,598,河南,理科,2017,第一批,加入对比 ,38
电子信息工程,吉林大学,--,598,河南,理科,2017,第一批,加入对比 ,38
能源与动力工程,吉林大学,--,603,河南,理科,2017,第一批,加入对比 ,38
会计学,吉林大学,--,604,河南,理科,2017,第一批,加入对比 ,38
应用化学,吉林大学,--,605,河南,理科,2017,第一批,加入对比 ,38
金融数学,吉林大学,--,598,河南,理科,2017,第一批,加入对比 ,38
农业机械化及其自动化,吉林大学,--,585,河南,理科,2017,第一批,加入对比 ,39
康复治疗学,吉林大学,--,593,河南,理科,2017,第一批,加入对比 ,39
土地资源管理,吉林大学,--,583,河南,理科,2017,第一批,加入对比 ,39
地理信息科学,吉林大学,--,590,河南,理科,2017,第一批,加入对比 ,39
工程管理,吉林大学,--,585,河南,理科,2017,第一批,加入对比 ,39
道路桥梁与渡河工程,吉林大学,--,588,河南,理科,2017,第一批,加入对比 ,39
统计学,吉林大学,--,595,河南,理科,2017,第一批,加入对比 ,39
核物理,吉林大学,--,589,河南,理科,2017,第一批,加入对比 ,39
水利类,吉林大学,--,602,河南,理科,2017,第一批,加入对比 ,39
地质工程,吉林大学,--,600,河南,理科,2017,第一批,加入对比 ,39
生物医学工程,吉林大学,--,591,河南,理科,2017,第一批,加入对比 ,39
物流工程,吉林大学,--,587,河南,理科,2017,第一批,加入对比 ,39
地质学,吉林大学,--,591,河南,理科,2017,第一批,加入对比 ,39
测控技术与仪器,吉林大学,--,591,河南,理科,2017,第一批,加入对比 ,39
工业工程,吉林大学,--,588,河南,理科,2017,第一批,加入对比 ,39
广告学,吉林大学,--,589,河南,理科,2017,第一批,加入对比 ,39
交通运输,吉林大学,--,588,河南,理科,2017,第一批,加入对比 ,39
无机非金属材料工程,吉林大学,--,590,河南,理科,2017,第一批,加入对比 ,39
工程力学,吉林大学,--,590,河南,理科,2017,第一批,加入对比 ,39
信息管理与信息系统,吉林大学,--,591,河南,理科,2017,第一批,加入对比 ,39
勘查技术与工程,吉林大学,--,607,河南,理科,2017,第一批,加入对比 ,39
预防医学,吉林大学,--,594,河南,理科,2017,第一批,加入对比 ,39
生物工程,吉林大学,--,594,河南,理科,2017,第一批,加入对比 ,39
食品质量与安全,吉林大学,--,590,河南,理科,2017,第一批,加入对比 ,39
生物科学,吉林大学,--,591,河南,理科,2017,第一批,加入对比 ,39
化学工程与工艺,吉林大学,--,589,河南,理科,2017,第一批,加入对比 ,39
材料科学与工程,吉林大学,--,597,河南,理科,2017,第一批,加入对比 ,39
汽车服务工程,吉林大学,--,597,河南,理科,2017,第一批,加入对比 ,39
信息工程,吉林大学,--,594,河南,理科,2017,第一批,加入对比 ,39
光电信息科学与工程,吉林大学,--,593,河南,理科,2017,第一批,加入对比 ,39
药物制剂,吉林大学,--,596,河南,理科,2017,第一批,加入对比 ,39
信息与计算科学,吉林大学,--,593,河南,理科,2017,第一批,加入对比 ,39
日语,吉林大学,--,591,河南,理科,2017,第一批,加入对比 ,39
应用物理学,吉林大学,--,595,河南,理科,2017,第一批,加入对比 ,39
微电子科学与工程,吉林大学,--,601,河南,理科,2017,第一批,加入对比 ,39
临床药学,吉林大学,--,600,河南,理科,2017,第一批,加入对比 ,39
放射医学,吉林大学,--,595,河南,理科,2017,第一批,加入对比 ,39
环境科学与工程类,吉林大学,--,600,河南,理科,2017,第一批,加入对比 ,39
工商管理,吉林大学,--,597,河南,理科,2017,第一批,加入对比 ,39
土木工程,吉林大学,--,599,河南,理科,2017,第一批,加入对比 ,39
高分子材料与工程,吉林大学,--,602,河南,理科,2017,第一批,加入对比 ,39
英语,吉林大学,--,597,河南,理科,2017,第一批,加入对比 ,39
自动化,吉林大学,--,599,河南,理科,2017,第一批,加入对比 ,39
通信工程,吉林大学,--,596,河南,理科,2017,第一批,加入对比 ,39
材料化学,吉林大学,--,598,河南,理科,2017,第一批,加入对比 ,39
电子信息工程,吉林大学,--,598,河南,理科,2017,第一批,加入对比 ,39
能源与动力工程,吉林大学,--,603,河南,理科,2017,第一批,加入对比 ,39
会计学,吉林大学,--,604,河南,理科,2017,第一批,加入对比 ,39
应用化学,吉林大学,--,605,河南,理科,2017,第一批,加入对比 ,39
金融数学,吉林大学,--,598,河南,理科,2017,第一批,加入对比 ,39
化学工程与工艺,吉林大学,--,589,河南,理科,2017,第一批,加入对比 ,40
材料科学与工程,吉林大学,--,597,河南,理科,2017,第一批,加入对比 ,40
汽车服务工程,吉林大学,--,597,河南,理科,2017,第一批,加入对比 ,40
信息工程,吉林大学,--,594,河南,理科,2017,第一批,加入对比 ,40
光电信息科学与工程,吉林大学,--,593,河南,理科,2017,第一批,加入对比 ,40
药物制剂,吉林大学,--,596,河南,理科,2017,第一批,加入对比 ,40
信息与计算科学,吉林大学,--,593,河南,理科,2017,第一批,加入对比 ,40
日语,吉林大学,--,591,河南,理科,2017,第一批,加入对比 ,40
应用物理学,吉林大学,--,595,河南,理科,2017,第一批,加入对比 ,40
微电子科学与工程,吉林大学,--,601,河南,理科,2017,第一批,加入对比 ,40
临床药学,吉林大学,--,600,河南,理科,2017,第一批,加入对比 ,40
放射医学,吉林大学,--,595,河南,理科,2017,第一批,加入对比 ,40
环境科学与工程类,吉林大学,--,600,河南,理科,2017,第一批,加入对比 ,40
工商管理,吉林大学,--,597,河南,理科,2017,第一批,加入对比 ,40
土木工程,吉林大学,--,599,河南,理科,2017,第一批,加入对比 ,40
高分子材料与工程,吉林大学,--,602,河南,理科,2017,第一批,加入对比 ,40
英语,吉林大学,--,597,河南,理科,2017,第一批,加入对比 ,40
自动化,吉林大学,--,599,河南,理科,2017,第一批,加入对比 ,40
通信工程,吉林大学,--,596,河南,理科,2017,第一批,加入对比 ,40
材料化学,吉林大学,--,598,河南,理科,2017,第一批,加入对比 ,40
电子信息工程,吉林大学,--,598,河南,理科,2017,第一批,加入对比 ,40
能源与动力工程,吉林大学,--,603,河南,理科,2017,第一批,加入对比 ,40
会计学,吉林大学,--,604,河南,理科,2017,第一批,加入对比 ,40
应用化学,吉林大学,--,605,河南,理科,2017,第一批,加入对比 ,40
金融数学,吉林大学,--,598,河南,理科,2017,第一批,加入对比 ,40
财政学,吉林大学,--,597,河南,理科,2017,第一批,加入对比 ,41
计算机科学与技术,吉林大学,--,603,河南,理科,2017,第一批,加入对比 ,41
物联网工程,吉林大学,--,599,河南,理科,2017,第一批,加入对比 ,41
机械工程,吉林大学,--,603,河南,理科,2017,第一批,加入对比 ,41
数学与应用数学,吉林大学,--,602,河南,理科,2017,第一批,加入对比 ,41
经济学,吉林大学,--,599,河南,理科,2017,第一批,加入对比 ,41
化学,吉林大学,--,606,河南,理科,2017,第一批,加入对比 ,41
法学,吉林大学,--,605,河南,理科,2017,第一批,加入对比 ,41
金融学,吉林大学,--,605,河南,理科,2017,第一批,加入对比 ,41
车辆工程,吉林大学,--,619,河南,理科,2017,第一批,加入对比 ,41
广告学,吉林大学,--,600,广西,文科,2017,第一批,加入对比 ,41
西班牙语,吉林大学,--,606,广西,文科,2017,第一批,加入对比 ,41
汉语言文学,吉林大学,--,610,广西,文科,2017,第一批,加入对比 ,41
国际政治,吉林大学,--,600,广西,文科,2017,第一批,加入对比 ,41
法学,吉林大学,--,617,广西,文科,2017,第一批,加入对比 ,41
经济学,吉林大学,--,609,广西,文科,2017,第一批,加入对比 ,41
会计学,吉林大学珠海学院,--,510,广西,文科,2017,第二批,加入对比 ,41
广告学,吉林大学珠海学院,--,499,广西,文科,2017,第二批,加入对比 ,41
金融学,吉林大学珠海学院,--,528,广西,文科,2017,第二批,加入对比 ,41
光电信息科学与工程,吉林大学,--,569,贵州,理科,2017,第一批,加入对比 ,41
通信工程,吉林大学,--,570,贵州,理科,2017,第一批,加入对比 ,41
电子信息工程,吉林大学,--,570,贵州,理科,2017,第一批,加入对比 ,41
经济学,吉林大学,--,571,贵州,理科,2017,第一批,加入对比 ,42
会计学,吉林大学,--,576,贵州,理科,2017,第一批,加入对比 ,42
计算机科学与技术,吉林大学,--,577,贵州,理科,2017,第一批,加入对比 ,42
化学,吉林大学,--,580,贵州,理科,2017,第一批,加入对比 ,42
软件工程,吉林大学,--,582,贵州,理科,2017,第一批,加入对比 ,42
金融学,吉林大学,--,582,贵州,理科,2017,第一批,加入对比 ,42
工商管理,吉林大学,--,587,贵州,理科,2017,第一批,加入对比 ,42
康复治疗学,吉林大学,--,587,贵州,理科,2017,第一批,加入对比 ,42
车辆工程,吉林大学,--,589,贵州,理科,2017,第一批,加入对比 ,42
计算机科学与技术,吉林大学,--,580,云南,理科,2017,第一批,加入对比 ,42
信息管理与信息系统,吉林大学,--,585,云南,理科,2017,第一批,加入对比 ,42
材料科学与工程,吉林大学,--,586,云南,理科,2017,第一批,加入对比 ,42
地质工程,吉林大学,--,590,云南,理科,2017,第一批,加入对比 ,42
通信工程,吉林大学,--,597,云南,理科,2017,第一批,加入对比 ,42
工商管理,吉林大学,--,598,云南,理科,2017,第一批,加入对比 ,42
车辆工程,吉林大学,--,598,云南,理科,2017,第一批,加入对比 ,42
数学与应用数学,吉林大学,--,600,云南,理科,2017,第一批,加入对比 ,42
经济学,吉林大学,--,600,云南,理科,2017,第一批,加入对比 ,42
物理学,吉林大学,--,602,云南,理科,2017,第一批,加入对比 ,42
法学,吉林大学,--,603,云南,理科,2017,第一批,加入对比 ,42
电子科学与技术,吉林大学,--,607,云南,理科,2017,第一批,加入对比 ,42
软件工程,吉林大学,--,609,云南,理科,2017,第一批,加入对比 ,42
金融学,吉林大学,--,610,云南,理科,2017,第一批,加入对比 ,42
信息管理与信息系统,吉林大学,--,537,宁夏,理科,2017,第一批,加入对比 ,42
生物医学工程,吉林大学,--,537,宁夏,理科,2017,第一批,加入对比 ,42
土木工程,吉林大学,--,537,宁夏,理科,2017,第一批,加入对比 ,42
水利类,吉林大学,--,538,宁夏,理科,2017,第一批,加入对比 ,42
数学与应用数学,吉林大学,--,538,宁夏,理科,2017,第一批,加入对比 ,42
电子科学与技术,吉林大学,--,540,宁夏,理科,2017,第一批,加入对比 ,42
材料成型及控制工程,吉林大学,--,542,宁夏,理科,2017,第一批,加入对比 ,42
地质学,吉林大学,--,542,宁夏,理科,2017,第一批,加入对比 ,42
工商管理,吉林大学,--,543,宁夏,理科,2017,第一批,加入对比 ,42
化学,吉林大学,--,543,宁夏,理科,2017,第一批,加入对比 ,42
农业机械化及其自动化,吉林大学,--,545,宁夏,理科,2017,第一批,加入对比 ,42
生物制药,吉林大学,--,546,宁夏,理科,2017,第一批,加入对比 ,42
材料物理,吉林大学,--,546,宁夏,理科,2017,第一批,加入对比 ,42
金融学,吉林大学,--,546,宁夏,理科,2017,第一批,加入对比 ,42
软件工程,吉林大学,--,548,宁夏,理科,2017,第一批,加入对比 ,42
自动化,吉林大学,--,548,宁夏,理科,2017,第一批,加入对比 ,42
经济学,吉林大学,--,549,宁夏,理科,2017,第一批,加入对比 ,42
通信工程,吉林大学,--,550,宁夏,理科,2017,第一批,加入对比 ,42
测控技术与仪器,吉林大学,--,551,宁夏,理科,2017,第一批,加入对比 ,42
物理学,吉林大学,--,552,宁夏,理科,2017,第一批,加入对比 ,42
计算机科学与技术,吉林大学,--,559,宁夏,理科,2017,第一批,加入对比 ,42
能源与动力工程,吉林大学,--,559,宁夏,理科,2017,第一批,加入对比 ,42
机械工程,吉林大学,--,559,宁夏,理科,2017,第一批,加入对比 ,42
会计学,吉林大学,--,565,宁夏,理科,2017,第一批,加入对比 ,42
车辆工程,吉林大学,--,573,宁夏,理科,2017,第一批,加入对比 ,42
地质工程,吉林大学,--,543,新疆,理科,2017,第一批,加入对比 ,42
地理科学,吉林大学,--,547,新疆,理科,2017,第一批,加入对比 ,42
土木工程,吉林大学,--,537,宁夏,理科,2017,第一批,加入对比 ,43
水利类,吉林大学,--,538,宁夏,理科,2017,第一批,加入对比 ,43
数学与应用数学,吉林大学,--,538,宁夏,理科,2017,第一批,加入对比 ,43
电子科学与技术,吉林大学,--,540,宁夏,理科,2017,第一批,加入对比 ,43
材料成型及控制工程,吉林大学,--,542,宁夏,理科,2017,第一批,加入对比 ,43
地质学,吉林大学,--,542,宁夏,理科,2017,第一批,加入对比 ,43
工商管理,吉林大学,--,543,宁夏,理科,2017,第一批,加入对比 ,43
化学,吉林大学,--,543,宁夏,理科,2017,第一批,加入对比 ,43
农业机械化及其自动化,吉林大学,--,545,宁夏,理科,2017,第一批,加入对比 ,43
生物制药,吉林大学,--,546,宁夏,理科,2017,第一批,加入对比 ,43
材料物理,吉林大学,--,546,宁夏,理科,2017,第一批,加入对比 ,43
金融学,吉林大学,--,546,宁夏,理科,2017,第一批,加入对比 ,43
软件工程,吉林大学,--,548,宁夏,理科,2017,第一批,加入对比 ,43
自动化,吉林大学,--,548,宁夏,理科,2017,第一批,加入对比 ,43
经济学,吉林大学,--,549,宁夏,理科,2017,第一批,加入对比 ,43
通信工程,吉林大学,--,550,宁夏,理科,2017,第一批,加入对比 ,43
测控技术与仪器,吉林大学,--,551,宁夏,理科,2017,第一批,加入对比 ,43
物理学,吉林大学,--,552,宁夏,理科,2017,第一批,加入对比 ,43
计算机科学与技术,吉林大学,--,559,宁夏,理科,2017,第一批,加入对比 ,43
能源与动力工程,吉林大学,--,559,宁夏,理科,2017,第一批,加入对比 ,43
机械工程,吉林大学,--,559,宁夏,理科,2017,第一批,加入对比 ,43
会计学,吉林大学,--,565,宁夏,理科,2017,第一批,加入对比 ,43
车辆工程,吉林大学,--,573,宁夏,理科,2017,第一批,加入对比 ,43
地质工程,吉林大学,--,543,新疆,理科,2017,第一批,加入对比 ,43
地理科学,吉林大学,--,547,新疆,理科,2017,第一批,加入对比 ,43
档案学,吉林大学,--,545,新疆,理科,2017,第一批,加入对比 ,43
农林经济管理,吉林大学,--,545,新疆,理科,2017,第一批,加入对比 ,43
信息管理与信息系统,吉林大学,--,549,新疆,理科,2017,第一批,加入对比 ,43
地质学,吉林大学,--,549,新疆,理科,2017,第一批,加入对比 ,43
生物科学,吉林大学,--,548,新疆,理科,2017,第一批,加入对比 ,43
水利类,吉林大学,--,551,新疆,理科,2017,第一批,加入对比 ,43
汽车服务工程,吉林大学,--,552,新疆,理科,2017,第一批,加入对比 ,43
康复治疗学,吉林大学,--,555,新疆,理科,2017,第一批,加入对比 ,43
信息与计算科学,吉林大学,--,555,新疆,理科,2017,第一批,加入对比 ,43
食品质量与安全,吉林大学,--,562,新疆,理科,2017,第一批,加入对比 ,43
电子科学与技术,吉林大学,--,561,新疆,理科,2017,第一批,加入对比 ,43
材料成型及控制工程,吉林大学,--,558,新疆,理科,2017,第一批,加入对比 ,43
通信工程,吉林大学,--,556,新疆,理科,2017,第一批,加入对比 ,43
农业机械化及其自动化,吉林大学,--,559,新疆,理科,2017,第一批,加入对比 ,43
生物医学工程,吉林大学,--,557,新疆,理科,2017,第一批,加入对比 ,43
法学,吉林大学,--,562,新疆,理科,2017,第一批,加入对比 ,43
软件工程,吉林大学,--,560,新疆,理科,2017,第一批,加入对比 ,43
临床药学,吉林大学,--,563,新疆,理科,2017,第一批,加入对比 ,43
计算机科学与技术,吉林大学,--,560,新疆,理科,2017,第一批,加入对比 ,43
放射医学,吉林大学,--,564,新疆,理科,2017,第一批,加入对比 ,43
能源与动力工程,吉林大学,--,577,新疆,理科,2017,第一批,加入对比 ,43
会计学,吉林大学,--,564,新疆,理科,2017,第一批,加入对比 ,43
工商管理,吉林大学,--,566,新疆,理科,2017,第一批,加入对比 ,43
环境科学与工程类,吉林大学,--,567,新疆,理科,2017,第一批,加入对比 ,43
经济学,吉林大学,--,567,新疆,理科,2017,第一批,加入对比 ,43
机械工程,吉林大学,--,575,新疆,理科,2017,第一批,加入对比 ,43
物理学,吉林大学,--,571,新疆,理科,2017,第一批,加入对比 ,43
俄语,吉林大学,--,574,新疆,文科,2017,第一批,加入对比 ,43
新闻学,吉林大学,--,573,新疆,文科,2017,第一批,加入对比 ,43
国际政治,吉林大学,--,574,新疆,文科,2017,第一批,加入对比 ,43
法学,吉林大学,--,584,新疆,文科,2017,第一批,加入对比 ,43
车辆工程,吉林大学,--,591,新疆,理科,2017,第一批,加入对比 ,43
车辆工程,吉林大学珠海学院,--,379,新疆,理科,2017,第二批,加入对比 ,43
信息管理与信息系统,吉林大学珠海学院,--,380,新疆,理科,2017,第二批,加入对比 ,43
软件工程,吉林大学珠海学院,--,383,新疆,理科,2017,第二批,加入对比 ,43
投资学,吉林大学珠海学院,--,396,新疆,理科,2017,第二批,加入对比 ,43
城乡规划,吉林大学珠海学院,--,393,新疆,理科,2017,第二批,加入对比 ,43
计算机科学与技术,吉林大学珠海学院,--,395,新疆,理科,2017,第二批,加入对比 ,43
金融学,吉林大学珠海学院,--,423,新疆,理科,2017,第二批,加入对比 ,43
自动化,吉林大学珠海学院,--,406,新疆,理科,2017,第二批,加入对比 ,43
会计学,吉林大学珠海学院,--,411,新疆,理科,2017,第二批,加入对比 ,43
工商管理,吉林大学珠海学院,--,433,新疆,文科,2017,第二批,加入对比 ,43
金融学,吉林大学珠海学院,--,443,新疆,文科,2017,第二批,加入对比 ,43
网络工程,吉林大学珠海学院,--,475,北京,理科,2016,第三批,加入对比 ,43
动物科学,吉林大学,566,--,辽宁,理科,2016,第一批,加入对比 ,43
园艺,吉林大学,568,--,辽宁,理科,2016,第一批,加入对比 ,43
广告学,吉林大学,585,--,辽宁,文科,2016,第一批,加入对比 ,43
农林经济管理,吉林大学,587,--,辽宁,文科,2016,第一批,加入对比 ,43
历史学,吉林大学,589,--,辽宁,文科,2016,第一批,加入对比 ,43
俄语,吉林大学,589,--,辽宁,文科,2016,第一批,加入对比 ,43
档案学,吉林大学,--,545,新疆,理科,2017,第一批,加入对比 ,44
农林经济管理,吉林大学,--,545,新疆,理科,2017,第一批,加入对比 ,44
信息管理与信息系统,吉林大学,--,549,新疆,理科,2017,第一批,加入对比 ,44
地质学,吉林大学,--,549,新疆,理科,2017,第一批,加入对比 ,44
生物科学,吉林大学,--,548,新疆,理科,2017,第一批,加入对比 ,44
水利类,吉林大学,--,551,新疆,理科,2017,第一批,加入对比 ,44
汽车服务工程,吉林大学,--,552,新疆,理科,2017,第一批,加入对比 ,44
康复治疗学,吉林大学,--,555,新疆,理科,2017,第一批,加入对比 ,44
信息与计算科学,吉林大学,--,555,新疆,理科,2017,第一批,加入对比 ,44
食品质量与安全,吉林大学,--,562,新疆,理科,2017,第一批,加入对比 ,44
电子科学与技术,吉林大学,--,561,新疆,理科,2017,第一批,加入对比 ,44
材料成型及控制工程,吉林大学,--,558,新疆,理科,2017,第一批,加入对比 ,44
通信工程,吉林大学,--,556,新疆,理科,2017,第一批,加入对比 ,44
农业机械化及其自动化,吉林大学,--,559,新疆,理科,2017,第一批,加入对比 ,44
生物医学工程,吉林大学,--,557,新疆,理科,2017,第一批,加入对比 ,44
法学,吉林大学,--,562,新疆,理科,2017,第一批,加入对比 ,44
软件工程,吉林大学,--,560,新疆,理科,2017,第一批,加入对比 ,44
临床药学,吉林大学,--,563,新疆,理科,2017,第一批,加入对比 ,44
计算机科学与技术,吉林大学,--,560,新疆,理科,2017,第一批,加入对比 ,44
放射医学,吉林大学,--,564,新疆,理科,2017,第一批,加入对比 ,44
能源与动力工程,吉林大学,--,577,新疆,理科,2017,第一批,加入对比 ,44
会计学,吉林大学,--,564,新疆,理科,2017,第一批,加入对比 ,44
工商管理,吉林大学,--,566,新疆,理科,2017,第一批,加入对比 ,44
环境科学与工程类,吉林大学,--,567,新疆,理科,2017,第一批,加入对比 ,44
经济学,吉林大学,--,567,新疆,理科,2017,第一批,加入对比 ,44
机械工程,吉林大学,--,575,新疆,理科,2017,第一批,加入对比 ,44
物理学,吉林大学,--,571,新疆,理科,2017,第一批,加入对比 ,44
俄语,吉林大学,--,574,新疆,文科,2017,第一批,加入对比 ,44
新闻学,吉林大学,--,573,新疆,文科,2017,第一批,加入对比 ,44
国际政治,吉林大学,--,574,新疆,文科,2017,第一批,加入对比 ,44
法学,吉林大学,--,584,新疆,文科,2017,第一批,加入对比 ,44
车辆工程,吉林大学,--,591,新疆,理科,2017,第一批,加入对比 ,44
车辆工程,吉林大学珠海学院,--,379,新疆,理科,2017,第二批,加入对比 ,44
信息管理与信息系统,吉林大学珠海学院,--,380,新疆,理科,2017,第二批,加入对比 ,44
软件工程,吉林大学珠海学院,--,383,新疆,理科,2017,第二批,加入对比 ,44
投资学,吉林大学珠海学院,--,396,新疆,理科,2017,第二批,加入对比 ,44
城乡规划,吉林大学珠海学院,--,393,新疆,理科,2017,第二批,加入对比 ,44
计算机科学与技术,吉林大学珠海学院,--,395,新疆,理科,2017,第二批,加入对比 ,44
金融学,吉林大学珠海学院,--,423,新疆,理科,2017,第二批,加入对比 ,44
自动化,吉林大学珠海学院,--,406,新疆,理科,2017,第二批,加入对比 ,44
会计学,吉林大学珠海学院,--,411,新疆,理科,2017,第二批,加入对比 ,44
工商管理,吉林大学珠海学院,--,433,新疆,文科,2017,第二批,加入对比 ,44
金融学,吉林大学珠海学院,--,443,新疆,文科,2017,第二批,加入对比 ,44
网络工程,吉林大学珠海学院,--,475,北京,理科,2016,第三批,加入对比 ,44
动物科学,吉林大学,566,--,辽宁,理科,2016,第一批,加入对比 ,44
园艺,吉林大学,568,--,辽宁,理科,2016,第一批,加入对比 ,44
广告学,吉林大学,585,--,辽宁,文科,2016,第一批,加入对比 ,44
农林经济管理,吉林大学,587,--,辽宁,文科,2016,第一批,加入对比 ,44
历史学,吉林大学,589,--,辽宁,文科,2016,第一批,加入对比 ,44
俄语,吉林大学,589,--,辽宁,文科,2016,第一批,加入对比 ,44
外交学,吉林大学,590,--,辽宁,文科,2016,第一批,加入对比 ,44
英语,吉林大学,590,--,辽宁,文科,2016,第一批,加入对比 ,44
政治学与行政学,吉林大学,591,--,辽宁,文科,2016,第一批,加入对比 ,44
新闻学,吉林大学,591,--,辽宁,文科,2016,第一批,加入对比 ,44
社会学,吉林大学,591,--,辽宁,文科,2016,第一批,加入对比 ,44
日语,吉林大学,591,--,辽宁,文科,2016,第一批,加入对比 ,44
汉语言文学,吉林大学,595,--,辽宁,文科,2016,第一批,加入对比 ,44
财政学,吉林大学,596,--,辽宁,文科,2016,第一批,加入对比 ,44
西班牙语,吉林大学,596,--,辽宁,文科,2016,第一批,加入对比 ,44
金融学,吉林大学,596,--,辽宁,文科,2016,第一批,加入对比 ,44
法学,吉林大学,596,--,辽宁,文科,2016,第一批,加入对比 ,44
文物与博物馆学,吉林大学,596,--,辽宁,文科,2016,第一批,加入对比 ,44
经济学,吉林大学,598,--,辽宁,文科,2016,第一批,加入对比 ,44
地理科学,吉林大学,599,--,辽宁,理科,2016,第一批,加入对比 ,44
资源勘查工程,吉林大学,599,--,辽宁,理科,2016,第一批,加入对比 ,44
地球物理学,吉林大学,600,--,辽宁,理科,2016,第一批,加入对比 ,44
测绘工程,吉林大学,600,--,辽宁,理科,2016,第一批,加入对比 ,44
地质学,吉林大学,600,--,辽宁,理科,2016,第一批,加入对比 ,44
软件工程,吉林大学,600,--,辽宁,理科,2016,第一批,加入对比 ,44
档案学,吉林大学,600,--,辽宁,理科,2016,第一批,加入对比 ,44
农林经济管理,吉林大学,600,--,辽宁,理科,2016,第一批,加入对比 ,44
食品质量与安全,吉林大学,601,--,辽宁,理科,2016,第一批,加入对比 ,44
环境科学,吉林大学,601,--,辽宁,理科,2016,第一批,加入对比 ,44
物流工程,吉林大学,601,--,辽宁,理科,2016,第一批,加入对比 ,44
无机非金属材料工程,吉林大学,601,--,辽宁,理科,2016,第一批,加入对比 ,44
考古学,吉林大学,602,--,辽宁,文科,2016,第一批,加入对比 ,44
土木工程,吉林大学,602,--,辽宁,理科,2016,第一批,加入对比 ,44
食品科学与工程,吉林大学,602,--,辽宁,理科,2016,第一批,加入对比 ,44
预防医学,吉林大学,602,--,辽宁,理科,2016,第一批,加入对比 ,44
放射医学,吉林大学,602,--,辽宁,理科,2016,第一批,加入对比 ,44
生物技术,吉林大学,602,--,辽宁,理科,2016,第一批,加入对比 ,44
交通运输,吉林大学,602,--,辽宁,理科,2016,第一批,加入对比 ,44
包装工程,吉林大学,602,--,辽宁,理科,2016,第一批,加入对比 ,44
信息工程,吉林大学,602,--,辽宁,理科,2016,第一批,加入对比 ,44
工程力学,吉林大学,602,--,辽宁,理科,2016,第一批,加入对比 ,44
地理信息科学,吉林大学,603,--,辽宁,理科,2016,第一批,加入对比 ,44
材料成型及控制工程,吉林大学,603,--,辽宁,理科,2016,第一批,加入对比 ,44
核物理,吉林大学,604,--,辽宁,理科,2016,第一批,加入对比 ,44
应用物理学,吉林大学,604,--,辽宁,理科,2016,第一批,加入对比 ,44
信息管理与信息系统,吉林大学,604,--,辽宁,理科,2016,第一批,加入对比 ,44
工业工程,吉林大学,604,--,辽宁,理科,2016,第一批,加入对比 ,44
临床药学,吉林大学,604,--,辽宁,理科,2016,第一批,加入对比 ,44
环境工程,吉林大学,604,--,辽宁,理科,2016,第一批,加入对比 ,44
材料物理,吉林大学,604,--,辽宁,理科,2016,第一批,加入对比 ,44
药物制剂,吉林大学,604,--,辽宁,理科,2016,第一批,加入对比 ,44
土地资源管理,吉林大学,604,--,辽宁,理科,2016,第一批,加入对比 ,44
工商管理,吉林大学,605,--,辽宁,理科,2016,第一批,加入对比 ,44
农业机械化及其自动化,吉林大学,605,--,辽宁,理科,2016,第一批,加入对比 ,44
交通工程,吉林大学,605,--,辽宁,理科,2016,第一批,加入对比 ,44
日语,吉林大学,605,--,辽宁,理科,2016,第一批,加入对比 ,44
机械工程,吉林大学,--,575,新疆,理科,2017,第一批,加入对比 ,45
物理学,吉林大学,--,571,新疆,理科,2017,第一批,加入对比 ,45
俄语,吉林大学,--,574,新疆,文科,2017,第一批,加入对比 ,45
新闻学,吉林大学,--,573,新疆,文科,2017,第一批,加入对比 ,45
国际政治,吉林大学,--,574,新疆,文科,2017,第一批,加入对比 ,45
法学,吉林大学,--,584,新疆,文科,2017,第一批,加入对比 ,45
车辆工程,吉林大学,--,591,新疆,理科,2017,第一批,加入对比 ,45
车辆工程,吉林大学珠海学院,--,379,新疆,理科,2017,第二批,加入对比 ,45
信息管理与信息系统,吉林大学珠海学院,--,380,新疆,理科,2017,第二批,加入对比 ,45
软件工程,吉林大学珠海学院,--,383,新疆,理科,2017,第二批,加入对比 ,45
投资学,吉林大学珠海学院,--,396,新疆,理科,2017,第二批,加入对比 ,45
城乡规划,吉林大学珠海学院,--,393,新疆,理科,2017,第二批,加入对比 ,45
计算机科学与技术,吉林大学珠海学院,--,395,新疆,理科,2017,第二批,加入对比 ,45
金融学,吉林大学珠海学院,--,423,新疆,理科,2017,第二批,加入对比 ,45
自动化,吉林大学珠海学院,--,406,新疆,理科,2017,第二批,加入对比 ,45
会计学,吉林大学珠海学院,--,411,新疆,理科,2017,第二批,加入对比 ,45
工商管理,吉林大学珠海学院,--,433,新疆,文科,2017,第二批,加入对比 ,45
金融学,吉林大学珠海学院,--,443,新疆,文科,2017,第二批,加入对比 ,45
网络工程,吉林大学珠海学院,--,475,北京,理科,2016,第三批,加入对比 ,45
动物科学,吉林大学,566,--,辽宁,理科,2016,第一批,加入对比 ,45
园艺,吉林大学,568,--,辽宁,理科,2016,第一批,加入对比 ,45
广告学,吉林大学,585,--,辽宁,文科,2016,第一批,加入对比 ,45
农林经济管理,吉林大学,587,--,辽宁,文科,2016,第一批,加入对比 ,45
历史学,吉林大学,589,--,辽宁,文科,2016,第一批,加入对比 ,45
俄语,吉林大学,589,--,辽宁,文科,2016,第一批,加入对比 ,45
外交学,吉林大学,590,--,辽宁,文科,2016,第一批,加入对比 ,45
英语,吉林大学,590,--,辽宁,文科,2016,第一批,加入对比 ,45
政治学与行政学,吉林大学,591,--,辽宁,文科,2016,第一批,加入对比 ,45
新闻学,吉林大学,591,--,辽宁,文科,2016,第一批,加入对比 ,45
社会学,吉林大学,591,--,辽宁,文科,2016,第一批,加入对比 ,45
日语,吉林大学,591,--,辽宁,文科,2016,第一批,加入对比 ,45
汉语言文学,吉林大学,595,--,辽宁,文科,2016,第一批,加入对比 ,45
财政学,吉林大学,596,--,辽宁,文科,2016,第一批,加入对比 ,45
西班牙语,吉林大学,596,--,辽宁,文科,2016,第一批,加入对比 ,45
金融学,吉林大学,596,--,辽宁,文科,2016,第一批,加入对比 ,45
法学,吉林大学,596,--,辽宁,文科,2016,第一批,加入对比 ,45
文物与博物馆学,吉林大学,596,--,辽宁,文科,2016,第一批,加入对比 ,45
经济学,吉林大学,598,--,辽宁,文科,2016,第一批,加入对比 ,45
地理科学,吉林大学,599,--,辽宁,理科,2016,第一批,加入对比 ,45
资源勘查工程,吉林大学,599,--,辽宁,理科,2016,第一批,加入对比 ,45
地球物理学,吉林大学,600,--,辽宁,理科,2016,第一批,加入对比 ,45
测绘工程,吉林大学,600,--,辽宁,理科,2016,第一批,加入对比 ,45
地质学,吉林大学,600,--,辽宁,理科,2016,第一批,加入对比 ,45
软件工程,吉林大学,600,--,辽宁,理科,2016,第一批,加入对比 ,45
档案学,吉林大学,600,--,辽宁,理科,2016,第一批,加入对比 ,45
农林经济管理,吉林大学,600,--,辽宁,理科,2016,第一批,加入对比 ,45
食品质量与安全,吉林大学,601,--,辽宁,理科,2016,第一批,加入对比 ,45
环境科学,吉林大学,601,--,辽宁,理科,2016,第一批,加入对比 ,45
物流工程,吉林大学,601,--,辽宁,理科,2016,第一批,加入对比 ,45
无机非金属材料工程,吉林大学,601,--,辽宁,理科,2016,第一批,加入对比 ,45
考古学,吉林大学,602,--,辽宁,文科,2016,第一批,加入对比 ,45
土木工程,吉林大学,602,--,辽宁,理科,2016,第一批,加入对比 ,45
食品科学与工程,吉林大学,602,--,辽宁,理科,2016,第一批,加入对比 ,45
预防医学,吉林大学,602,--,辽宁,理科,2016,第一批,加入对比 ,45
放射医学,吉林大学,602,--,辽宁,理科,2016,第一批,加入对比 ,45
生物技术,吉林大学,602,--,辽宁,理科,2016,第一批,加入对比 ,45
交通运输,吉林大学,602,--,辽宁,理科,2016,第一批,加入对比 ,45
包装工程,吉林大学,602,--,辽宁,理科,2016,第一批,加入对比 ,45
信息工程,吉林大学,602,--,辽宁,理科,2016,第一批,加入对比 ,45
工程力学,吉林大学,602,--,辽宁,理科,2016,第一批,加入对比 ,45
地理信息科学,吉林大学,603,--,辽宁,理科,2016,第一批,加入对比 ,45
材料成型及控制工程,吉林大学,603,--,辽宁,理科,2016,第一批,加入对比 ,45
核物理,吉林大学,604,--,辽宁,理科,2016,第一批,加入对比 ,45
应用物理学,吉林大学,604,--,辽宁,理科,2016,第一批,加入对比 ,45
信息管理与信息系统,吉林大学,604,--,辽宁,理科,2016,第一批,加入对比 ,45
工业工程,吉林大学,604,--,辽宁,理科,2016,第一批,加入对比 ,45
临床药学,吉林大学,604,--,辽宁,理科,2016,第一批,加入对比 ,45
环境工程,吉林大学,604,--,辽宁,理科,2016,第一批,加入对比 ,45
材料物理,吉林大学,604,--,辽宁,理科,2016,第一批,加入对比 ,45
药物制剂,吉林大学,604,--,辽宁,理科,2016,第一批,加入对比 ,45
土地资源管理,吉林大学,604,--,辽宁,理科,2016,第一批,加入对比 ,45
工商管理,吉林大学,605,--,辽宁,理科,2016,第一批,加入对比 ,45
农业机械化及其自动化,吉林大学,605,--,辽宁,理科,2016,第一批,加入对比 ,45
交通工程,吉林大学,605,--,辽宁,理科,2016,第一批,加入对比 ,45
日语,吉林大学,605,--,辽宁,理科,2016,第一批,加入对比 ,45
物联网工程,吉林大学,607,--,辽宁,理科,2016,第一批,加入对比 ,45
材料科学与工程,吉林大学,607,--,辽宁,理科,2016,第一批,加入对比 ,45
光电信息科学与工程,吉林大学,609,--,辽宁,理科,2016,第一批,加入对比 ,45
通信工程,吉林大学,609,--,辽宁,理科,2016,第一批,加入对比 ,45
电子信息工程,吉林大学,610,--,辽宁,理科,2016,第一批,加入对比 ,45
电子科学与技术,吉林大学,610,--,辽宁,理科,2016,第一批,加入对比 ,45
计算机科学与技术,吉林大学,610,--,辽宁,理科,2016,第一批,加入对比 ,45
自动化,吉林大学,610,--,辽宁,理科,2016,第一批,加入对比 ,45
能源与动力工程,吉林大学,611,--,辽宁,理科,2016,第一批,加入对比 ,45
机械工程,吉林大学,611,--,辽宁,理科,2016,第一批,加入对比 ,45
微电子科学与工程,吉林大学,612,--,辽宁,理科,2016,第一批,加入对比 ,45
生物科学,吉林大学,613,--,辽宁,理科,2016,第一批,加入对比 ,45
信息与计算科学,吉林大学,613,--,辽宁,理科,2016,第一批,加入对比 ,45
应用化学,吉林大学,613,--,辽宁,理科,2016,第一批,加入对比 ,45
高分子材料与工程,吉林大学,613,--,辽宁,理科,2016,第一批,加入对比 ,45
化学工程与工艺,吉林大学,614,--,辽宁,理科,2016,第一批,加入对比 ,45
物理学,吉林大学,614,--,辽宁,理科,2016,第一批,加入对比 ,45
电气工程及其自动化,吉林大学,615,--,辽宁,理科,2016,第一批,加入对比 ,45
统计学,吉林大学,615,--,辽宁,理科,2016,第一批,加入对比 ,45
材料化学,吉林大学,618,--,辽宁,理科,2016,第一批,加入对比 ,45
金融数学,吉林大学,620,--,辽宁,理科,2016,第一批,加入对比 ,45
财政学,吉林大学,621,--,辽宁,理科,2016,第一批,加入对比 ,45
数学与应用数学,吉林大学,622,--,辽宁,理科,2016,第一批,加入对比 ,45
经济学,吉林大学,623,--,辽宁,理科,2016,第一批,加入对比 ,45
英语,吉林大学,625,--,辽宁,理科,2016,第一批,加入对比 ,45
化学,吉林大学,627,--,辽宁,理科,2016,第一批,加入对比 ,45
法学,吉林大学,627,--,辽宁,理科,2016,第一批,加入对比 ,45
会计学,吉林大学,627,--,辽宁,理科,2016,第一批,加入对比 ,45
车辆工程,吉林大学,631,--,辽宁,理科,2016,第一批,加入对比 ,45
金融学,吉林大学,632,--,辽宁,理科,2016,第一批,加入对比 ,45
汽车服务工程,吉林大学珠海学院,422,--,辽宁,理科,2016,第二批,加入对比 ,45
药物制剂,吉林大学珠海学院,425,--,辽宁,理科,2016,第二批,加入对比 ,45
网络工程,吉林大学珠海学院,434,--,辽宁,理科,2016,第二批,加入对比 ,45
材料科学与工程,吉林大学珠海学院,436,--,辽宁,理科,2016,第二批,加入对比 ,45
车辆工程,吉林大学珠海学院,436,--,辽宁,理科,2016,第二批,加入对比 ,45
机械设计制造及其自动化,吉林大学珠海学院,436,--,辽宁,理科,2016,第二批,加入对比 ,45
通信工程,吉林大学珠海学院,440,--,辽宁,理科,2016,第二批,加入对比 ,45
金融学,吉林大学珠海学院,451,--,辽宁,理科,2016,第二批,加入对比 ,45
工商管理,吉林大学珠海学院,463,--,辽宁,文科,2016,第二批,加入对比 ,45
日语,吉林大学珠海学院,464,--,辽宁,文科,2016,第二批,加入对比 ,45
朝鲜语,吉林大学珠海学院,465,--,辽宁,文科,2016,第二批,加入对比 ,45
会计学,吉林大学珠海学院,473,--,辽宁,文科,2016,第二批,加入对比 ,45
金融学,吉林大学珠海学院,474,--,辽宁,文科,2016,第二批,加入对比 ,45
广告学,吉林大学珠海学院,484,--,辽宁,文科,2016,第二批,加入对比 ,45
市场营销,吉林大学,397,430,黑龙江,理科,2016,专科,加入对比 ,45
酒店管理,吉林大学,413,422,黑龙江,文科,2016,专科,加入对比 ,45
哲学,吉林大学,571,572,黑龙江,文科,2016,第一批,加入对比 ,45
国际政治,吉林大学,572,577,黑龙江,文科,2016,第一批,加入对比 ,45
文物与博物馆学,吉林大学,572,573,黑龙江,文科,2016,第一批,加入对比 ,45
朝鲜语,吉林大学,572,575,黑龙江,文科,2016,第一批,加入对比 ,45
外交学,吉林大学,590,--,辽宁,文科,2016,第一批,加入对比 ,46
英语,吉林大学,590,--,辽宁,文科,2016,第一批,加入对比 ,46
政治学与行政学,吉林大学,591,--,辽宁,文科,2016,第一批,加入对比 ,46
新闻学,吉林大学,591,--,辽宁,文科,2016,第一批,加入对比 ,46
社会学,吉林大学,591,--,辽宁,文科,2016,第一批,加入对比 ,46
日语,吉林大学,591,--,辽宁,文科,2016,第一批,加入对比 ,46
汉语言文学,吉林大学,595,--,辽宁,文科,2016,第一批,加入对比 ,46
财政学,吉林大学,596,--,辽宁,文科,2016,第一批,加入对比 ,46
西班牙语,吉林大学,596,--,辽宁,文科,2016,第一批,加入对比 ,46
金融学,吉林大学,596,--,辽宁,文科,2016,第一批,加入对比 ,46
法学,吉林大学,596,--,辽宁,文科,2016,第一批,加入对比 ,46
文物与博物馆学,吉林大学,596,--,辽宁,文科,2016,第一批,加入对比 ,46
经济学,吉林大学,598,--,辽宁,文科,2016,第一批,加入对比 ,46
地理科学,吉林大学,599,--,辽宁,理科,2016,第一批,加入对比 ,46
资源勘查工程,吉林大学,599,--,辽宁,理科,2016,第一批,加入对比 ,46
地球物理学,吉林大学,600,--,辽宁,理科,2016,第一批,加入对比 ,46
测绘工程,吉林大学,600,--,辽宁,理科,2016,第一批,加入对比 ,46
地质学,吉林大学,600,--,辽宁,理科,2016,第一批,加入对比 ,46
软件工程,吉林大学,600,--,辽宁,理科,2016,第一批,加入对比 ,46
档案学,吉林大学,600,--,辽宁,理科,2016,第一批,加入对比 ,46
农林经济管理,吉林大学,600,--,辽宁,理科,2016,第一批,加入对比 ,46
食品质量与安全,吉林大学,601,--,辽宁,理科,2016,第一批,加入对比 ,46
环境科学,吉林大学,601,--,辽宁,理科,2016,第一批,加入对比 ,46
物流工程,吉林大学,601,--,辽宁,理科,2016,第一批,加入对比 ,46
无机非金属材料工程,吉林大学,601,--,辽宁,理科,2016,第一批,加入对比 ,46
考古学,吉林大学,602,--,辽宁,文科,2016,第一批,加入对比 ,46
土木工程,吉林大学,602,--,辽宁,理科,2016,第一批,加入对比 ,46
食品科学与工程,吉林大学,602,--,辽宁,理科,2016,第一批,加入对比 ,46
预防医学,吉林大学,602,--,辽宁,理科,2016,第一批,加入对比 ,46
放射医学,吉林大学,602,--,辽宁,理科,2016,第一批,加入对比 ,46
生物技术,吉林大学,602,--,辽宁,理科,2016,第一批,加入对比 ,46
交通运输,吉林大学,602,--,辽宁,理科,2016,第一批,加入对比 ,46
包装工程,吉林大学,602,--,辽宁,理科,2016,第一批,加入对比 ,46
信息工程,吉林大学,602,--,辽宁,理科,2016,第一批,加入对比 ,46
工程力学,吉林大学,602,--,辽宁,理科,2016,第一批,加入对比 ,46
地理信息科学,吉林大学,603,--,辽宁,理科,2016,第一批,加入对比 ,46
材料成型及控制工程,吉林大学,603,--,辽宁,理科,2016,第一批,加入对比 ,46
核物理,吉林大学,604,--,辽宁,理科,2016,第一批,加入对比 ,46
应用物理学,吉林大学,604,--,辽宁,理科,2016,第一批,加入对比 ,46
信息管理与信息系统,吉林大学,604,--,辽宁,理科,2016,第一批,加入对比 ,46
工业工程,吉林大学,604,--,辽宁,理科,2016,第一批,加入对比 ,46
临床药学,吉林大学,604,--,辽宁,理科,2016,第一批,加入对比 ,46
环境工程,吉林大学,604,--,辽宁,理科,2016,第一批,加入对比 ,46
材料物理,吉林大学,604,--,辽宁,理科,2016,第一批,加入对比 ,46
药物制剂,吉林大学,604,--,辽宁,理科,2016,第一批,加入对比 ,46
土地资源管理,吉林大学,604,--,辽宁,理科,2016,第一批,加入对比 ,46
工商管理,吉林大学,605,--,辽宁,理科,2016,第一批,加入对比 ,46
农业机械化及其自动化,吉林大学,605,--,辽宁,理科,2016,第一批,加入对比 ,46
交通工程,吉林大学,605,--,辽宁,理科,2016,第一批,加入对比 ,46
日语,吉林大学,605,--,辽宁,理科,2016,第一批,加入对比 ,46
物联网工程,吉林大学,607,--,辽宁,理科,2016,第一批,加入对比 ,46
材料科学与工程,吉林大学,607,--,辽宁,理科,2016,第一批,加入对比 ,46
光电信息科学与工程,吉林大学,609,--,辽宁,理科,2016,第一批,加入对比 ,46
通信工程,吉林大学,609,--,辽宁,理科,2016,第一批,加入对比 ,46
电子信息工程,吉林大学,610,--,辽宁,理科,2016,第一批,加入对比 ,46
电子科学与技术,吉林大学,610,--,辽宁,理科,2016,第一批,加入对比 ,46
计算机科学与技术,吉林大学,610,--,辽宁,理科,2016,第一批,加入对比 ,46
自动化,吉林大学,610,--,辽宁,理科,2016,第一批,加入对比 ,46
能源与动力工程,吉林大学,611,--,辽宁,理科,2016,第一批,加入对比 ,46
机械工程,吉林大学,611,--,辽宁,理科,2016,第一批,加入对比 ,46
微电子科学与工程,吉林大学,612,--,辽宁,理科,2016,第一批,加入对比 ,46
生物科学,吉林大学,613,--,辽宁,理科,2016,第一批,加入对比 ,46
信息与计算科学,吉林大学,613,--,辽宁,理科,2016,第一批,加入对比 ,46
应用化学,吉林大学,613,--,辽宁,理科,2016,第一批,加入对比 ,46
高分子材料与工程,吉林大学,613,--,辽宁,理科,2016,第一批,加入对比 ,46
化学工程与工艺,吉林大学,614,--,辽宁,理科,2016,第一批,加入对比 ,46
物理学,吉林大学,614,--,辽宁,理科,2016,第一批,加入对比 ,46
电气工程及其自动化,吉林大学,615,--,辽宁,理科,2016,第一批,加入对比 ,46
统计学,吉林大学,615,--,辽宁,理科,2016,第一批,加入对比 ,46
材料化学,吉林大学,618,--,辽宁,理科,2016,第一批,加入对比 ,46
金融数学,吉林大学,620,--,辽宁,理科,2016,第一批,加入对比 ,46
财政学,吉林大学,621,--,辽宁,理科,2016,第一批,加入对比 ,46
数学与应用数学,吉林大学,622,--,辽宁,理科,2016,第一批,加入对比 ,46
经济学,吉林大学,623,--,辽宁,理科,2016,第一批,加入对比 ,46
英语,吉林大学,625,--,辽宁,理科,2016,第一批,加入对比 ,46
化学,吉林大学,627,--,辽宁,理科,2016,第一批,加入对比 ,46
法学,吉林大学,627,--,辽宁,理科,2016,第一批,加入对比 ,46
会计学,吉林大学,627,--,辽宁,理科,2016,第一批,加入对比 ,46
车辆工程,吉林大学,631,--,辽宁,理科,2016,第一批,加入对比 ,46
金融学,吉林大学,632,--,辽宁,理科,2016,第一批,加入对比 ,46
汽车服务工程,吉林大学珠海学院,422,--,辽宁,理科,2016,第二批,加入对比 ,46
药物制剂,吉林大学珠海学院,425,--,辽宁,理科,2016,第二批,加入对比 ,46
网络工程,吉林大学珠海学院,434,--,辽宁,理科,2016,第二批,加入对比 ,46
材料科学与工程,吉林大学珠海学院,436,--,辽宁,理科,2016,第二批,加入对比 ,46
车辆工程,吉林大学珠海学院,436,--,辽宁,理科,2016,第二批,加入对比 ,46
机械设计制造及其自动化,吉林大学珠海学院,436,--,辽宁,理科,2016,第二批,加入对比 ,46
通信工程,吉林大学珠海学院,440,--,辽宁,理科,2016,第二批,加入对比 ,46
金融学,吉林大学珠海学院,451,--,辽宁,理科,2016,第二批,加入对比 ,46
工商管理,吉林大学珠海学院,463,--,辽宁,文科,2016,第二批,加入对比 ,46
日语,吉林大学珠海学院,464,--,辽宁,文科,2016,第二批,加入对比 ,46
朝鲜语,吉林大学珠海学院,465,--,辽宁,文科,2016,第二批,加入对比 ,46
会计学,吉林大学珠海学院,473,--,辽宁,文科,2016,第二批,加入对比 ,46
金融学,吉林大学珠海学院,474,--,辽宁,文科,2016,第二批,加入对比 ,46
广告学,吉林大学珠海学院,484,--,辽宁,文科,2016,第二批,加入对比 ,46
市场营销,吉林大学,397,430,黑龙江,理科,2016,专科,加入对比 ,46
酒店管理,吉林大学,413,422,黑龙江,文科,2016,专科,加入对比 ,46
哲学,吉林大学,571,572,黑龙江,文科,2016,第一批,加入对比 ,46
国际政治,吉林大学,572,577,黑龙江,文科,2016,第一批,加入对比 ,46
文物与博物馆学,吉林大学,572,573,黑龙江,文科,2016,第一批,加入对比 ,46
朝鲜语,吉林大学,572,575,黑龙江,文科,2016,第一批,加入对比 ,46
俄语,吉林大学,572,575,黑龙江,文科,2016,第一批,加入对比 ,46
社会学,吉林大学,572,575,黑龙江,文科,2016,第一批,加入对比 ,46
政治学与行政学,吉林大学,573,579,黑龙江,文科,2016,第一批,加入对比 ,46
农林经济管理,吉林大学,573,575,黑龙江,文科,2016,第一批,加入对比 ,46
英语,吉林大学,573,575,黑龙江,文科,2016,第一批,加入对比 ,46
日语,吉林大学,574,575,黑龙江,文科,2016,第一批,加入对比 ,46
广告学,吉林大学,575,579,黑龙江,文科,2016,第一批,加入对比 ,46
汉语言文学,吉林大学,575,579,黑龙江,文科,2016,第一批,加入对比 ,46
考古学,吉林大学,576,578,黑龙江,文科,2016,第一批,加入对比 ,46
历史学,吉林大学,576,579,黑龙江,文科,2016,第一批,加入对比 ,46
财政学,吉林大学,578,579,黑龙江,文科,2016,第一批,加入对比 ,46
新闻学,吉林大学,578,579,黑龙江,文科,2016,第一批,加入对比 ,46
外交学,吉林大学,579,579,黑龙江,文科,2016,第一批,加入对比 ,46
西班牙语,吉林大学,579,583,黑龙江,文科,2016,第一批,加入对比 ,46
经济学,吉林大学,581,584,黑龙江,文科,2016,第一批,加入对比 ,46
金融学,吉林大学,583,584,黑龙江,文科,2016,第一批,加入对比 ,46
法学,吉林大学,584,587,黑龙江,文科,2016,第一批,加入对比 ,46
动物科学,吉林大学,599,599,黑龙江,理科,2016,第一批,加入对比 ,46
农业资源与环境,吉林大学,599,599,黑龙江,理科,2016,第一批,加入对比 ,46
资源勘查工程,吉林大学,599,600,黑龙江,理科,2016,第一批,加入对比 ,46
土地资源管理,吉林大学,599,600,黑龙江,理科,2016,第一批,加入对比 ,46
园艺,吉林大学,599,601,黑龙江,理科,2016,第一批,加入对比 ,46
地下水科学与工程,吉林大学,600,601,黑龙江,理科,2016,第一批,加入对比 ,46
测绘工程,吉林大学,600,601,黑龙江,理科,2016,第一批,加入对比 ,46
工程力学,吉林大学,601,602,黑龙江,理科,2016,第一批,加入对比 ,46
考古学,吉林大学,602,--,辽宁,文科,2016,第一批,加入对比 ,47
土木工程,吉林大学,602,--,辽宁,理科,2016,第一批,加入对比 ,47
食品科学与工程,吉林大学,602,--,辽宁,理科,2016,第一批,加入对比 ,47
预防医学,吉林大学,602,--,辽宁,理科,2016,第一批,加入对比 ,47
放射医学,吉林大学,602,--,辽宁,理科,2016,第一批,加入对比 ,47
生物技术,吉林大学,602,--,辽宁,理科,2016,第一批,加入对比 ,47
交通运输,吉林大学,602,--,辽宁,理科,2016,第一批,加入对比 ,47
包装工程,吉林大学,602,--,辽宁,理科,2016,第一批,加入对比 ,47
信息工程,吉林大学,602,--,辽宁,理科,2016,第一批,加入对比 ,47
工程力学,吉林大学,602,--,辽宁,理科,2016,第一批,加入对比 ,47
地理信息科学,吉林大学,603,--,辽宁,理科,2016,第一批,加入对比 ,47
材料成型及控制工程,吉林大学,603,--,辽宁,理科,2016,第一批,加入对比 ,47
核物理,吉林大学,604,--,辽宁,理科,2016,第一批,加入对比 ,47
应用物理学,吉林大学,604,--,辽宁,理科,2016,第一批,加入对比 ,47
信息管理与信息系统,吉林大学,604,--,辽宁,理科,2016,第一批,加入对比 ,47
工业工程,吉林大学,604,--,辽宁,理科,2016,第一批,加入对比 ,47
临床药学,吉林大学,604,--,辽宁,理科,2016,第一批,加入对比 ,47
环境工程,吉林大学,604,--,辽宁,理科,2016,第一批,加入对比 ,47
材料物理,吉林大学,604,--,辽宁,理科,2016,第一批,加入对比 ,47
药物制剂,吉林大学,604,--,辽宁,理科,2016,第一批,加入对比 ,47
土地资源管理,吉林大学,604,--,辽宁,理科,2016,第一批,加入对比 ,47
工商管理,吉林大学,605,--,辽宁,理科,2016,第一批,加入对比 ,47
农业机械化及其自动化,吉林大学,605,--,辽宁,理科,2016,第一批,加入对比 ,47
交通工程,吉林大学,605,--,辽宁,理科,2016,第一批,加入对比 ,47
日语,吉林大学,605,--,辽宁,理科,2016,第一批,加入对比 ,47
物联网工程,吉林大学,607,--,辽宁,理科,2016,第一批,加入对比 ,47
材料科学与工程,吉林大学,607,--,辽宁,理科,2016,第一批,加入对比 ,47
光电信息科学与工程,吉林大学,609,--,辽宁,理科,2016,第一批,加入对比 ,47
通信工程,吉林大学,609,--,辽宁,理科,2016,第一批,加入对比 ,47
电子信息工程,吉林大学,610,--,辽宁,理科,2016,第一批,加入对比 ,47
电子科学与技术,吉林大学,610,--,辽宁,理科,2016,第一批,加入对比 ,47
计算机科学与技术,吉林大学,610,--,辽宁,理科,2016,第一批,加入对比 ,47
自动化,吉林大学,610,--,辽宁,理科,2016,第一批,加入对比 ,47
能源与动力工程,吉林大学,611,--,辽宁,理科,2016,第一批,加入对比 ,47
机械工程,吉林大学,611,--,辽宁,理科,2016,第一批,加入对比 ,47
微电子科学与工程,吉林大学,612,--,辽宁,理科,2016,第一批,加入对比 ,47
生物科学,吉林大学,613,--,辽宁,理科,2016,第一批,加入对比 ,47
信息与计算科学,吉林大学,613,--,辽宁,理科,2016,第一批,加入对比 ,47
应用化学,吉林大学,613,--,辽宁,理科,2016,第一批,加入对比 ,47
高分子材料与工程,吉林大学,613,--,辽宁,理科,2016,第一批,加入对比 ,47
化学工程与工艺,吉林大学,614,--,辽宁,理科,2016,第一批,加入对比 ,47
物理学,吉林大学,614,--,辽宁,理科,2016,第一批,加入对比 ,47
电气工程及其自动化,吉林大学,615,--,辽宁,理科,2016,第一批,加入对比 ,47
统计学,吉林大学,615,--,辽宁,理科,2016,第一批,加入对比 ,47
材料化学,吉林大学,618,--,辽宁,理科,2016,第一批,加入对比 ,47
金融数学,吉林大学,620,--,辽宁,理科,2016,第一批,加入对比 ,47
财政学,吉林大学,621,--,辽宁,理科,2016,第一批,加入对比 ,47
数学与应用数学,吉林大学,622,--,辽宁,理科,2016,第一批,加入对比 ,47
经济学,吉林大学,623,--,辽宁,理科,2016,第一批,加入对比 ,47
英语,吉林大学,625,--,辽宁,理科,2016,第一批,加入对比 ,47
化学,吉林大学,627,--,辽宁,理科,2016,第一批,加入对比 ,47
法学,吉林大学,627,--,辽宁,理科,2016,第一批,加入对比 ,47
会计学,吉林大学,627,--,辽宁,理科,2016,第一批,加入对比 ,47
车辆工程,吉林大学,631,--,辽宁,理科,2016,第一批,加入对比 ,47
金融学,吉林大学,632,--,辽宁,理科,2016,第一批,加入对比 ,47
汽车服务工程,吉林大学珠海学院,422,--,辽宁,理科,2016,第二批,加入对比 ,47
药物制剂,吉林大学珠海学院,425,--,辽宁,理科,2016,第二批,加入对比 ,47
网络工程,吉林大学珠海学院,434,--,辽宁,理科,2016,第二批,加入对比 ,47
材料科学与工程,吉林大学珠海学院,436,--,辽宁,理科,2016,第二批,加入对比 ,47
车辆工程,吉林大学珠海学院,436,--,辽宁,理科,2016,第二批,加入对比 ,47
机械设计制造及其自动化,吉林大学珠海学院,436,--,辽宁,理科,2016,第二批,加入对比 ,47
通信工程,吉林大学珠海学院,440,--,辽宁,理科,2016,第二批,加入对比 ,47
金融学,吉林大学珠海学院,451,--,辽宁,理科,2016,第二批,加入对比 ,47
工商管理,吉林大学珠海学院,463,--,辽宁,文科,2016,第二批,加入对比 ,47
日语,吉林大学珠海学院,464,--,辽宁,文科,2016,第二批,加入对比 ,47
朝鲜语,吉林大学珠海学院,465,--,辽宁,文科,2016,第二批,加入对比 ,47
会计学,吉林大学珠海学院,473,--,辽宁,文科,2016,第二批,加入对比 ,47
金融学,吉林大学珠海学院,474,--,辽宁,文科,2016,第二批,加入对比 ,47
广告学,吉林大学珠海学院,484,--,辽宁,文科,2016,第二批,加入对比 ,47
市场营销,吉林大学,397,430,黑龙江,理科,2016,专科,加入对比 ,47
酒店管理,吉林大学,413,422,黑龙江,文科,2016,专科,加入对比 ,47
哲学,吉林大学,571,572,黑龙江,文科,2016,第一批,加入对比 ,47
国际政治,吉林大学,572,577,黑龙江,文科,2016,第一批,加入对比 ,47
文物与博物馆学,吉林大学,572,573,黑龙江,文科,2016,第一批,加入对比 ,47
朝鲜语,吉林大学,572,575,黑龙江,文科,2016,第一批,加入对比 ,47
俄语,吉林大学,572,575,黑龙江,文科,2016,第一批,加入对比 ,47
社会学,吉林大学,572,575,黑龙江,文科,2016,第一批,加入对比 ,47
政治学与行政学,吉林大学,573,579,黑龙江,文科,2016,第一批,加入对比 ,47
农林经济管理,吉林大学,573,575,黑龙江,文科,2016,第一批,加入对比 ,47
英语,吉林大学,573,575,黑龙江,文科,2016,第一批,加入对比 ,47
日语,吉林大学,574,575,黑龙江,文科,2016,第一批,加入对比 ,47
广告学,吉林大学,575,579,黑龙江,文科,2016,第一批,加入对比 ,47
汉语言文学,吉林大学,575,579,黑龙江,文科,2016,第一批,加入对比 ,47
考古学,吉林大学,576,578,黑龙江,文科,2016,第一批,加入对比 ,47
历史学,吉林大学,576,579,黑龙江,文科,2016,第一批,加入对比 ,47
财政学,吉林大学,578,579,黑龙江,文科,2016,第一批,加入对比 ,47
新闻学,吉林大学,578,579,黑龙江,文科,2016,第一批,加入对比 ,47
外交学,吉林大学,579,579,黑龙江,文科,2016,第一批,加入对比 ,47
西班牙语,吉林大学,579,583,黑龙江,文科,2016,第一批,加入对比 ,47
经济学,吉林大学,581,584,黑龙江,文科,2016,第一批,加入对比 ,47
金融学,吉林大学,583,584,黑龙江,文科,2016,第一批,加入对比 ,47
法学,吉林大学,584,587,黑龙江,文科,2016,第一批,加入对比 ,47
动物科学,吉林大学,599,599,黑龙江,理科,2016,第一批,加入对比 ,47
农业资源与环境,吉林大学,599,599,黑龙江,理科,2016,第一批,加入对比 ,47
资源勘查工程,吉林大学,599,600,黑龙江,理科,2016,第一批,加入对比 ,47
土地资源管理,吉林大学,599,600,黑龙江,理科,2016,第一批,加入对比 ,47
园艺,吉林大学,599,601,黑龙江,理科,2016,第一批,加入对比 ,47
地下水科学与工程,吉林大学,600,601,黑龙江,理科,2016,第一批,加入对比 ,47
测绘工程,吉林大学,600,601,黑龙江,理科,2016,第一批,加入对比 ,47
工程力学,吉林大学,601,602,黑龙江,理科,2016,第一批,加入对比 ,47
物联网工程,吉林大学,607,--,辽宁,理科,2016,第一批,加入对比 ,48
材料科学与工程,吉林大学,607,--,辽宁,理科,2016,第一批,加入对比 ,48
光电信息科学与工程,吉林大学,609,--,辽宁,理科,2016,第一批,加入对比 ,48
通信工程,吉林大学,609,--,辽宁,理科,2016,第一批,加入对比 ,48
电子信息工程,吉林大学,610,--,辽宁,理科,2016,第一批,加入对比 ,48
电子科学与技术,吉林大学,610,--,辽宁,理科,2016,第一批,加入对比 ,48
计算机科学与技术,吉林大学,610,--,辽宁,理科,2016,第一批,加入对比 ,48
自动化,吉林大学,610,--,辽宁,理科,2016,第一批,加入对比 ,48
能源与动力工程,吉林大学,611,--,辽宁,理科,2016,第一批,加入对比 ,48
机械工程,吉林大学,611,--,辽宁,理科,2016,第一批,加入对比 ,48
微电子科学与工程,吉林大学,612,--,辽宁,理科,2016,第一批,加入对比 ,48
生物科学,吉林大学,613,--,辽宁,理科,2016,第一批,加入对比 ,48
信息与计算科学,吉林大学,613,--,辽宁,理科,2016,第一批,加入对比 ,48
应用化学,吉林大学,613,--,辽宁,理科,2016,第一批,加入对比 ,48
高分子材料与工程,吉林大学,613,--,辽宁,理科,2016,第一批,加入对比 ,48
化学工程与工艺,吉林大学,614,--,辽宁,理科,2016,第一批,加入对比 ,48
物理学,吉林大学,614,--,辽宁,理科,2016,第一批,加入对比 ,48
电气工程及其自动化,吉林大学,615,--,辽宁,理科,2016,第一批,加入对比 ,48
统计学,吉林大学,615,--,辽宁,理科,2016,第一批,加入对比 ,48
材料化学,吉林大学,618,--,辽宁,理科,2016,第一批,加入对比 ,48
金融数学,吉林大学,620,--,辽宁,理科,2016,第一批,加入对比 ,48
财政学,吉林大学,621,--,辽宁,理科,2016,第一批,加入对比 ,48
数学与应用数学,吉林大学,622,--,辽宁,理科,2016,第一批,加入对比 ,48
经济学,吉林大学,623,--,辽宁,理科,2016,第一批,加入对比 ,48
英语,吉林大学,625,--,辽宁,理科,2016,第一批,加入对比 ,48
化学,吉林大学,627,--,辽宁,理科,2016,第一批,加入对比 ,48
法学,吉林大学,627,--,辽宁,理科,2016,第一批,加入对比 ,48
会计学,吉林大学,627,--,辽宁,理科,2016,第一批,加入对比 ,48
车辆工程,吉林大学,631,--,辽宁,理科,2016,第一批,加入对比 ,48
金融学,吉林大学,632,--,辽宁,理科,2016,第一批,加入对比 ,48
汽车服务工程,吉林大学珠海学院,422,--,辽宁,理科,2016,第二批,加入对比 ,48
药物制剂,吉林大学珠海学院,425,--,辽宁,理科,2016,第二批,加入对比 ,48
网络工程,吉林大学珠海学院,434,--,辽宁,理科,2016,第二批,加入对比 ,48
材料科学与工程,吉林大学珠海学院,436,--,辽宁,理科,2016,第二批,加入对比 ,48
车辆工程,吉林大学珠海学院,436,--,辽宁,理科,2016,第二批,加入对比 ,48
机械设计制造及其自动化,吉林大学珠海学院,436,--,辽宁,理科,2016,第二批,加入对比 ,48
通信工程,吉林大学珠海学院,440,--,辽宁,理科,2016,第二批,加入对比 ,48
金融学,吉林大学珠海学院,451,--,辽宁,理科,2016,第二批,加入对比 ,48
工商管理,吉林大学珠海学院,463,--,辽宁,文科,2016,第二批,加入对比 ,48
日语,吉林大学珠海学院,464,--,辽宁,文科,2016,第二批,加入对比 ,48
朝鲜语,吉林大学珠海学院,465,--,辽宁,文科,2016,第二批,加入对比 ,48
会计学,吉林大学珠海学院,473,--,辽宁,文科,2016,第二批,加入对比 ,48
金融学,吉林大学珠海学院,474,--,辽宁,文科,2016,第二批,加入对比 ,48
广告学,吉林大学珠海学院,484,--,辽宁,文科,2016,第二批,加入对比 ,48
市场营销,吉林大学,397,430,黑龙江,理科,2016,专科,加入对比 ,48
酒店管理,吉林大学,413,422,黑龙江,文科,2016,专科,加入对比 ,48
哲学,吉林大学,571,572,黑龙江,文科,2016,第一批,加入对比 ,48
国际政治,吉林大学,572,577,黑龙江,文科,2016,第一批,加入对比 ,48
文物与博物馆学,吉林大学,572,573,黑龙江,文科,2016,第一批,加入对比 ,48
朝鲜语,吉林大学,572,575,黑龙江,文科,2016,第一批,加入对比 ,48
俄语,吉林大学,572,575,黑龙江,文科,2016,第一批,加入对比 ,48
社会学,吉林大学,572,575,黑龙江,文科,2016,第一批,加入对比 ,48
政治学与行政学,吉林大学,573,579,黑龙江,文科,2016,第一批,加入对比 ,48
农林经济管理,吉林大学,573,575,黑龙江,文科,2016,第一批,加入对比 ,48
英语,吉林大学,573,575,黑龙江,文科,2016,第一批,加入对比 ,48
日语,吉林大学,574,575,黑龙江,文科,2016,第一批,加入对比 ,48
广告学,吉林大学,575,579,黑龙江,文科,2016,第一批,加入对比 ,48
汉语言文学,吉林大学,575,579,黑龙江,文科,2016,第一批,加入对比 ,48
考古学,吉林大学,576,578,黑龙江,文科,2016,第一批,加入对比 ,48
历史学,吉林大学,576,579,黑龙江,文科,2016,第一批,加入对比 ,48
财政学,吉林大学,578,579,黑龙江,文科,2016,第一批,加入对比 ,48
新闻学,吉林大学,578,579,黑龙江,文科,2016,第一批,加入对比 ,48
外交学,吉林大学,579,579,黑龙江,文科,2016,第一批,加入对比 ,48
西班牙语,吉林大学,579,583,黑龙江,文科,2016,第一批,加入对比 ,48
经济学,吉林大学,581,584,黑龙江,文科,2016,第一批,加入对比 ,48
金融学,吉林大学,583,584,黑龙江,文科,2016,第一批,加入对比 ,48
法学,吉林大学,584,587,黑龙江,文科,2016,第一批,加入对比 ,48
动物科学,吉林大学,599,599,黑龙江,理科,2016,第一批,加入对比 ,48
农业资源与环境,吉林大学,599,599,黑龙江,理科,2016,第一批,加入对比 ,48
资源勘查工程,吉林大学,599,600,黑龙江,理科,2016,第一批,加入对比 ,48
土地资源管理,吉林大学,599,600,黑龙江,理科,2016,第一批,加入对比 ,48
园艺,吉林大学,599,601,黑龙江,理科,2016,第一批,加入对比 ,48
地下水科学与工程,吉林大学,600,601,黑龙江,理科,2016,第一批,加入对比 ,48
测绘工程,吉林大学,600,601,黑龙江,理科,2016,第一批,加入对比 ,48
工程力学,吉林大学,601,602,黑龙江,理科,2016,第一批,加入对比 ,48
化学,吉林大学,627,--,辽宁,理科,2016,第一批,加入对比 ,49
法学,吉林大学,627,--,辽宁,理科,2016,第一批,加入对比 ,49
会计学,吉林大学,627,--,辽宁,理科,2016,第一批,加入对比 ,49
车辆工程,吉林大学,631,--,辽宁,理科,2016,第一批,加入对比 ,49
金融学,吉林大学,632,--,辽宁,理科,2016,第一批,加入对比 ,49
汽车服务工程,吉林大学珠海学院,422,--,辽宁,理科,2016,第二批,加入对比 ,49
药物制剂,吉林大学珠海学院,425,--,辽宁,理科,2016,第二批,加入对比 ,49
网络工程,吉林大学珠海学院,434,--,辽宁,理科,2016,第二批,加入对比 ,49
材料科学与工程,吉林大学珠海学院,436,--,辽宁,理科,2016,第二批,加入对比 ,49
车辆工程,吉林大学珠海学院,436,--,辽宁,理科,2016,第二批,加入对比 ,49
机械设计制造及其自动化,吉林大学珠海学院,436,--,辽宁,理科,2016,第二批,加入对比 ,49
通信工程,吉林大学珠海学院,440,--,辽宁,理科,2016,第二批,加入对比 ,49
金融学,吉林大学珠海学院,451,--,辽宁,理科,2016,第二批,加入对比 ,49
工商管理,吉林大学珠海学院,463,--,辽宁,文科,2016,第二批,加入对比 ,49
日语,吉林大学珠海学院,464,--,辽宁,文科,2016,第二批,加入对比 ,49
朝鲜语,吉林大学珠海学院,465,--,辽宁,文科,2016,第二批,加入对比 ,49
会计学,吉林大学珠海学院,473,--,辽宁,文科,2016,第二批,加入对比 ,49
金融学,吉林大学珠海学院,474,--,辽宁,文科,2016,第二批,加入对比 ,49
广告学,吉林大学珠海学院,484,--,辽宁,文科,2016,第二批,加入对比 ,49
市场营销,吉林大学,397,430,黑龙江,理科,2016,专科,加入对比 ,49
酒店管理,吉林大学,413,422,黑龙江,文科,2016,专科,加入对比 ,49
哲学,吉林大学,571,572,黑龙江,文科,2016,第一批,加入对比 ,49
国际政治,吉林大学,572,577,黑龙江,文科,2016,第一批,加入对比 ,49
文物与博物馆学,吉林大学,572,573,黑龙江,文科,2016,第一批,加入对比 ,49
朝鲜语,吉林大学,572,575,黑龙江,文科,2016,第一批,加入对比 ,49
俄语,吉林大学,572,575,黑龙江,文科,2016,第一批,加入对比 ,49
社会学,吉林大学,572,575,黑龙江,文科,2016,第一批,加入对比 ,49
政治学与行政学,吉林大学,573,579,黑龙江,文科,2016,第一批,加入对比 ,49
农林经济管理,吉林大学,573,575,黑龙江,文科,2016,第一批,加入对比 ,49
英语,吉林大学,573,575,黑龙江,文科,2016,第一批,加入对比 ,49
日语,吉林大学,574,575,黑龙江,文科,2016,第一批,加入对比 ,49
广告学,吉林大学,575,579,黑龙江,文科,2016,第一批,加入对比 ,49
汉语言文学,吉林大学,575,579,黑龙江,文科,2016,第一批,加入对比 ,49
考古学,吉林大学,576,578,黑龙江,文科,2016,第一批,加入对比 ,49
历史学,吉林大学,576,579,黑龙江,文科,2016,第一批,加入对比 ,49
财政学,吉林大学,578,579,黑龙江,文科,2016,第一批,加入对比 ,49
新闻学,吉林大学,578,579,黑龙江,文科,2016,第一批,加入对比 ,49
外交学,吉林大学,579,579,黑龙江,文科,2016,第一批,加入对比 ,49
西班牙语,吉林大学,579,583,黑龙江,文科,2016,第一批,加入对比 ,49
经济学,吉林大学,581,584,黑龙江,文科,2016,第一批,加入对比 ,49
金融学,吉林大学,583,584,黑龙江,文科,2016,第一批,加入对比 ,49
法学,吉林大学,584,587,黑龙江,文科,2016,第一批,加入对比 ,49
动物科学,吉林大学,599,599,黑龙江,理科,2016,第一批,加入对比 ,49
农业资源与环境,吉林大学,599,599,黑龙江,理科,2016,第一批,加入对比 ,49
资源勘查工程,吉林大学,599,600,黑龙江,理科,2016,第一批,加入对比 ,49
土地资源管理,吉林大学,599,600,黑龙江,理科,2016,第一批,加入对比 ,49
园艺,吉林大学,599,601,黑龙江,理科,2016,第一批,加入对比 ,49
地下水科学与工程,吉林大学,600,601,黑龙江,理科,2016,第一批,加入对比 ,49
测绘工程,吉林大学,600,601,黑龙江,理科,2016,第一批,加入对比 ,49
工程力学,吉林大学,601,602,黑龙江,理科,2016,第一批,加入对比 ,49
俄语,吉林大学,572,575,黑龙江,文科,2016,第一批,加入对比 ,50
社会学,吉林大学,572,575,黑龙江,文科,2016,第一批,加入对比 ,50
政治学与行政学,吉林大学,573,579,黑龙江,文科,2016,第一批,加入对比 ,50
农林经济管理,吉林大学,573,575,黑龙江,文科,2016,第一批,加入对比 ,50
英语,吉林大学,573,575,黑龙江,文科,2016,第一批,加入对比 ,50
日语,吉林大学,574,575,黑龙江,文科,2016,第一批,加入对比 ,50
广告学,吉林大学,575,579,黑龙江,文科,2016,第一批,加入对比 ,50
汉语言文学,吉林大学,575,579,黑龙江,文科,2016,第一批,加入对比 ,50
考古学,吉林大学,576,578,黑龙江,文科,2016,第一批,加入对比 ,50
历史学,吉林大学,576,579,黑龙江,文科,2016,第一批,加入对比 ,50
财政学,吉林大学,578,579,黑龙江,文科,2016,第一批,加入对比 ,50
新闻学,吉林大学,578,579,黑龙江,文科,2016,第一批,加入对比 ,50
外交学,吉林大学,579,579,黑龙江,文科,2016,第一批,加入对比 ,50
西班牙语,吉林大学,579,583,黑龙江,文科,2016,第一批,加入对比 ,50
经济学,吉林大学,581,584,黑龙江,文科,2016,第一批,加入对比 ,50
金融学,吉林大学,583,584,黑龙江,文科,2016,第一批,加入对比 ,50
法学,吉林大学,584,587,黑龙江,文科,2016,第一批,加入对比 ,50
动物科学,吉林大学,599,599,黑龙江,理科,2016,第一批,加入对比 ,50
农业资源与环境,吉林大学,599,599,黑龙江,理科,2016,第一批,加入对比 ,50
资源勘查工程,吉林大学,599,600,黑龙江,理科,2016,第一批,加入对比 ,50
土地资源管理,吉林大学,599,600,黑龙江,理科,2016,第一批,加入对比 ,50
园艺,吉林大学,599,601,黑龙江,理科,2016,第一批,加入对比 ,50
地下水科学与工程,吉林大学,600,601,黑龙江,理科,2016,第一批,加入对比 ,50
测绘工程,吉林大学,600,601,黑龙江,理科,2016,第一批,加入对比 ,50
工程力学,吉林大学,601,602,黑龙江,理科,2016,第一批,加入对比 ,50
化学工程与工艺,吉林大学,601,602,黑龙江,理科,2016,第一批,加入对比 ,51
工业工程,吉林大学,601,604,黑龙江,理科,2016,第一批,加入对比 ,51
食品科学与工程,吉林大学,601,606,黑龙江,理科,2016,第一批,加入对比 ,51
水文与水资源工程,吉林大学,601,601,黑龙江,理科,2016,第一批,加入对比 ,51
地球物理学,吉林大学,602,602,黑龙江,理科,2016,第一批,加入对比 ,51
农林经济管理,吉林大学,602,603,黑龙江,理科,2016,第一批,加入对比 ,51
生物医学工程,吉林大学,602,605,黑龙江,理科,2016,第一批,加入对比 ,51
药物制剂,吉林大学,602,606,黑龙江,理科,2016,第一批,加入对比 ,51
道路桥梁与渡河工程,吉林大学,602,606,黑龙江,理科,2016,第一批,加入对比 ,51
食品质量与安全,吉林大学,603,605,黑龙江,理科,2016,第一批,加入对比 ,51
地质工程,吉林大学,603,607,黑龙江,理科,2016,第一批,加入对比 ,51
广告学,吉林大学,603,603,黑龙江,理科,2016,第一批,加入对比 ,51
农业机械化及其自动化,吉林大学,603,607,黑龙江,理科,2016,第一批,加入对比 ,51
环境科学,吉林大学,603,606,黑龙江,理科,2016,第一批,加入对比 ,51
日语,吉林大学,603,606,黑龙江,理科,2016,第一批,加入对比 ,51
地质学,吉林大学,603,603,黑龙江,理科,2016,第一批,加入对比 ,51
应用物理学,吉林大学,603,607,黑龙江,理科,2016,第一批,加入对比 ,51
信息管理与信息系统,吉林大学,604,608,黑龙江,理科,2016,第一批,加入对比 ,51
生物科学,吉林大学,604,608,黑龙江,理科,2016,第一批,加入对比 ,51
光电信息科学与工程,吉林大学,604,607,黑龙江,理科,2016,第一批,加入对比 ,51
勘查技术与工程,吉林大学,604,608,黑龙江,理科,2016,第一批,加入对比 ,51
测控技术与仪器,吉林大学,605,611,黑龙江,理科,2016,第一批,加入对比 ,51
环境工程,吉林大学,605,611,黑龙江,理科,2016,第一批,加入对比 ,51
地理信息科学,吉林大学,605,609,黑龙江,理科,2016,第一批,加入对比 ,51
预防医学,吉林大学,605,610,黑龙江,理科,2016,第一批,加入对比 ,51
信息工程,吉林大学,605,608,黑龙江,理科,2016,第一批,加入对比 ,52
制药工程,吉林大学,606,612,黑龙江,理科,2016,第一批,加入对比 ,52
交通工程,吉林大学,606,612,黑龙江,理科,2016,第一批,加入对比 ,52
交通运输,吉林大学,606,610,黑龙江,理科,2016,第一批,加入对比 ,52
材料化学,吉林大学,607,609,黑龙江,理科,2016,第一批,加入对比 ,52
微电子科学与工程,吉林大学,607,612,黑龙江,理科,2016,第一批,加入对比 ,52
无机非金属材料工程,吉林大学,607,615,黑龙江,理科,2016,第一批,加入对比 ,52
材料成型及控制工程,吉林大学,608,612,黑龙江,理科,2016,第一批,加入对比 ,52
工商管理,吉林大学,608,613,黑龙江,理科,2016,第一批,加入对比 ,52
放射医学,吉林大学,608,619,黑龙江,理科,2016,第一批,加入对比 ,52
物流工程,吉林大学,609,617,黑龙江,理科,2016,第一批,加入对比 ,52
应用化学,吉林大学,609,613,黑龙江,理科,2016,第一批,加入对比 ,52
英语,吉林大学,609,617,黑龙江,理科,2016,第一批,加入对比 ,52
计算机科学与技术,吉林大学,609,622,黑龙江,理科,2016,第一批,加入对比 ,52
软件工程,吉林大学,609,615,黑龙江,理科,2016,第一批,加入对比 ,52
材料科学与工程,吉林大学,610,612,黑龙江,理科,2016,第一批,加入对比 ,52
高分子材料与工程,吉林大学,610,614,黑龙江,理科,2016,第一批,加入对比 ,52
包装工程,吉林大学,611,614,黑龙江,理科,2016,第一批,加入对比 ,52
自动化,吉林大学,611,614,黑龙江,理科,2016,第一批,加入对比 ,52
电子科学与技术,吉林大学,611,635,黑龙江,理科,2016,第一批,加入对比 ,52
汽车服务工程,吉林大学,612,622,黑龙江,理科,2016,第一批,加入对比 ,52
统计学,吉林大学,612,615,黑龙江,理科,2016,第一批,加入对比 ,52
通信工程,吉林大学,612,623,黑龙江,理科,2016,第一批,加入对比 ,52
档案学,吉林大学,613,615,黑龙江,理科,2016,第一批,加入对比 ,52
物联网工程,吉林大学,613,621,黑龙江,理科,2016,第一批,加入对比 ,52
电气工程及其自动化,吉林大学,613,620,黑龙江,理科,2016,第一批,加入对比 ,52
工程管理,吉林大学,614,615,黑龙江,理科,2016,第一批,加入对比 ,52
临床药学,吉林大学,614,618,黑龙江,理科,2016,第一批,加入对比 ,52
化学,吉林大学,615,622,黑龙江,理科,2016,第一批,加入对比 ,52
数学与应用数学,吉林大学,615,622,黑龙江,理科,2016,第一批,加入对比 ,52
物理学,吉林大学,616,623,黑龙江,理科,2016,第一批,加入对比 ,52
能源与动力工程,吉林大学,617,623,黑龙江,理科,2016,第一批,加入对比 ,52
金融数学,吉林大学,618,620,黑龙江,理科,2016,第一批,加入对比 ,52
机械工程,吉林大学,618,624,黑龙江,理科,2016,第一批,加入对比 ,52
经济学,吉林大学,619,621,黑龙江,理科,2016,第一批,加入对比 ,52
电子信息工程,吉林大学,620,621,黑龙江,理科,2016,第一批,加入对比 ,52
法学,吉林大学,620,623,黑龙江,理科,2016,第一批,加入对比 ,52
会计学,吉林大学,621,625,黑龙江,理科,2016,第一批,加入对比 ,52
金融学,吉林大学,629,632,黑龙江,理科,2016,第一批,加入对比 ,52
车辆工程,吉林大学,631,655,黑龙江,理科,2016,第一批,加入对比 ,52
微电子科学与工程,吉林大学珠海学院,397,398,黑龙江,理科,2016,第三批,加入对比 ,52
药物制剂,吉林大学珠海学院,398,399,黑龙江,理科,2016,第三批,加入对比 ,52
中药学,吉林大学珠海学院,399,401,黑龙江,理科,2016,第三批,加入对比 ,52
计算机科学与技术,吉林大学珠海学院,400,403,黑龙江,理科,2016,第三批,加入对比 ,52
汽车服务工程,吉林大学珠海学院,405,409,黑龙江,理科,2016,第三批,加入对比 ,52
测控技术与仪器,吉林大学珠海学院,408,415,黑龙江,理科,2016,第三批,加入对比 ,52
制药工程,吉林大学珠海学院,409,413,黑龙江,理科,2016,第三批,加入对比 ,52
自动化,吉林大学珠海学院,409,410,黑龙江,理科,2016,第三批,加入对比 ,52
应用化学,吉林大学珠海学院,414,414,黑龙江,理科,2016,第三批,加入对比 ,52
车辆工程,吉林大学珠海学院,416,418,黑龙江,理科,2016,第三批,加入对比 ,52
电气工程及其自动化,吉林大学,613,620,黑龙江,理科,2016,第一批,加入对比 ,53
工程管理,吉林大学,614,615,黑龙江,理科,2016,第一批,加入对比 ,53
临床药学,吉林大学,614,618,黑龙江,理科,2016,第一批,加入对比 ,53
化学,吉林大学,615,622,黑龙江,理科,2016,第一批,加入对比 ,53
数学与应用数学,吉林大学,615,622,黑龙江,理科,2016,第一批,加入对比 ,53
物理学,吉林大学,616,623,黑龙江,理科,2016,第一批,加入对比 ,53
能源与动力工程,吉林大学,617,623,黑龙江,理科,2016,第一批,加入对比 ,53
金融数学,吉林大学,618,620,黑龙江,理科,2016,第一批,加入对比 ,53
机械工程,吉林大学,618,624,黑龙江,理科,2016,第一批,加入对比 ,53
经济学,吉林大学,619,621,黑龙江,理科,2016,第一批,加入对比 ,53
电子信息工程,吉林大学,620,621,黑龙江,理科,2016,第一批,加入对比 ,53
法学,吉林大学,620,623,黑龙江,理科,2016,第一批,加入对比 ,53
会计学,吉林大学,621,625,黑龙江,理科,2016,第一批,加入对比 ,53
金融学,吉林大学,629,632,黑龙江,理科,2016,第一批,加入对比 ,53
车辆工程,吉林大学,631,655,黑龙江,理科,2016,第一批,加入对比 ,53
微电子科学与工程,吉林大学珠海学院,397,398,黑龙江,理科,2016,第三批,加入对比 ,53
药物制剂,吉林大学珠海学院,398,399,黑龙江,理科,2016,第三批,加入对比 ,53
中药学,吉林大学珠海学院,399,401,黑龙江,理科,2016,第三批,加入对比 ,53
计算机科学与技术,吉林大学珠海学院,400,403,黑龙江,理科,2016,第三批,加入对比 ,53
汽车服务工程,吉林大学珠海学院,405,409,黑龙江,理科,2016,第三批,加入对比 ,53
测控技术与仪器,吉林大学珠海学院,408,415,黑龙江,理科,2016,第三批,加入对比 ,53
制药工程,吉林大学珠海学院,409,413,黑龙江,理科,2016,第三批,加入对比 ,53
自动化,吉林大学珠海学院,409,410,黑龙江,理科,2016,第三批,加入对比 ,53
应用化学,吉林大学珠海学院,414,414,黑龙江,理科,2016,第三批,加入对比 ,53
车辆工程,吉林大学珠海学院,416,418,黑龙江,理科,2016,第三批,加入对比 ,53
日语,吉林大学珠海学院,420,420,黑龙江,文科,2016,第三批,加入对比 ,53
通信工程,吉林大学珠海学院,421,433,黑龙江,理科,2016,第三批,加入对比 ,53
软件工程,吉林大学珠海学院,422,435,黑龙江,理科,2016,第三批,加入对比 ,53
汉语言文学,吉林大学珠海学院,423,423,黑龙江,文科,2016,第三批,加入对比 ,53
朝鲜语,吉林大学珠海学院,427,427,黑龙江,文科,2016,第三批,加入对比 ,53
汉语国际教育,吉林大学珠海学院,431,431,黑龙江,文科,2016,第三批,加入对比 ,53
广告学,吉林大学珠海学院,436,436,黑龙江,文科,2016,第三批,加入对比 ,53
英语,吉林大学珠海学院,438,438,黑龙江,文科,2016,第三批,加入对比 ,53
会计学,吉林大学珠海学院,457,457,黑龙江,文科,2016,第三批,加入对比 ,53
通信工程,吉林大学,--,378,江苏,理科,2016,第一批,加入对比 ,53
材料成型及控制工程,吉林大学,--,379,江苏,理科,2016,第一批,加入对比 ,53
机械工程,吉林大学,--,379,江苏,理科,2016,第一批,加入对比 ,53
生物科学,吉林大学,--,376,江苏,理科,2016,第一批,加入对比 ,53
地质学,吉林大学,--,376,江苏,理科,2016,第一批,加入对比 ,53
地理信息科学,吉林大学,--,376,江苏,理科,2016,第一批,加入对比 ,53
地理科学,吉林大学,--,376,江苏,理科,2016,第一批,加入对比 ,53
化学,吉林大学,--,380,江苏,理科,2016,第一批,加入对比 ,53
车辆工程,吉林大学,--,387,江苏,理科,2016,第一批,加入对比 ,53
汽车服务工程,吉林大学,--,377,江苏,理科,2016,第一批,加入对比 ,53
电子科学与技术,吉林大学,--,378,江苏,理科,2016,第一批,加入对比 ,53
电子信息工程,吉林大学,--,378,江苏,理科,2016,第一批,加入对比 ,53
电气工程及其自动化,吉林大学,--,380,江苏,理科,2016,第一批,加入对比 ,53
能源与动力工程,吉林大学,--,379,江苏,理科,2016,第一批,加入对比 ,53
无机非金属材料工程,吉林大学,--,376,江苏,理科,2016,第一批,加入对比 ,53
材料物理,吉林大学,--,379,江苏,理科,2016,第一批,加入对比 ,53
材料科学与工程,吉林大学,--,379,江苏,理科,2016,第一批,加入对比 ,53
测控技术与仪器,吉林大学,--,376,江苏,理科,2016,第一批,加入对比 ,53
核物理,吉林大学,--,379,江苏,理科,2016,第一批,加入对比 ,53
物理学,吉林大学,--,380,江苏,理科,2016,第一批,加入对比 ,53
信息与计算科学,吉林大学,--,379,江苏,理科,2016,第一批,加入对比 ,53
日语,吉林大学,--,378,江苏,文科,2016,第一批,加入对比 ,53
西班牙语,吉林大学,--,382,江苏,文科,2016,第一批,加入对比 ,53
汉语言文学,吉林大学,--,378,江苏,文科,2016,第一批,加入对比 ,53
外交学,吉林大学,--,380,江苏,文科,2016,第一批,加入对比 ,53
国际政治,吉林大学,--,377,江苏,文科,2016,第一批,加入对比 ,53
法学,吉林大学,--,381,江苏,文科,2016,第一批,加入对比 ,53
金融学,吉林大学,--,379,江苏,文科,2016,第一批,加入对比 ,53
新闻学,吉林大学,--,378,江苏,文科,2016,第一批,加入对比 ,53
文物与博物馆学,吉林大学,--,383,江苏,文科,2016,第一批,加入对比 ,53
数学与应用数学,吉林大学,--,381,江苏,理科,2016,第一批,加入对比 ,53
广告学,吉林大学,--,376,江苏,理科,2016,第一批,加入对比 ,53
法学,吉林大学,--,383,江苏,理科,2016,第一批,加入对比 ,53
金融数学,吉林大学,--,380,江苏,理科,2016,第一批,加入对比 ,53
金融学,吉林大学,--,380,江苏,理科,2016,第一批,加入对比 ,53
财政学,吉林大学,--,377,江苏,理科,2016,第一批,加入对比 ,53
哲学,吉林大学,--,380,江苏,文科,2016,第一批,加入对比 ,53
工业工程,吉林大学,--,379,江苏,理科,2016,第一批,加入对比 ,53
信息管理与信息系统,吉林大学,--,376,江苏,理科,2016,第一批,加入对比 ,53
临床药学,吉林大学,--,375,江苏,理科,2016,第一批,加入对比 ,53
药物制剂,吉林大学,--,377,江苏,理科,2016,第一批,加入对比 ,53
日语,吉林大学珠海学院,420,420,黑龙江,文科,2016,第三批,加入对比 ,54
通信工程,吉林大学珠海学院,421,433,黑龙江,理科,2016,第三批,加入对比 ,54
软件工程,吉林大学珠海学院,422,435,黑龙江,理科,2016,第三批,加入对比 ,54
汉语言文学,吉林大学珠海学院,423,423,黑龙江,文科,2016,第三批,加入对比 ,54
朝鲜语,吉林大学珠海学院,427,427,黑龙江,文科,2016,第三批,加入对比 ,54
汉语国际教育,吉林大学珠海学院,431,431,黑龙江,文科,2016,第三批,加入对比 ,54
广告学,吉林大学珠海学院,436,436,黑龙江,文科,2016,第三批,加入对比 ,54
英语,吉林大学珠海学院,438,438,黑龙江,文科,2016,第三批,加入对比 ,54
会计学,吉林大学珠海学院,457,457,黑龙江,文科,2016,第三批,加入对比 ,54
通信工程,吉林大学,--,378,江苏,理科,2016,第一批,加入对比 ,54
材料成型及控制工程,吉林大学,--,379,江苏,理科,2016,第一批,加入对比 ,54
机械工程,吉林大学,--,379,江苏,理科,2016,第一批,加入对比 ,54
生物科学,吉林大学,--,376,江苏,理科,2016,第一批,加入对比 ,54
地质学,吉林大学,--,376,江苏,理科,2016,第一批,加入对比 ,54
地理信息科学,吉林大学,--,376,江苏,理科,2016,第一批,加入对比 ,54
地理科学,吉林大学,--,376,江苏,理科,2016,第一批,加入对比 ,54
化学,吉林大学,--,380,江苏,理科,2016,第一批,加入对比 ,54
车辆工程,吉林大学,--,387,江苏,理科,2016,第一批,加入对比 ,54
汽车服务工程,吉林大学,--,377,江苏,理科,2016,第一批,加入对比 ,54
电子科学与技术,吉林大学,--,378,江苏,理科,2016,第一批,加入对比 ,54
电子信息工程,吉林大学,--,378,江苏,理科,2016,第一批,加入对比 ,54
电气工程及其自动化,吉林大学,--,380,江苏,理科,2016,第一批,加入对比 ,54
能源与动力工程,吉林大学,--,379,江苏,理科,2016,第一批,加入对比 ,54
无机非金属材料工程,吉林大学,--,376,江苏,理科,2016,第一批,加入对比 ,54
材料物理,吉林大学,--,379,江苏,理科,2016,第一批,加入对比 ,54
材料科学与工程,吉林大学,--,379,江苏,理科,2016,第一批,加入对比 ,54
测控技术与仪器,吉林大学,--,376,江苏,理科,2016,第一批,加入对比 ,54
核物理,吉林大学,--,379,江苏,理科,2016,第一批,加入对比 ,54
物理学,吉林大学,--,380,江苏,理科,2016,第一批,加入对比 ,54
信息与计算科学,吉林大学,--,379,江苏,理科,2016,第一批,加入对比 ,54
日语,吉林大学,--,378,江苏,文科,2016,第一批,加入对比 ,54
西班牙语,吉林大学,--,382,江苏,文科,2016,第一批,加入对比 ,54
汉语言文学,吉林大学,--,378,江苏,文科,2016,第一批,加入对比 ,54
外交学,吉林大学,--,380,江苏,文科,2016,第一批,加入对比 ,54
国际政治,吉林大学,--,377,江苏,文科,2016,第一批,加入对比 ,54
法学,吉林大学,--,381,江苏,文科,2016,第一批,加入对比 ,54
金融学,吉林大学,--,379,江苏,文科,2016,第一批,加入对比 ,54
新闻学,吉林大学,--,378,江苏,文科,2016,第一批,加入对比 ,54
文物与博物馆学,吉林大学,--,383,江苏,文科,2016,第一批,加入对比 ,54
数学与应用数学,吉林大学,--,381,江苏,理科,2016,第一批,加入对比 ,54
广告学,吉林大学,--,376,江苏,理科,2016,第一批,加入对比 ,54
法学,吉林大学,--,383,江苏,理科,2016,第一批,加入对比 ,54
金融数学,吉林大学,--,380,江苏,理科,2016,第一批,加入对比 ,54
金融学,吉林大学,--,380,江苏,理科,2016,第一批,加入对比 ,54
财政学,吉林大学,--,377,江苏,理科,2016,第一批,加入对比 ,54
哲学,吉林大学,--,380,江苏,文科,2016,第一批,加入对比 ,54
工业工程,吉林大学,--,379,江苏,理科,2016,第一批,加入对比 ,54
信息管理与信息系统,吉林大学,--,376,江苏,理科,2016,第一批,加入对比 ,54
临床药学,吉林大学,--,375,江苏,理科,2016,第一批,加入对比 ,54
药物制剂,吉林大学,--,377,江苏,理科,2016,第一批,加入对比 ,54
预防医学,吉林大学,--,382,江苏,理科,2016,第一批,加入对比 ,54
生物制药,吉林大学,--,377,江苏,理科,2016,第一批,加入对比 ,54
工程管理,吉林大学,--,376,江苏,理科,2016,第一批,加入对比 ,54
工商管理,吉林大学,--,378,江苏,理科,2016,第一批,加入对比 ,54
档案学,吉林大学,--,375,江苏,理科,2016,第一批,加入对比 ,54
土地资源管理,吉林大学,--,375,江苏,理科,2016,第一批,加入对比 ,54
会计学,吉林大学,--,378,江苏,理科,2016,第一批,加入对比 ,54
食品质量与安全,吉林大学,--,378,江苏,理科,2016,第一批,加入对比 ,54
食品科学与工程,吉林大学,--,375,江苏,理科,2016,第一批,加入对比 ,54
生物医学工程,吉林大学,--,376,江苏,理科,2016,第一批,加入对比 ,54
道路桥梁与渡河工程,吉林大学,--,375,江苏,理科,2016,第一批,加入对比 ,54
土木工程,吉林大学,--,382,江苏,理科,2016,第一批,加入对比 ,54
物联网工程,吉林大学,--,379,江苏,理科,2016,第一批,加入对比 ,54
软件工程,吉林大学,--,380,江苏,理科,2016,第一批,加入对比 ,54
计算机科学与技术,吉林大学,--,380,江苏,理科,2016,第一批,加入对比 ,54
自动化,吉林大学,--,380,江苏,理科,2016,第一批,加入对比 ,54
信息工程,吉林大学,--,376,江苏,理科,2016,第一批,加入对比 ,54
水文与水资源工程,吉林大学,--,375,江苏,理科,2016,第一批,加入对比 ,54
测绘工程,吉林大学,--,374,江苏,理科,2016,第一批,加入对比 ,54
环境科学,吉林大学,--,375,江苏,理科,2016,第一批,加入对比 ,54
环境工程,吉林大学,--,376,江苏,理科,2016,第一批,加入对比 ,54
农业机械化及其自动化,吉林大学,--,379,江苏,理科,2016,第一批,加入对比 ,54
交通工程,吉林大学,--,376,江苏,理科,2016,第一批,加入对比 ,54
交通运输,吉林大学,--,376,江苏,理科,2016,第一批,加入对比 ,54
地下水科学与工程,吉林大学,--,374,江苏,理科,2016,第一批,加入对比 ,54
地质工程,吉林大学,--,374,江苏,理科,2016,第一批,加入对比 ,54
化学工程与工艺,吉林大学,--,377,江苏,理科,2016,第一批,加入对比 ,54
微电子科学与工程,吉林大学,--,378,江苏,理科,2016,第一批,加入对比 ,54
物流工程,吉林大学珠海学院,--,313,江苏,理科,2016,第三批,加入对比 ,54
应用化学,吉林大学珠海学院,--,308,江苏,理科,2016,第三批,加入对比 ,54
金融学,吉林大学珠海学院,--,305,江苏,理科,2016,第三批,加入对比 ,54
会计学,吉林大学珠海学院,--,324,江苏,文科,2016,第三批,加入对比 ,54
机械设计制造及其自动化,吉林大学珠海学院,--,311,江苏,理科,2016,第三批,加入对比 ,54
车辆工程,吉林大学珠海学院,--,311,江苏,理科,2016,第三批,加入对比 ,54
汽车服务工程,吉林大学珠海学院,--,303,江苏,理科,2016,第三批,加入对比 ,54
会计学,吉林大学珠海学院,--,304,江苏,理科,2016,第三批,加入对比 ,54
城乡规划,吉林大学珠海学院,--,307,江苏,理科,2016,第三批,加入对比 ,54
制药工程,吉林大学珠海学院,--,314,江苏,理科,2016,第三批,加入对比 ,54
网络工程,吉林大学珠海学院,--,309,江苏,理科,2016,第三批,加入对比 ,54
计算机科学与技术,吉林大学珠海学院,--,313,江苏,理科,2016,第三批,加入对比 ,54
自动化,吉林大学珠海学院,--,311,江苏,理科,2016,第三批,加入对比 ,54
测控技术与仪器,吉林大学珠海学院,--,305,江苏,理科,2016,第三批,加入对比 ,54
金融学,吉林大学珠海学院,--,323,江苏,文科,2016,第三批,加入对比 ,54
政治学与行政学,吉林大学,588,--,安徽,文科,2016,第一批,加入对比 ,54
外交学,吉林大学,589,--,安徽,文科,2016,第一批,加入对比 ,54
经济学,吉林大学,591,--,安徽,文科,2016,第一批,加入对比 ,54
哲学,吉林大学,592,--,安徽,文科,2016,第一批,加入对比 ,54
西班牙语,吉林大学,592,--,安徽,文科,2016,第一批,加入对比 ,54
金融学,吉林大学,593,--,安徽,文科,2016,第一批,加入对比 ,54
法学,吉林大学,595,--,安徽,文科,2016,第一批,加入对比 ,54
材料科学与工程,吉林大学,--,379,江苏,理科,2016,第一批,加入对比 ,55
测控技术与仪器,吉林大学,--,376,江苏,理科,2016,第一批,加入对比 ,55
核物理,吉林大学,--,379,江苏,理科,2016,第一批,加入对比 ,55
物理学,吉林大学,--,380,江苏,理科,2016,第一批,加入对比 ,55
信息与计算科学,吉林大学,--,379,江苏,理科,2016,第一批,加入对比 ,55
日语,吉林大学,--,378,江苏,文科,2016,第一批,加入对比 ,55
西班牙语,吉林大学,--,382,江苏,文科,2016,第一批,加入对比 ,55
汉语言文学,吉林大学,--,378,江苏,文科,2016,第一批,加入对比 ,55
外交学,吉林大学,--,380,江苏,文科,2016,第一批,加入对比 ,55
国际政治,吉林大学,--,377,江苏,文科,2016,第一批,加入对比 ,55
法学,吉林大学,--,381,江苏,文科,2016,第一批,加入对比 ,55
金融学,吉林大学,--,379,江苏,文科,2016,第一批,加入对比 ,55
新闻学,吉林大学,--,378,江苏,文科,2016,第一批,加入对比 ,55
文物与博物馆学,吉林大学,--,383,江苏,文科,2016,第一批,加入对比 ,55
数学与应用数学,吉林大学,--,381,江苏,理科,2016,第一批,加入对比 ,55
广告学,吉林大学,--,376,江苏,理科,2016,第一批,加入对比 ,55
法学,吉林大学,--,383,江苏,理科,2016,第一批,加入对比 ,55
金融数学,吉林大学,--,380,江苏,理科,2016,第一批,加入对比 ,55
金融学,吉林大学,--,380,江苏,理科,2016,第一批,加入对比 ,55
财政学,吉林大学,--,377,江苏,理科,2016,第一批,加入对比 ,55
哲学,吉林大学,--,380,江苏,文科,2016,第一批,加入对比 ,55
工业工程,吉林大学,--,379,江苏,理科,2016,第一批,加入对比 ,55
信息管理与信息系统,吉林大学,--,376,江苏,理科,2016,第一批,加入对比 ,55
临床药学,吉林大学,--,375,江苏,理科,2016,第一批,加入对比 ,55
药物制剂,吉林大学,--,377,江苏,理科,2016,第一批,加入对比 ,55
预防医学,吉林大学,--,382,江苏,理科,2016,第一批,加入对比 ,55
生物制药,吉林大学,--,377,江苏,理科,2016,第一批,加入对比 ,55
工程管理,吉林大学,--,376,江苏,理科,2016,第一批,加入对比 ,55
工商管理,吉林大学,--,378,江苏,理科,2016,第一批,加入对比 ,55
档案学,吉林大学,--,375,江苏,理科,2016,第一批,加入对比 ,55
土地资源管理,吉林大学,--,375,江苏,理科,2016,第一批,加入对比 ,55
会计学,吉林大学,--,378,江苏,理科,2016,第一批,加入对比 ,55
食品质量与安全,吉林大学,--,378,江苏,理科,2016,第一批,加入对比 ,55
食品科学与工程,吉林大学,--,375,江苏,理科,2016,第一批,加入对比 ,55
生物医学工程,吉林大学,--,376,江苏,理科,2016,第一批,加入对比 ,55
道路桥梁与渡河工程,吉林大学,--,375,江苏,理科,2016,第一批,加入对比 ,55
土木工程,吉林大学,--,382,江苏,理科,2016,第一批,加入对比 ,55
物联网工程,吉林大学,--,379,江苏,理科,2016,第一批,加入对比 ,55
软件工程,吉林大学,--,380,江苏,理科,2016,第一批,加入对比 ,55
计算机科学与技术,吉林大学,--,380,江苏,理科,2016,第一批,加入对比 ,55
自动化,吉林大学,--,380,江苏,理科,2016,第一批,加入对比 ,55
信息工程,吉林大学,--,376,江苏,理科,2016,第一批,加入对比 ,55
水文与水资源工程,吉林大学,--,375,江苏,理科,2016,第一批,加入对比 ,55
测绘工程,吉林大学,--,374,江苏,理科,2016,第一批,加入对比 ,55
环境科学,吉林大学,--,375,江苏,理科,2016,第一批,加入对比 ,55
环境工程,吉林大学,--,376,江苏,理科,2016,第一批,加入对比 ,55
农业机械化及其自动化,吉林大学,--,379,江苏,理科,2016,第一批,加入对比 ,55
交通工程,吉林大学,--,376,江苏,理科,2016,第一批,加入对比 ,55
交通运输,吉林大学,--,376,江苏,理科,2016,第一批,加入对比 ,55
地下水科学与工程,吉林大学,--,374,江苏,理科,2016,第一批,加入对比 ,55
地质工程,吉林大学,--,374,江苏,理科,2016,第一批,加入对比 ,55
化学工程与工艺,吉林大学,--,377,江苏,理科,2016,第一批,加入对比 ,55
微电子科学与工程,吉林大学,--,378,江苏,理科,2016,第一批,加入对比 ,55
物流工程,吉林大学珠海学院,--,313,江苏,理科,2016,第三批,加入对比 ,55
应用化学,吉林大学珠海学院,--,308,江苏,理科,2016,第三批,加入对比 ,55
金融学,吉林大学珠海学院,--,305,江苏,理科,2016,第三批,加入对比 ,55
会计学,吉林大学珠海学院,--,324,江苏,文科,2016,第三批,加入对比 ,55
机械设计制造及其自动化,吉林大学珠海学院,--,311,江苏,理科,2016,第三批,加入对比 ,55
车辆工程,吉林大学珠海学院,--,311,江苏,理科,2016,第三批,加入对比 ,55
汽车服务工程,吉林大学珠海学院,--,303,江苏,理科,2016,第三批,加入对比 ,55
会计学,吉林大学珠海学院,--,304,江苏,理科,2016,第三批,加入对比 ,55
城乡规划,吉林大学珠海学院,--,307,江苏,理科,2016,第三批,加入对比 ,55
制药工程,吉林大学珠海学院,--,314,江苏,理科,2016,第三批,加入对比 ,55
网络工程,吉林大学珠海学院,--,309,江苏,理科,2016,第三批,加入对比 ,55
计算机科学与技术,吉林大学珠海学院,--,313,江苏,理科,2016,第三批,加入对比 ,55
自动化,吉林大学珠海学院,--,311,江苏,理科,2016,第三批,加入对比 ,55
测控技术与仪器,吉林大学珠海学院,--,305,江苏,理科,2016,第三批,加入对比 ,55
金融学,吉林大学珠海学院,--,323,江苏,文科,2016,第三批,加入对比 ,55
政治学与行政学,吉林大学,588,--,安徽,文科,2016,第一批,加入对比 ,55
外交学,吉林大学,589,--,安徽,文科,2016,第一批,加入对比 ,55
经济学,吉林大学,591,--,安徽,文科,2016,第一批,加入对比 ,55
哲学,吉林大学,592,--,安徽,文科,2016,第一批,加入对比 ,55
西班牙语,吉林大学,592,--,安徽,文科,2016,第一批,加入对比 ,55
金融学,吉林大学,593,--,安徽,文科,2016,第一批,加入对比 ,55
法学,吉林大学,595,--,安徽,文科,2016,第一批,加入对比 ,55
地质学,吉林大学,613,--,安徽,理科,2016,第一批,加入对比 ,55
测绘工程,吉林大学,613,--,安徽,理科,2016,第一批,加入对比 ,55
地理信息科学,吉林大学,613,--,安徽,理科,2016,第一批,加入对比 ,55
资源勘查工程,吉林大学,613,--,安徽,理科,2016,第一批,加入对比 ,55
工业工程,吉林大学,613,--,安徽,理科,2016,第一批,加入对比 ,55
生物医学工程,吉林大学,613,--,安徽,理科,2016,第一批,加入对比 ,55
环境科学,吉林大学,613,--,安徽,理科,2016,第一批,加入对比 ,55
水文与水资源工程,吉林大学,613,--,安徽,理科,2016,第一批,加入对比 ,55
汽车服务工程,吉林大学,614,--,安徽,理科,2016,第一批,加入对比 ,55
信息管理与信息系统,吉林大学,614,--,安徽,理科,2016,第一批,加入对比 ,55
信息工程,吉林大学,614,--,安徽,理科,2016,第一批,加入对比 ,55
光电信息科学与工程,吉林大学,615,--,安徽,理科,2016,第一批,加入对比 ,55
交通工程,吉林大学,615,--,安徽,理科,2016,第一批,加入对比 ,55
地球物理学,吉林大学,615,--,安徽,理科,2016,第一批,加入对比 ,55
交通运输,吉林大学,615,--,安徽,理科,2016,第一批,加入对比 ,55
自动化,吉林大学,615,--,安徽,理科,2016,第一批,加入对比 ,55
道路桥梁与渡河工程,吉林大学,615,--,安徽,理科,2016,第一批,加入对比 ,55
通信工程,吉林大学,615,--,安徽,理科,2016,第一批,加入对比 ,55
临床药学,吉林大学,615,--,安徽,理科,2016,第一批,加入对比 ,55
农业机械化及其自动化,吉林大学,615,--,安徽,理科,2016,第一批,加入对比 ,55
测控技术与仪器,吉林大学,615,--,安徽,理科,2016,第一批,加入对比 ,55
工商管理,吉林大学,615,--,安徽,理科,2016,第一批,加入对比 ,55
材料科学与工程,吉林大学,615,--,安徽,理科,2016,第一批,加入对比 ,55
法学,吉林大学,615,--,安徽,理科,2016,第一批,加入对比 ,55
物联网工程,吉林大学,615,--,安徽,理科,2016,第一批,加入对比 ,55
统计学,吉林大学,616,--,安徽,理科,2016,第一批,加入对比 ,55
电子科学与技术,吉林大学,616,--,安徽,理科,2016,第一批,加入对比 ,55
物流工程,吉林大学,616,--,安徽,理科,2016,第一批,加入对比 ,55
计算机科学与技术,吉林大学,616,--,安徽,理科,2016,第一批,加入对比 ,55
土木工程,吉林大学,616,--,安徽,理科,2016,第一批,加入对比 ,55
软件工程,吉林大学,617,--,安徽,理科,2016,第一批,加入对比 ,55
材料化学,吉林大学,618,--,安徽,理科,2016,第一批,加入对比 ,55
电气工程及其自动化,吉林大学,619,--,安徽,理科,2016,第一批,加入对比 ,55
材料成型及控制工程,吉林大学,619,--,安徽,理科,2016,第一批,加入对比 ,55
机械工程,吉林大学,620,--,安徽,理科,2016,第一批,加入对比 ,55
化学,吉林大学,621,--,安徽,理科,2016,第一批,加入对比 ,55
数学与应用数学,吉林大学,621,--,安徽,理科,2016,第一批,加入对比 ,55
微电子科学与工程,吉林大学,621,--,安徽,理科,2016,第一批,加入对比 ,55
金融学,吉林大学,623,--,安徽,理科,2016,第一批,加入对比 ,55
车辆工程,吉林大学,629,--,安徽,理科,2016,第一批,加入对比 ,55
投资学,吉林大学珠海学院,467,--,安徽,理科,2016,第三批,加入对比 ,55
机械设计制造及其自动化,吉林大学珠海学院,472,--,安徽,理科,2016,第三批,加入对比 ,55
通信工程,吉林大学珠海学院,476,--,安徽,理科,2016,第三批,加入对比 ,55
金融学,吉林大学珠海学院,486,--,安徽,文科,2016,第三批,加入对比 ,55
信息管理与信息系统,吉林大学珠海学院,496,--,安徽,理科,2016,第三批,加入对比 ,55
英语,吉林大学,563,564,福建,文科,2016,第一批,加入对比 ,55
新闻学,吉林大学,565,566,福建,文科,2016,第一批,加入对比 ,55
日语,吉林大学,565,566,福建,文科,2016,第一批,加入对比 ,55
外交学,吉林大学,566,567,福建,文科,2016,第一批,加入对比 ,55
政治学与行政学,吉林大学,568,571,福建,文科,2016,第一批,加入对比 ,55
预防医学,吉林大学,--,382,江苏,理科,2016,第一批,加入对比 ,56
生物制药,吉林大学,--,377,江苏,理科,2016,第一批,加入对比 ,56
工程管理,吉林大学,--,376,江苏,理科,2016,第一批,加入对比 ,56
工商管理,吉林大学,--,378,江苏,理科,2016,第一批,加入对比 ,56
档案学,吉林大学,--,375,江苏,理科,2016,第一批,加入对比 ,56
土地资源管理,吉林大学,--,375,江苏,理科,2016,第一批,加入对比 ,56
会计学,吉林大学,--,378,江苏,理科,2016,第一批,加入对比 ,56
食品质量与安全,吉林大学,--,378,江苏,理科,2016,第一批,加入对比 ,56
食品科学与工程,吉林大学,--,375,江苏,理科,2016,第一批,加入对比 ,56
生物医学工程,吉林大学,--,376,江苏,理科,2016,第一批,加入对比 ,56
道路桥梁与渡河工程,吉林大学,--,375,江苏,理科,2016,第一批,加入对比 ,56
土木工程,吉林大学,--,382,江苏,理科,2016,第一批,加入对比 ,56
物联网工程,吉林大学,--,379,江苏,理科,2016,第一批,加入对比 ,56
软件工程,吉林大学,--,380,江苏,理科,2016,第一批,加入对比 ,56
计算机科学与技术,吉林大学,--,380,江苏,理科,2016,第一批,加入对比 ,56
自动化,吉林大学,--,380,江苏,理科,2016,第一批,加入对比 ,56
信息工程,吉林大学,--,376,江苏,理科,2016,第一批,加入对比 ,56
水文与水资源工程,吉林大学,--,375,江苏,理科,2016,第一批,加入对比 ,56
测绘工程,吉林大学,--,374,江苏,理科,2016,第一批,加入对比 ,56
环境科学,吉林大学,--,375,江苏,理科,2016,第一批,加入对比 ,56
环境工程,吉林大学,--,376,江苏,理科,2016,第一批,加入对比 ,56
农业机械化及其自动化,吉林大学,--,379,江苏,理科,2016,第一批,加入对比 ,56
交通工程,吉林大学,--,376,江苏,理科,2016,第一批,加入对比 ,56
交通运输,吉林大学,--,376,江苏,理科,2016,第一批,加入对比 ,56
地下水科学与工程,吉林大学,--,374,江苏,理科,2016,第一批,加入对比 ,56
地质工程,吉林大学,--,374,江苏,理科,2016,第一批,加入对比 ,56
化学工程与工艺,吉林大学,--,377,江苏,理科,2016,第一批,加入对比 ,56
微电子科学与工程,吉林大学,--,378,江苏,理科,2016,第一批,加入对比 ,56
物流工程,吉林大学珠海学院,--,313,江苏,理科,2016,第三批,加入对比 ,56
应用化学,吉林大学珠海学院,--,308,江苏,理科,2016,第三批,加入对比 ,56
金融学,吉林大学珠海学院,--,305,江苏,理科,2016,第三批,加入对比 ,56
会计学,吉林大学珠海学院,--,324,江苏,文科,2016,第三批,加入对比 ,56
机械设计制造及其自动化,吉林大学珠海学院,--,311,江苏,理科,2016,第三批,加入对比 ,56
车辆工程,吉林大学珠海学院,--,311,江苏,理科,2016,第三批,加入对比 ,56
汽车服务工程,吉林大学珠海学院,--,303,江苏,理科,2016,第三批,加入对比 ,56
会计学,吉林大学珠海学院,--,304,江苏,理科,2016,第三批,加入对比 ,56
城乡规划,吉林大学珠海学院,--,307,江苏,理科,2016,第三批,加入对比 ,56
制药工程,吉林大学珠海学院,--,314,江苏,理科,2016,第三批,加入对比 ,56
网络工程,吉林大学珠海学院,--,309,江苏,理科,2016,第三批,加入对比 ,56
计算机科学与技术,吉林大学珠海学院,--,313,江苏,理科,2016,第三批,加入对比 ,56
自动化,吉林大学珠海学院,--,311,江苏,理科,2016,第三批,加入对比 ,56
测控技术与仪器,吉林大学珠海学院,--,305,江苏,理科,2016,第三批,加入对比 ,56
金融学,吉林大学珠海学院,--,323,江苏,文科,2016,第三批,加入对比 ,56
政治学与行政学,吉林大学,588,--,安徽,文科,2016,第一批,加入对比 ,56
外交学,吉林大学,589,--,安徽,文科,2016,第一批,加入对比 ,56
经济学,吉林大学,591,--,安徽,文科,2016,第一批,加入对比 ,56
哲学,吉林大学,592,--,安徽,文科,2016,第一批,加入对比 ,56
西班牙语,吉林大学,592,--,安徽,文科,2016,第一批,加入对比 ,56
金融学,吉林大学,593,--,安徽,文科,2016,第一批,加入对比 ,56
法学,吉林大学,595,--,安徽,文科,2016,第一批,加入对比 ,56
地质学,吉林大学,613,--,安徽,理科,2016,第一批,加入对比 ,56
测绘工程,吉林大学,613,--,安徽,理科,2016,第一批,加入对比 ,56
地理信息科学,吉林大学,613,--,安徽,理科,2016,第一批,加入对比 ,56
资源勘查工程,吉林大学,613,--,安徽,理科,2016,第一批,加入对比 ,56
工业工程,吉林大学,613,--,安徽,理科,2016,第一批,加入对比 ,56
生物医学工程,吉林大学,613,--,安徽,理科,2016,第一批,加入对比 ,56
环境科学,吉林大学,613,--,安徽,理科,2016,第一批,加入对比 ,56
水文与水资源工程,吉林大学,613,--,安徽,理科,2016,第一批,加入对比 ,56
汽车服务工程,吉林大学,614,--,安徽,理科,2016,第一批,加入对比 ,56
信息管理与信息系统,吉林大学,614,--,安徽,理科,2016,第一批,加入对比 ,56
信息工程,吉林大学,614,--,安徽,理科,2016,第一批,加入对比 ,56
光电信息科学与工程,吉林大学,615,--,安徽,理科,2016,第一批,加入对比 ,56
交通工程,吉林大学,615,--,安徽,理科,2016,第一批,加入对比 ,56
地球物理学,吉林大学,615,--,安徽,理科,2016,第一批,加入对比 ,56
交通运输,吉林大学,615,--,安徽,理科,2016,第一批,加入对比 ,56
自动化,吉林大学,615,--,安徽,理科,2016,第一批,加入对比 ,56
道路桥梁与渡河工程,吉林大学,615,--,安徽,理科,2016,第一批,加入对比 ,56
通信工程,吉林大学,615,--,安徽,理科,2016,第一批,加入对比 ,56
临床药学,吉林大学,615,--,安徽,理科,2016,第一批,加入对比 ,56
农业机械化及其自动化,吉林大学,615,--,安徽,理科,2016,第一批,加入对比 ,56
测控技术与仪器,吉林大学,615,--,安徽,理科,2016,第一批,加入对比 ,56
工商管理,吉林大学,615,--,安徽,理科,2016,第一批,加入对比 ,56
材料科学与工程,吉林大学,615,--,安徽,理科,2016,第一批,加入对比 ,56
法学,吉林大学,615,--,安徽,理科,2016,第一批,加入对比 ,56
物联网工程,吉林大学,615,--,安徽,理科,2016,第一批,加入对比 ,56
统计学,吉林大学,616,--,安徽,理科,2016,第一批,加入对比 ,56
电子科学与技术,吉林大学,616,--,安徽,理科,2016,第一批,加入对比 ,56
物流工程,吉林大学,616,--,安徽,理科,2016,第一批,加入对比 ,56
计算机科学与技术,吉林大学,616,--,安徽,理科,2016,第一批,加入对比 ,56
土木工程,吉林大学,616,--,安徽,理科,2016,第一批,加入对比 ,56
软件工程,吉林大学,617,--,安徽,理科,2016,第一批,加入对比 ,56
材料化学,吉林大学,618,--,安徽,理科,2016,第一批,加入对比 ,56
电气工程及其自动化,吉林大学,619,--,安徽,理科,2016,第一批,加入对比 ,56
材料成型及控制工程,吉林大学,619,--,安徽,理科,2016,第一批,加入对比 ,56
机械工程,吉林大学,620,--,安徽,理科,2016,第一批,加入对比 ,56
化学,吉林大学,621,--,安徽,理科,2016,第一批,加入对比 ,56
数学与应用数学,吉林大学,621,--,安徽,理科,2016,第一批,加入对比 ,56
微电子科学与工程,吉林大学,621,--,安徽,理科,2016,第一批,加入对比 ,56
金融学,吉林大学,623,--,安徽,理科,2016,第一批,加入对比 ,56
车辆工程,吉林大学,629,--,安徽,理科,2016,第一批,加入对比 ,56
投资学,吉林大学珠海学院,467,--,安徽,理科,2016,第三批,加入对比 ,56
机械设计制造及其自动化,吉林大学珠海学院,472,--,安徽,理科,2016,第三批,加入对比 ,56
通信工程,吉林大学珠海学院,476,--,安徽,理科,2016,第三批,加入对比 ,56
金融学,吉林大学珠海学院,486,--,安徽,文科,2016,第三批,加入对比 ,56
信息管理与信息系统,吉林大学珠海学院,496,--,安徽,理科,2016,第三批,加入对比 ,56
英语,吉林大学,563,564,福建,文科,2016,第一批,加入对比 ,56
新闻学,吉林大学,565,566,福建,文科,2016,第一批,加入对比 ,56
日语,吉林大学,565,566,福建,文科,2016,第一批,加入对比 ,56
外交学,吉林大学,566,567,福建,文科,2016,第一批,加入对比 ,56
政治学与行政学,吉林大学,568,571,福建,文科,2016,第一批,加入对比 ,56
金融学,吉林大学,570,573,福建,文科,2016,第一批,加入对比 ,56
地质工程,吉林大学,573,574,福建,理科,2016,第一批,加入对比 ,56
信息管理与信息系统,吉林大学,573,575,福建,理科,2016,第一批,加入对比 ,56
化学,吉林大学,574,575,福建,理科,2016,第一批,加入对比 ,56
资源勘查工程,吉林大学,575,575,福建,理科,2016,第一批,加入对比 ,56
法学,吉林大学,577,579,福建,文科,2016,第一批,加入对比 ,56
食品质量与安全,吉林大学,578,578,福建,理科,2016,第一批,加入对比 ,56
交通运输,吉林大学,578,580,福建,理科,2016,第一批,加入对比 ,56
软件工程,吉林大学,578,580,福建,理科,2016,第一批,加入对比 ,56
土木工程,吉林大学,580,587,福建,理科,2016,第一批,加入对比 ,56
能源与动力工程,吉林大学,580,583,福建,理科,2016,第一批,加入对比 ,56
电子科学与技术,吉林大学,581,583,福建,理科,2016,第一批,加入对比 ,56
统计学,吉林大学,581,582,福建,理科,2016,第一批,加入对比 ,56
工商管理,吉林大学,581,582,福建,理科,2016,第一批,加入对比 ,56
数学与应用数学,吉林大学,582,587,福建,理科,2016,第一批,加入对比 ,56
法学,吉林大学,582,584,福建,理科,2016,第一批,加入对比 ,56
通信工程,吉林大学,583,584,福建,理科,2016,第一批,加入对比 ,56
物理学,吉林大学,583,589,福建,理科,2016,第一批,加入对比 ,56
计算机科学与技术,吉林大学,584,589,福建,理科,2016,第一批,加入对比 ,56
金融学,吉林大学,589,591,福建,理科,2016,第一批,加入对比 ,56
金融数学,吉林大学,590,591,福建,理科,2016,第一批,加入对比 ,56
会计学,吉林大学,592,594,福建,理科,2016,第一批,加入对比 ,56
车辆工程,吉林大学,598,602,福建,理科,2016,第一批,加入对比 ,56
汽车服务工程,吉林大学珠海学院,391,392,福建,理科,2016,第二批,加入对比 ,56
制药工程,吉林大学珠海学院,391,392,福建,理科,2016,第二批,加入对比 ,56
地质工程,吉林大学,--,374,江苏,理科,2016,第一批,加入对比 ,57
化学工程与工艺,吉林大学,--,377,江苏,理科,2016,第一批,加入对比 ,57
微电子科学与工程,吉林大学,--,378,江苏,理科,2016,第一批,加入对比 ,57
物流工程,吉林大学珠海学院,--,313,江苏,理科,2016,第三批,加入对比 ,57
应用化学,吉林大学珠海学院,--,308,江苏,理科,2016,第三批,加入对比 ,57
金融学,吉林大学珠海学院,--,305,江苏,理科,2016,第三批,加入对比 ,57
会计学,吉林大学珠海学院,--,324,江苏,文科,2016,第三批,加入对比 ,57
机械设计制造及其自动化,吉林大学珠海学院,--,311,江苏,理科,2016,第三批,加入对比 ,57
车辆工程,吉林大学珠海学院,--,311,江苏,理科,2016,第三批,加入对比 ,57
汽车服务工程,吉林大学珠海学院,--,303,江苏,理科,2016,第三批,加入对比 ,57
会计学,吉林大学珠海学院,--,304,江苏,理科,2016,第三批,加入对比 ,57
城乡规划,吉林大学珠海学院,--,307,江苏,理科,2016,第三批,加入对比 ,57
制药工程,吉林大学珠海学院,--,314,江苏,理科,2016,第三批,加入对比 ,57
网络工程,吉林大学珠海学院,--,309,江苏,理科,2016,第三批,加入对比 ,57
计算机科学与技术,吉林大学珠海学院,--,313,江苏,理科,2016,第三批,加入对比 ,57
自动化,吉林大学珠海学院,--,311,江苏,理科,2016,第三批,加入对比 ,57
测控技术与仪器,吉林大学珠海学院,--,305,江苏,理科,2016,第三批,加入对比 ,57
金融学,吉林大学珠海学院,--,323,江苏,文科,2016,第三批,加入对比 ,57
政治学与行政学,吉林大学,588,--,安徽,文科,2016,第一批,加入对比 ,57
外交学,吉林大学,589,--,安徽,文科,2016,第一批,加入对比 ,57
经济学,吉林大学,591,--,安徽,文科,2016,第一批,加入对比 ,57
哲学,吉林大学,592,--,安徽,文科,2016,第一批,加入对比 ,57
西班牙语,吉林大学,592,--,安徽,文科,2016,第一批,加入对比 ,57
金融学,吉林大学,593,--,安徽,文科,2016,第一批,加入对比 ,57
法学,吉林大学,595,--,安徽,文科,2016,第一批,加入对比 ,57
地质学,吉林大学,613,--,安徽,理科,2016,第一批,加入对比 ,57
测绘工程,吉林大学,613,--,安徽,理科,2016,第一批,加入对比 ,57
地理信息科学,吉林大学,613,--,安徽,理科,2016,第一批,加入对比 ,57
资源勘查工程,吉林大学,613,--,安徽,理科,2016,第一批,加入对比 ,57
工业工程,吉林大学,613,--,安徽,理科,2016,第一批,加入对比 ,57
生物医学工程,吉林大学,613,--,安徽,理科,2016,第一批,加入对比 ,57
环境科学,吉林大学,613,--,安徽,理科,2016,第一批,加入对比 ,57
水文与水资源工程,吉林大学,613,--,安徽,理科,2016,第一批,加入对比 ,57
汽车服务工程,吉林大学,614,--,安徽,理科,2016,第一批,加入对比 ,57
信息管理与信息系统,吉林大学,614,--,安徽,理科,2016,第一批,加入对比 ,57
信息工程,吉林大学,614,--,安徽,理科,2016,第一批,加入对比 ,57
光电信息科学与工程,吉林大学,615,--,安徽,理科,2016,第一批,加入对比 ,57
交通工程,吉林大学,615,--,安徽,理科,2016,第一批,加入对比 ,57
地球物理学,吉林大学,615,--,安徽,理科,2016,第一批,加入对比 ,57
交通运输,吉林大学,615,--,安徽,理科,2016,第一批,加入对比 ,57
自动化,吉林大学,615,--,安徽,理科,2016,第一批,加入对比 ,57
道路桥梁与渡河工程,吉林大学,615,--,安徽,理科,2016,第一批,加入对比 ,57
通信工程,吉林大学,615,--,安徽,理科,2016,第一批,加入对比 ,57
临床药学,吉林大学,615,--,安徽,理科,2016,第一批,加入对比 ,57
农业机械化及其自动化,吉林大学,615,--,安徽,理科,2016,第一批,加入对比 ,57
测控技术与仪器,吉林大学,615,--,安徽,理科,2016,第一批,加入对比 ,57
工商管理,吉林大学,615,--,安徽,理科,2016,第一批,加入对比 ,57
材料科学与工程,吉林大学,615,--,安徽,理科,2016,第一批,加入对比 ,57
法学,吉林大学,615,--,安徽,理科,2016,第一批,加入对比 ,57
物联网工程,吉林大学,615,--,安徽,理科,2016,第一批,加入对比 ,57
统计学,吉林大学,616,--,安徽,理科,2016,第一批,加入对比 ,57
电子科学与技术,吉林大学,616,--,安徽,理科,2016,第一批,加入对比 ,57
物流工程,吉林大学,616,--,安徽,理科,2016,第一批,加入对比 ,57
计算机科学与技术,吉林大学,616,--,安徽,理科,2016,第一批,加入对比 ,57
土木工程,吉林大学,616,--,安徽,理科,2016,第一批,加入对比 ,57
软件工程,吉林大学,617,--,安徽,理科,2016,第一批,加入对比 ,57
材料化学,吉林大学,618,--,安徽,理科,2016,第一批,加入对比 ,57
电气工程及其自动化,吉林大学,619,--,安徽,理科,2016,第一批,加入对比 ,57
材料成型及控制工程,吉林大学,619,--,安徽,理科,2016,第一批,加入对比 ,57
机械工程,吉林大学,620,--,安徽,理科,2016,第一批,加入对比 ,57
化学,吉林大学,621,--,安徽,理科,2016,第一批,加入对比 ,57
数学与应用数学,吉林大学,621,--,安徽,理科,2016,第一批,加入对比 ,57
微电子科学与工程,吉林大学,621,--,安徽,理科,2016,第一批,加入对比 ,57
金融学,吉林大学,623,--,安徽,理科,2016,第一批,加入对比 ,57
车辆工程,吉林大学,629,--,安徽,理科,2016,第一批,加入对比 ,57
投资学,吉林大学珠海学院,467,--,安徽,理科,2016,第三批,加入对比 ,57
机械设计制造及其自动化,吉林大学珠海学院,472,--,安徽,理科,2016,第三批,加入对比 ,57
通信工程,吉林大学珠海学院,476,--,安徽,理科,2016,第三批,加入对比 ,57
金融学,吉林大学珠海学院,486,--,安徽,文科,2016,第三批,加入对比 ,57
信息管理与信息系统,吉林大学珠海学院,496,--,安徽,理科,2016,第三批,加入对比 ,57
英语,吉林大学,563,564,福建,文科,2016,第一批,加入对比 ,57
新闻学,吉林大学,565,566,福建,文科,2016,第一批,加入对比 ,57
日语,吉林大学,565,566,福建,文科,2016,第一批,加入对比 ,57
外交学,吉林大学,566,567,福建,文科,2016,第一批,加入对比 ,57
政治学与行政学,吉林大学,568,571,福建,文科,2016,第一批,加入对比 ,57
金融学,吉林大学,570,573,福建,文科,2016,第一批,加入对比 ,57
地质工程,吉林大学,573,574,福建,理科,2016,第一批,加入对比 ,57
信息管理与信息系统,吉林大学,573,575,福建,理科,2016,第一批,加入对比 ,57
化学,吉林大学,574,575,福建,理科,2016,第一批,加入对比 ,57
资源勘查工程,吉林大学,575,575,福建,理科,2016,第一批,加入对比 ,57
法学,吉林大学,577,579,福建,文科,2016,第一批,加入对比 ,57
食品质量与安全,吉林大学,578,578,福建,理科,2016,第一批,加入对比 ,57
交通运输,吉林大学,578,580,福建,理科,2016,第一批,加入对比 ,57
软件工程,吉林大学,578,580,福建,理科,2016,第一批,加入对比 ,57
土木工程,吉林大学,580,587,福建,理科,2016,第一批,加入对比 ,57
能源与动力工程,吉林大学,580,583,福建,理科,2016,第一批,加入对比 ,57
电子科学与技术,吉林大学,581,583,福建,理科,2016,第一批,加入对比 ,57
统计学,吉林大学,581,582,福建,理科,2016,第一批,加入对比 ,57
工商管理,吉林大学,581,582,福建,理科,2016,第一批,加入对比 ,57
数学与应用数学,吉林大学,582,587,福建,理科,2016,第一批,加入对比 ,57
法学,吉林大学,582,584,福建,理科,2016,第一批,加入对比 ,57
通信工程,吉林大学,583,584,福建,理科,2016,第一批,加入对比 ,57
物理学,吉林大学,583,589,福建,理科,2016,第一批,加入对比 ,57
计算机科学与技术,吉林大学,584,589,福建,理科,2016,第一批,加入对比 ,57
金融学,吉林大学,589,591,福建,理科,2016,第一批,加入对比 ,57
金融数学,吉林大学,590,591,福建,理科,2016,第一批,加入对比 ,57
会计学,吉林大学,592,594,福建,理科,2016,第一批,加入对比 ,57
车辆工程,吉林大学,598,602,福建,理科,2016,第一批,加入对比 ,57
汽车服务工程,吉林大学珠海学院,391,392,福建,理科,2016,第二批,加入对比 ,57
制药工程,吉林大学珠海学院,391,392,福建,理科,2016,第二批,加入对比 ,57
地质学,吉林大学,613,--,安徽,理科,2016,第一批,加入对比 ,58
测绘工程,吉林大学,613,--,安徽,理科,2016,第一批,加入对比 ,58
地理信息科学,吉林大学,613,--,安徽,理科,2016,第一批,加入对比 ,58
资源勘查工程,吉林大学,613,--,安徽,理科,2016,第一批,加入对比 ,58
工业工程,吉林大学,613,--,安徽,理科,2016,第一批,加入对比 ,58
生物医学工程,吉林大学,613,--,安徽,理科,2016,第一批,加入对比 ,58
环境科学,吉林大学,613,--,安徽,理科,2016,第一批,加入对比 ,58
水文与水资源工程,吉林大学,613,--,安徽,理科,2016,第一批,加入对比 ,58
汽车服务工程,吉林大学,614,--,安徽,理科,2016,第一批,加入对比 ,58
信息管理与信息系统,吉林大学,614,--,安徽,理科,2016,第一批,加入对比 ,58
信息工程,吉林大学,614,--,安徽,理科,2016,第一批,加入对比 ,58
光电信息科学与工程,吉林大学,615,--,安徽,理科,2016,第一批,加入对比 ,58
交通工程,吉林大学,615,--,安徽,理科,2016,第一批,加入对比 ,58
地球物理学,吉林大学,615,--,安徽,理科,2016,第一批,加入对比 ,58
交通运输,吉林大学,615,--,安徽,理科,2016,第一批,加入对比 ,58
自动化,吉林大学,615,--,安徽,理科,2016,第一批,加入对比 ,58
道路桥梁与渡河工程,吉林大学,615,--,安徽,理科,2016,第一批,加入对比 ,58
通信工程,吉林大学,615,--,安徽,理科,2016,第一批,加入对比 ,58
临床药学,吉林大学,615,--,安徽,理科,2016,第一批,加入对比 ,58
农业机械化及其自动化,吉林大学,615,--,安徽,理科,2016,第一批,加入对比 ,58
测控技术与仪器,吉林大学,615,--,安徽,理科,2016,第一批,加入对比 ,58
工商管理,吉林大学,615,--,安徽,理科,2016,第一批,加入对比 ,58
材料科学与工程,吉林大学,615,--,安徽,理科,2016,第一批,加入对比 ,58
法学,吉林大学,615,--,安徽,理科,2016,第一批,加入对比 ,58
物联网工程,吉林大学,615,--,安徽,理科,2016,第一批,加入对比 ,58
统计学,吉林大学,616,--,安徽,理科,2016,第一批,加入对比 ,58
电子科学与技术,吉林大学,616,--,安徽,理科,2016,第一批,加入对比 ,58
物流工程,吉林大学,616,--,安徽,理科,2016,第一批,加入对比 ,58
计算机科学与技术,吉林大学,616,--,安徽,理科,2016,第一批,加入对比 ,58
土木工程,吉林大学,616,--,安徽,理科,2016,第一批,加入对比 ,58
软件工程,吉林大学,617,--,安徽,理科,2016,第一批,加入对比 ,58
材料化学,吉林大学,618,--,安徽,理科,2016,第一批,加入对比 ,58
电气工程及其自动化,吉林大学,619,--,安徽,理科,2016,第一批,加入对比 ,58
材料成型及控制工程,吉林大学,619,--,安徽,理科,2016,第一批,加入对比 ,58
机械工程,吉林大学,620,--,安徽,理科,2016,第一批,加入对比 ,58
化学,吉林大学,621,--,安徽,理科,2016,第一批,加入对比 ,58
数学与应用数学,吉林大学,621,--,安徽,理科,2016,第一批,加入对比 ,58
微电子科学与工程,吉林大学,621,--,安徽,理科,2016,第一批,加入对比 ,58
金融学,吉林大学,623,--,安徽,理科,2016,第一批,加入对比 ,58
车辆工程,吉林大学,629,--,安徽,理科,2016,第一批,加入对比 ,58
投资学,吉林大学珠海学院,467,--,安徽,理科,2016,第三批,加入对比 ,58
机械设计制造及其自动化,吉林大学珠海学院,472,--,安徽,理科,2016,第三批,加入对比 ,58
通信工程,吉林大学珠海学院,476,--,安徽,理科,2016,第三批,加入对比 ,58
金融学,吉林大学珠海学院,486,--,安徽,文科,2016,第三批,加入对比 ,58
信息管理与信息系统,吉林大学珠海学院,496,--,安徽,理科,2016,第三批,加入对比 ,58
英语,吉林大学,563,564,福建,文科,2016,第一批,加入对比 ,58
新闻学,吉林大学,565,566,福建,文科,2016,第一批,加入对比 ,58
日语,吉林大学,565,566,福建,文科,2016,第一批,加入对比 ,58
外交学,吉林大学,566,567,福建,文科,2016,第一批,加入对比 ,58
政治学与行政学,吉林大学,568,571,福建,文科,2016,第一批,加入对比 ,58
金融学,吉林大学,570,573,福建,文科,2016,第一批,加入对比 ,58
地质工程,吉林大学,573,574,福建,理科,2016,第一批,加入对比 ,58
信息管理与信息系统,吉林大学,573,575,福建,理科,2016,第一批,加入对比 ,58
化学,吉林大学,574,575,福建,理科,2016,第一批,加入对比 ,58
资源勘查工程,吉林大学,575,575,福建,理科,2016,第一批,加入对比 ,58
法学,吉林大学,577,579,福建,文科,2016,第一批,加入对比 ,58
食品质量与安全,吉林大学,578,578,福建,理科,2016,第一批,加入对比 ,58
交通运输,吉林大学,578,580,福建,理科,2016,第一批,加入对比 ,58
软件工程,吉林大学,578,580,福建,理科,2016,第一批,加入对比 ,58
土木工程,吉林大学,580,587,福建,理科,2016,第一批,加入对比 ,58
能源与动力工程,吉林大学,580,583,福建,理科,2016,第一批,加入对比 ,58
电子科学与技术,吉林大学,581,583,福建,理科,2016,第一批,加入对比 ,58
统计学,吉林大学,581,582,福建,理科,2016,第一批,加入对比 ,58
工商管理,吉林大学,581,582,福建,理科,2016,第一批,加入对比 ,58
数学与应用数学,吉林大学,582,587,福建,理科,2016,第一批,加入对比 ,58
法学,吉林大学,582,584,福建,理科,2016,第一批,加入对比 ,58
通信工程,吉林大学,583,584,福建,理科,2016,第一批,加入对比 ,58
物理学,吉林大学,583,589,福建,理科,2016,第一批,加入对比 ,58
计算机科学与技术,吉林大学,584,589,福建,理科,2016,第一批,加入对比 ,58
金融学,吉林大学,589,591,福建,理科,2016,第一批,加入对比 ,58
金融数学,吉林大学,590,591,福建,理科,2016,第一批,加入对比 ,58
会计学,吉林大学,592,594,福建,理科,2016,第一批,加入对比 ,58
车辆工程,吉林大学,598,602,福建,理科,2016,第一批,加入对比 ,58
汽车服务工程,吉林大学珠海学院,391,392,福建,理科,2016,第二批,加入对比 ,58
制药工程,吉林大学珠海学院,391,392,福建,理科,2016,第二批,加入对比 ,58
统计学,吉林大学,616,--,安徽,理科,2016,第一批,加入对比 ,59
电子科学与技术,吉林大学,616,--,安徽,理科,2016,第一批,加入对比 ,59
物流工程,吉林大学,616,--,安徽,理科,2016,第一批,加入对比 ,59
计算机科学与技术,吉林大学,616,--,安徽,理科,2016,第一批,加入对比 ,59
土木工程,吉林大学,616,--,安徽,理科,2016,第一批,加入对比 ,59
软件工程,吉林大学,617,--,安徽,理科,2016,第一批,加入对比 ,59
材料化学,吉林大学,618,--,安徽,理科,2016,第一批,加入对比 ,59
电气工程及其自动化,吉林大学,619,--,安徽,理科,2016,第一批,加入对比 ,59
材料成型及控制工程,吉林大学,619,--,安徽,理科,2016,第一批,加入对比 ,59
机械工程,吉林大学,620,--,安徽,理科,2016,第一批,加入对比 ,59
化学,吉林大学,621,--,安徽,理科,2016,第一批,加入对比 ,59
数学与应用数学,吉林大学,621,--,安徽,理科,2016,第一批,加入对比 ,59
微电子科学与工程,吉林大学,621,--,安徽,理科,2016,第一批,加入对比 ,59
金融学,吉林大学,623,--,安徽,理科,2016,第一批,加入对比 ,59
车辆工程,吉林大学,629,--,安徽,理科,2016,第一批,加入对比 ,59
投资学,吉林大学珠海学院,467,--,安徽,理科,2016,第三批,加入对比 ,59
机械设计制造及其自动化,吉林大学珠海学院,472,--,安徽,理科,2016,第三批,加入对比 ,59
通信工程,吉林大学珠海学院,476,--,安徽,理科,2016,第三批,加入对比 ,59
金融学,吉林大学珠海学院,486,--,安徽,文科,2016,第三批,加入对比 ,59
信息管理与信息系统,吉林大学珠海学院,496,--,安徽,理科,2016,第三批,加入对比 ,59
英语,吉林大学,563,564,福建,文科,2016,第一批,加入对比 ,59
新闻学,吉林大学,565,566,福建,文科,2016,第一批,加入对比 ,59
日语,吉林大学,565,566,福建,文科,2016,第一批,加入对比 ,59
外交学,吉林大学,566,567,福建,文科,2016,第一批,加入对比 ,59
政治学与行政学,吉林大学,568,571,福建,文科,2016,第一批,加入对比 ,59
金融学,吉林大学,570,573,福建,文科,2016,第一批,加入对比 ,59
地质工程,吉林大学,573,574,福建,理科,2016,第一批,加入对比 ,59
信息管理与信息系统,吉林大学,573,575,福建,理科,2016,第一批,加入对比 ,59
化学,吉林大学,574,575,福建,理科,2016,第一批,加入对比 ,59
资源勘查工程,吉林大学,575,575,福建,理科,2016,第一批,加入对比 ,59
法学,吉林大学,577,579,福建,文科,2016,第一批,加入对比 ,59
食品质量与安全,吉林大学,578,578,福建,理科,2016,第一批,加入对比 ,59
交通运输,吉林大学,578,580,福建,理科,2016,第一批,加入对比 ,59
软件工程,吉林大学,578,580,福建,理科,2016,第一批,加入对比 ,59
土木工程,吉林大学,580,587,福建,理科,2016,第一批,加入对比 ,59
能源与动力工程,吉林大学,580,583,福建,理科,2016,第一批,加入对比 ,59
电子科学与技术,吉林大学,581,583,福建,理科,2016,第一批,加入对比 ,59
统计学,吉林大学,581,582,福建,理科,2016,第一批,加入对比 ,59
工商管理,吉林大学,581,582,福建,理科,2016,第一批,加入对比 ,59
数学与应用数学,吉林大学,582,587,福建,理科,2016,第一批,加入对比 ,59
法学,吉林大学,582,584,福建,理科,2016,第一批,加入对比 ,59
通信工程,吉林大学,583,584,福建,理科,2016,第一批,加入对比 ,59
物理学,吉林大学,583,589,福建,理科,2016,第一批,加入对比 ,59
计算机科学与技术,吉林大学,584,589,福建,理科,2016,第一批,加入对比 ,59
金融学,吉林大学,589,591,福建,理科,2016,第一批,加入对比 ,59
金融数学,吉林大学,590,591,福建,理科,2016,第一批,加入对比 ,59
会计学,吉林大学,592,594,福建,理科,2016,第一批,加入对比 ,59
车辆工程,吉林大学,598,602,福建,理科,2016,第一批,加入对比 ,59
汽车服务工程,吉林大学珠海学院,391,392,福建,理科,2016,第二批,加入对比 ,59
制药工程,吉林大学珠海学院,391,392,福建,理科,2016,第二批,加入对比 ,59
金融学,吉林大学,570,573,福建,文科,2016,第一批,加入对比 ,60
地质工程,吉林大学,573,574,福建,理科,2016,第一批,加入对比 ,60
信息管理与信息系统,吉林大学,573,575,福建,理科,2016,第一批,加入对比 ,60
化学,吉林大学,574,575,福建,理科,2016,第一批,加入对比 ,60
资源勘查工程,吉林大学,575,575,福建,理科,2016,第一批,加入对比 ,60
法学,吉林大学,577,579,福建,文科,2016,第一批,加入对比 ,60
食品质量与安全,吉林大学,578,578,福建,理科,2016,第一批,加入对比 ,60
交通运输,吉林大学,578,580,福建,理科,2016,第一批,加入对比 ,60
软件工程,吉林大学,578,580,福建,理科,2016,第一批,加入对比 ,60
土木工程,吉林大学,580,587,福建,理科,2016,第一批,加入对比 ,60
能源与动力工程,吉林大学,580,583,福建,理科,2016,第一批,加入对比 ,60
电子科学与技术,吉林大学,581,583,福建,理科,2016,第一批,加入对比 ,60
统计学,吉林大学,581,582,福建,理科,2016,第一批,加入对比 ,60
工商管理,吉林大学,581,582,福建,理科,2016,第一批,加入对比 ,60
数学与应用数学,吉林大学,582,587,福建,理科,2016,第一批,加入对比 ,60
法学,吉林大学,582,584,福建,理科,2016,第一批,加入对比 ,60
通信工程,吉林大学,583,584,福建,理科,2016,第一批,加入对比 ,60
物理学,吉林大学,583,589,福建,理科,2016,第一批,加入对比 ,60
计算机科学与技术,吉林大学,584,589,福建,理科,2016,第一批,加入对比 ,60
金融学,吉林大学,589,591,福建,理科,2016,第一批,加入对比 ,60
金融数学,吉林大学,590,591,福建,理科,2016,第一批,加入对比 ,60
会计学,吉林大学,592,594,福建,理科,2016,第一批,加入对比 ,60
车辆工程,吉林大学,598,602,福建,理科,2016,第一批,加入对比 ,60
汽车服务工程,吉林大学珠海学院,391,392,福建,理科,2016,第二批,加入对比 ,60
制药工程,吉林大学珠海学院,391,392,福建,理科,2016,第二批,加入对比 ,60
工业工程,吉林大学珠海学院,392,392,福建,理科,2016,第二批,加入对比 ,61
中药学,吉林大学珠海学院,393,394,福建,理科,2016,第二批,加入对比 ,61
测控技术与仪器,吉林大学珠海学院,393,394,福建,理科,2016,第二批,加入对比 ,61
应用化学,吉林大学珠海学院,394,396,福建,理科,2016,第二批,加入对比 ,61
化学工程与工艺,吉林大学珠海学院,394,395,福建,理科,2016,第二批,加入对比 ,61
材料科学与工程,吉林大学珠海学院,396,396,福建,理科,2016,第二批,加入对比 ,61
通信工程,吉林大学珠海学院,397,401,福建,理科,2016,第二批,加入对比 ,61
网络工程,吉林大学珠海学院,397,399,福建,理科,2016,第二批,加入对比 ,61
信息管理与信息系统,吉林大学珠海学院,398,404,福建,理科,2016,第二批,加入对比 ,61
软件工程,吉林大学珠海学院,400,400,福建,理科,2016,第二批,加入对比 ,61
城乡规划,吉林大学珠海学院,401,401,福建,理科,2016,第二批,加入对比 ,61
计算机科学与技术,吉林大学珠海学院,401,403,福建,理科,2016,第二批,加入对比 ,61
机械设计制造及其自动化,吉林大学珠海学院,403,407,福建,理科,2016,第二批,加入对比 ,61
车辆工程,吉林大学珠海学院,403,407,福建,理科,2016,第二批,加入对比 ,61
食品质量与安全,吉林大学珠海学院,405,410,福建,理科,2016,第二批,加入对比 ,61
药物制剂,吉林大学珠海学院,406,420,福建,理科,2016,第二批,加入对比 ,61
建筑学,吉林大学珠海学院,408,412,福建,理科,2016,第二批,加入对比 ,61
投资学,吉林大学珠海学院,411,412,福建,理科,2016,第二批,加入对比 ,61
物流工程,吉林大学珠海学院,412,414,福建,理科,2016,第二批,加入对比 ,61
金融学,吉林大学珠海学院,418,422,福建,理科,2016,第二批,加入对比 ,61
日语,吉林大学珠海学院,459,459,福建,文科,2016,第二批,加入对比 ,61
汉语言文学,吉林大学珠海学院,460,462,福建,文科,2016,第二批,加入对比 ,61
工商管理,吉林大学珠海学院,463,466,福建,文科,2016,第二批,加入对比 ,61
会计学,吉林大学珠海学院,464,467,福建,文科,2016,第二批,加入对比 ,61
朝鲜语,吉林大学珠海学院,465,472,福建,文科,2016,第二批,加入对比 ,61
金融学,吉林大学珠海学院,469,471,福建,文科,2016,第二批,加入对比 ,62
朝鲜语,吉林大学,577,--,湖北,文科,2016,第一批,加入对比 ,62
广告学,吉林大学,584,--,湖北,理科,2016,第一批,加入对比 ,62
哲学,吉林大学,587,--,湖北,文科,2016,第一批,加入对比 ,62
外交学,吉林大学,587,--,湖北,文科,2016,第一批,加入对比 ,62
新闻学,吉林大学,588,--,湖北,文科,2016,第一批,加入对比 ,62
文物与博物馆学,吉林大学,588,--,湖北,文科,2016,第一批,加入对比 ,62
资源勘查工程,吉林大学,588,--,湖北,理科,2016,第一批,加入对比 ,62
材料物理,吉林大学,589,--,湖北,理科,2016,第一批,加入对比 ,62
环境科学,吉林大学,589,--,湖北,理科,2016,第一批,加入对比 ,62
英语,吉林大学,590,--,湖北,文科,2016,第一批,加入对比 ,62
历史学,吉林大学,590,--,湖北,文科,2016,第一批,加入对比 ,62
道路桥梁与渡河工程,吉林大学,591,--,湖北,理科,2016,第一批,加入对比 ,62
工业工程,吉林大学,591,--,湖北,理科,2016,第一批,加入对比 ,62
工程力学,吉林大学,592,--,湖北,理科,2016,第一批,加入对比 ,62
法学,吉林大学,592,--,湖北,文科,2016,第一批,加入对比 ,62
信息工程,吉林大学,592,--,湖北,理科,2016,第一批,加入对比 ,62
测控技术与仪器,吉林大学,593,--,湖北,理科,2016,第一批,加入对比 ,62
食品质量与安全,吉林大学,593,--,湖北,理科,2016,第一批,加入对比 ,62
档案学,吉林大学,594,--,湖北,理科,2016,第一批,加入对比 ,62
材料成型及控制工程,吉林大学,594,--,湖北,理科,2016,第一批,加入对比 ,62
物理学,吉林大学,594,--,湖北,理科,2016,第一批,加入对比 ,62
电子科学与技术,吉林大学,595,--,湖北,理科,2016,第一批,加入对比 ,62
微电子科学与工程,吉林大学,595,--,湖北,理科,2016,第一批,加入对比 ,62
预防医学,吉林大学,596,--,湖北,理科,2016,第一批,加入对比 ,62
工商管理,吉林大学,597,--,湖北,理科,2016,第一批,加入对比 ,62
生物制药,吉林大学,597,--,湖北,理科,2016,第一批,加入对比 ,62
软件工程,吉林大学,598,--,湖北,理科,2016,第一批,加入对比 ,62
交通工程,吉林大学,598,--,湖北,理科,2016,第一批,加入对比 ,62
汽车服务工程,吉林大学,598,--,湖北,理科,2016,第一批,加入对比 ,62
农业机械化及其自动化,吉林大学,598,--,湖北,理科,2016,第一批,加入对比 ,62
信息与计算科学,吉林大学,599,--,湖北,理科,2016,第一批,加入对比 ,62
材料科学与工程,吉林大学,599,--,湖北,理科,2016,第一批,加入对比 ,62
自动化,吉林大学,599,--,湖北,理科,2016,第一批,加入对比 ,62
电子信息工程,吉林大学,600,--,湖北,理科,2016,第一批,加入对比 ,62
高分子材料与工程,吉林大学,601,--,湖北,理科,2016,第一批,加入对比 ,62
计算机科学与技术,吉林大学,602,--,湖北,理科,2016,第一批,加入对比 ,62
应用物理学,吉林大学,602,--,湖北,理科,2016,第一批,加入对比 ,62
金融数学,吉林大学,603,--,湖北,理科,2016,第一批,加入对比 ,62
机械工程,吉林大学,603,--,湖北,理科,2016,第一批,加入对比 ,62
金融学,吉林大学,609,--,湖北,理科,2016,第一批,加入对比 ,62
数学与应用数学,吉林大学,610,--,湖北,理科,2016,第一批,加入对比 ,62
化学,吉林大学,614,--,湖北,理科,2016,第一批,加入对比 ,62
汽车服务工程,吉林大学珠海学院,431,--,湖北,理科,2016,第二批,加入对比 ,62
微电子科学与工程,吉林大学珠海学院,436,--,湖北,理科,2016,第二批,加入对比 ,62
物流工程,吉林大学珠海学院,437,--,湖北,理科,2016,第二批,加入对比 ,62
机械设计制造及其自动化,吉林大学珠海学院,443,--,湖北,理科,2016,第二批,加入对比 ,62
会计学,吉林大学珠海学院,451,--,湖北,理科,2016,第二批,加入对比 ,62
会计学,吉林大学珠海学院,461,--,湖北,文科,2016,第二批,加入对比 ,62
计算机科学与技术,吉林大学珠海学院,462,--,湖北,理科,2016,第二批,加入对比 ,62
工商管理,吉林大学,597,--,湖北,理科,2016,第一批,加入对比 ,63
生物制药,吉林大学,597,--,湖北,理科,2016,第一批,加入对比 ,63
软件工程,吉林大学,598,--,湖北,理科,2016,第一批,加入对比 ,63
交通工程,吉林大学,598,--,湖北,理科,2016,第一批,加入对比 ,63
汽车服务工程,吉林大学,598,--,湖北,理科,2016,第一批,加入对比 ,63
农业机械化及其自动化,吉林大学,598,--,湖北,理科,2016,第一批,加入对比 ,63
信息与计算科学,吉林大学,599,--,湖北,理科,2016,第一批,加入对比 ,63
材料科学与工程,吉林大学,599,--,湖北,理科,2016,第一批,加入对比 ,63
自动化,吉林大学,599,--,湖北,理科,2016,第一批,加入对比 ,63
电子信息工程,吉林大学,600,--,湖北,理科,2016,第一批,加入对比 ,63
高分子材料与工程,吉林大学,601,--,湖北,理科,2016,第一批,加入对比 ,63
计算机科学与技术,吉林大学,602,--,湖北,理科,2016,第一批,加入对比 ,63
应用物理学,吉林大学,602,--,湖北,理科,2016,第一批,加入对比 ,63
金融数学,吉林大学,603,--,湖北,理科,2016,第一批,加入对比 ,63
机械工程,吉林大学,603,--,湖北,理科,2016,第一批,加入对比 ,63
金融学,吉林大学,609,--,湖北,理科,2016,第一批,加入对比 ,63
数学与应用数学,吉林大学,610,--,湖北,理科,2016,第一批,加入对比 ,63
化学,吉林大学,614,--,湖北,理科,2016,第一批,加入对比 ,63
汽车服务工程,吉林大学珠海学院,431,--,湖北,理科,2016,第二批,加入对比 ,63
微电子科学与工程,吉林大学珠海学院,436,--,湖北,理科,2016,第二批,加入对比 ,63
物流工程,吉林大学珠海学院,437,--,湖北,理科,2016,第二批,加入对比 ,63
机械设计制造及其自动化,吉林大学珠海学院,443,--,湖北,理科,2016,第二批,加入对比 ,63
会计学,吉林大学珠海学院,451,--,湖北,理科,2016,第二批,加入对比 ,63
会计学,吉林大学珠海学院,461,--,湖北,文科,2016,第二批,加入对比 ,63
计算机科学与技术,吉林大学珠海学院,462,--,湖北,理科,2016,第二批,加入对比 ,63
信息管理与信息系统,吉林大学珠海学院,470,--,湖北,理科,2016,第二批,加入对比 ,63
金融学,吉林大学珠海学院,483,--,湖北,文科,2016,第二批,加入对比 ,63
朝鲜语,吉林大学,577,--,湖南,文科,2016,第一批,加入对比 ,63
广告学,吉林大学,584,--,湖南,理科,2016,第一批,加入对比 ,63
哲学,吉林大学,587,--,湖南,文科,2016,第一批,加入对比 ,63
外交学,吉林大学,587,--,湖南,文科,2016,第一批,加入对比 ,63
新闻学,吉林大学,588,--,湖南,文科,2016,第一批,加入对比 ,63
文物与博物馆学,吉林大学,588,--,湖南,文科,2016,第一批,加入对比 ,63
资源勘查工程,吉林大学,588,--,湖南,理科,2016,第一批,加入对比 ,63
材料物理,吉林大学,589,--,湖南,理科,2016,第一批,加入对比 ,63
环境科学,吉林大学,589,--,湖南,理科,2016,第一批,加入对比 ,63
英语,吉林大学,590,--,湖南,文科,2016,第一批,加入对比 ,63
历史学,吉林大学,590,--,湖南,文科,2016,第一批,加入对比 ,63
道路桥梁与渡河工程,吉林大学,591,--,湖南,理科,2016,第一批,加入对比 ,63
工业工程,吉林大学,591,--,湖南,理科,2016,第一批,加入对比 ,63
工程力学,吉林大学,592,--,湖南,理科,2016,第一批,加入对比 ,63
法学,吉林大学,592,--,湖南,文科,2016,第一批,加入对比 ,63
信息工程,吉林大学,592,--,湖南,理科,2016,第一批,加入对比 ,63
测控技术与仪器,吉林大学,593,--,湖南,理科,2016,第一批,加入对比 ,63
食品质量与安全,吉林大学,593,--,湖南,理科,2016,第一批,加入对比 ,63
档案学,吉林大学,594,--,湖南,理科,2016,第一批,加入对比 ,63
材料成型及控制工程,吉林大学,594,--,湖南,理科,2016,第一批,加入对比 ,63
物理学,吉林大学,594,--,湖南,理科,2016,第一批,加入对比 ,63
电子科学与技术,吉林大学,595,--,湖南,理科,2016,第一批,加入对比 ,63
微电子科学与工程,吉林大学,595,--,湖南,理科,2016,第一批,加入对比 ,63
预防医学,吉林大学,596,--,湖南,理科,2016,第一批,加入对比 ,63
工商管理,吉林大学,597,--,湖南,理科,2016,第一批,加入对比 ,63
生物制药,吉林大学,597,--,湖南,理科,2016,第一批,加入对比 ,63
软件工程,吉林大学,598,--,湖南,理科,2016,第一批,加入对比 ,63
交通工程,吉林大学,598,--,湖南,理科,2016,第一批,加入对比 ,63
汽车服务工程,吉林大学,598,--,湖南,理科,2016,第一批,加入对比 ,63
农业机械化及其自动化,吉林大学,598,--,湖南,理科,2016,第一批,加入对比 ,63
信息与计算科学,吉林大学,599,--,湖南,理科,2016,第一批,加入对比 ,63
材料科学与工程,吉林大学,599,--,湖南,理科,2016,第一批,加入对比 ,63
自动化,吉林大学,599,--,湖南,理科,2016,第一批,加入对比 ,63
电子信息工程,吉林大学,600,--,湖南,理科,2016,第一批,加入对比 ,63
高分子材料与工程,吉林大学,601,--,湖南,理科,2016,第一批,加入对比 ,63
计算机科学与技术,吉林大学,602,--,湖南,理科,2016,第一批,加入对比 ,63
应用物理学,吉林大学,602,--,湖南,理科,2016,第一批,加入对比 ,63
金融数学,吉林大学,603,--,湖南,理科,2016,第一批,加入对比 ,63
机械工程,吉林大学,603,--,湖南,理科,2016,第一批,加入对比 ,63
金融学,吉林大学,609,--,湖南,理科,2016,第一批,加入对比 ,63
数学与应用数学,吉林大学,610,--,湖南,理科,2016,第一批,加入对比 ,63
化学,吉林大学,614,--,湖南,理科,2016,第一批,加入对比 ,63
汽车服务工程,吉林大学珠海学院,431,--,湖南,理科,2016,第三批,加入对比 ,63
微电子科学与工程,吉林大学珠海学院,436,--,湖南,理科,2016,第三批,加入对比 ,63
物流工程,吉林大学珠海学院,437,--,湖南,理科,2016,第三批,加入对比 ,63
机械设计制造及其自动化,吉林大学珠海学院,443,--,湖南,理科,2016,第三批,加入对比 ,63
会计学,吉林大学珠海学院,451,--,湖南,理科,2016,第三批,加入对比 ,63
会计学,吉林大学珠海学院,461,--,湖南,文科,2016,第三批,加入对比 ,63
信息管理与信息系统,吉林大学珠海学院,470,--,湖北,理科,2016,第二批,加入对比 ,64
金融学,吉林大学珠海学院,483,--,湖北,文科,2016,第二批,加入对比 ,64
朝鲜语,吉林大学,577,--,湖南,文科,2016,第一批,加入对比 ,64
广告学,吉林大学,584,--,湖南,理科,2016,第一批,加入对比 ,64
哲学,吉林大学,587,--,湖南,文科,2016,第一批,加入对比 ,64
外交学,吉林大学,587,--,湖南,文科,2016,第一批,加入对比 ,64
新闻学,吉林大学,588,--,湖南,文科,2016,第一批,加入对比 ,64
文物与博物馆学,吉林大学,588,--,湖南,文科,2016,第一批,加入对比 ,64
资源勘查工程,吉林大学,588,--,湖南,理科,2016,第一批,加入对比 ,64
材料物理,吉林大学,589,--,湖南,理科,2016,第一批,加入对比 ,64
环境科学,吉林大学,589,--,湖南,理科,2016,第一批,加入对比 ,64
英语,吉林大学,590,--,湖南,文科,2016,第一批,加入对比 ,64
历史学,吉林大学,590,--,湖南,文科,2016,第一批,加入对比 ,64
道路桥梁与渡河工程,吉林大学,591,--,湖南,理科,2016,第一批,加入对比 ,64
工业工程,吉林大学,591,--,湖南,理科,2016,第一批,加入对比 ,64
工程力学,吉林大学,592,--,湖南,理科,2016,第一批,加入对比 ,64
法学,吉林大学,592,--,湖南,文科,2016,第一批,加入对比 ,64
信息工程,吉林大学,592,--,湖南,理科,2016,第一批,加入对比 ,64
测控技术与仪器,吉林大学,593,--,湖南,理科,2016,第一批,加入对比 ,64
食品质量与安全,吉林大学,593,--,湖南,理科,2016,第一批,加入对比 ,64
档案学,吉林大学,594,--,湖南,理科,2016,第一批,加入对比 ,64
材料成型及控制工程,吉林大学,594,--,湖南,理科,2016,第一批,加入对比 ,64
物理学,吉林大学,594,--,湖南,理科,2016,第一批,加入对比 ,64
电子科学与技术,吉林大学,595,--,湖南,理科,2016,第一批,加入对比 ,64
微电子科学与工程,吉林大学,595,--,湖南,理科,2016,第一批,加入对比 ,64
预防医学,吉林大学,596,--,湖南,理科,2016,第一批,加入对比 ,64
工商管理,吉林大学,597,--,湖南,理科,2016,第一批,加入对比 ,64
生物制药,吉林大学,597,--,湖南,理科,2016,第一批,加入对比 ,64
软件工程,吉林大学,598,--,湖南,理科,2016,第一批,加入对比 ,64
交通工程,吉林大学,598,--,湖南,理科,2016,第一批,加入对比 ,64
汽车服务工程,吉林大学,598,--,湖南,理科,2016,第一批,加入对比 ,64
农业机械化及其自动化,吉林大学,598,--,湖南,理科,2016,第一批,加入对比 ,64
信息与计算科学,吉林大学,599,--,湖南,理科,2016,第一批,加入对比 ,64
材料科学与工程,吉林大学,599,--,湖南,理科,2016,第一批,加入对比 ,64
自动化,吉林大学,599,--,湖南,理科,2016,第一批,加入对比 ,64
电子信息工程,吉林大学,600,--,湖南,理科,2016,第一批,加入对比 ,64
高分子材料与工程,吉林大学,601,--,湖南,理科,2016,第一批,加入对比 ,64
计算机科学与技术,吉林大学,602,--,湖南,理科,2016,第一批,加入对比 ,64
应用物理学,吉林大学,602,--,湖南,理科,2016,第一批,加入对比 ,64
金融数学,吉林大学,603,--,湖南,理科,2016,第一批,加入对比 ,64
机械工程,吉林大学,603,--,湖南,理科,2016,第一批,加入对比 ,64
金融学,吉林大学,609,--,湖南,理科,2016,第一批,加入对比 ,64
数学与应用数学,吉林大学,610,--,湖南,理科,2016,第一批,加入对比 ,64
化学,吉林大学,614,--,湖南,理科,2016,第一批,加入对比 ,64
汽车服务工程,吉林大学珠海学院,431,--,湖南,理科,2016,第三批,加入对比 ,64
微电子科学与工程,吉林大学珠海学院,436,--,湖南,理科,2016,第三批,加入对比 ,64
物流工程,吉林大学珠海学院,437,--,湖南,理科,2016,第三批,加入对比 ,64
机械设计制造及其自动化,吉林大学珠海学院,443,--,湖南,理科,2016,第三批,加入对比 ,64
会计学,吉林大学珠海学院,451,--,湖南,理科,2016,第三批,加入对比 ,64
会计学,吉林大学珠海学院,461,--,湖南,文科,2016,第三批,加入对比 ,64
计算机科学与技术,吉林大学珠海学院,462,--,湖南,理科,2016,第三批,加入对比 ,64
信息管理与信息系统,吉林大学珠海学院,470,--,湖南,理科,2016,第三批,加入对比 ,64
金融学,吉林大学珠海学院,483,--,湖南,文科,2016,第三批,加入对比 ,64
广告学,吉林大学,561,--,广东,文科,2016,第一批,加入对比 ,64
政治学与行政学,吉林大学,563,--,广东,文科,2016,第一批,加入对比 ,64
财政学,吉林大学,563,--,广东,文科,2016,第一批,加入对比 ,64
新闻学,吉林大学,563,--,广东,文科,2016,第一批,加入对比 ,64
国际政治,吉林大学,564,--,广东,文科,2016,第一批,加入对比 ,64
日语,吉林大学,566,--,广东,文科,2016,第一批,加入对比 ,64
土地资源管理,吉林大学,566,--,广东,理科,2016,第一批,加入对比 ,64
勘查技术与工程,吉林大学,566,--,广东,理科,2016,第一批,加入对比 ,64
预防医学,吉林大学,567,--,广东,理科,2016,第一批,加入对比 ,64
临床药学,吉林大学,567,--,广东,理科,2016,第一批,加入对比 ,64
外交学,吉林大学,568,--,广东,文科,2016,第一批,加入对比 ,64
工程力学,吉林大学,569,--,广东,理科,2016,第一批,加入对比 ,64
经济学,吉林大学,569,--,广东,文科,2016,第一批,加入对比 ,64
西班牙语,吉林大学,569,--,广东,文科,2016,第一批,加入对比 ,64
放射医学,吉林大学,569,--,广东,理科,2016,第一批,加入对比 ,64
测控技术与仪器,吉林大学,569,--,广东,理科,2016,第一批,加入对比 ,64
地球物理学,吉林大学,570,--,广东,理科,2016,第一批,加入对比 ,64
材料成型及控制工程,吉林大学,570,--,广东,理科,2016,第一批,加入对比 ,64
法学,吉林大学,570,--,广东,文科,2016,第一批,加入对比 ,64
汽车服务工程,吉林大学,571,--,广东,理科,2016,第一批,加入对比 ,64
金融学,吉林大学,571,--,广东,文科,2016,第一批,加入对比 ,64
生物医学工程,吉林大学,571,--,广东,理科,2016,第一批,加入对比 ,64
通信工程,吉林大学,571,--,广东,理科,2016,第一批,加入对比 ,64
交通运输,吉林大学,571,--,广东,理科,2016,第一批,加入对比 ,64
道路桥梁与渡河工程,吉林大学,571,--,广东,理科,2016,第一批,加入对比 ,64
物流工程,吉林大学,572,--,广东,理科,2016,第一批,加入对比 ,64
工商管理,吉林大学,572,--,广东,理科,2016,第一批,加入对比 ,64
环境科学,吉林大学,572,--,广东,理科,2016,第一批,加入对比 ,64
交通工程,吉林大学,572,--,广东,理科,2016,第一批,加入对比 ,64
信息工程,吉林大学,572,--,广东,理科,2016,第一批,加入对比 ,64
无机非金属材料工程,吉林大学,572,--,广东,理科,2016,第一批,加入对比 ,64
地质学,吉林大学,572,--,广东,理科,2016,第一批,加入对比 ,64
财政学,吉林大学,573,--,广东,理科,2016,第一批,加入对比 ,64
微电子科学与工程,吉林大学,573,--,广东,理科,2016,第一批,加入对比 ,64
土木工程,吉林大学,573,--,广东,理科,2016,第一批,加入对比 ,64
信息管理与信息系统,吉林大学,574,--,广东,理科,2016,第一批,加入对比 ,64
机械工程,吉林大学,575,--,广东,理科,2016,第一批,加入对比 ,64
电子信息工程,吉林大学,575,--,广东,理科,2016,第一批,加入对比 ,64
物联网工程,吉林大学,575,--,广东,理科,2016,第一批,加入对比 ,64
生物制药,吉林大学,576,--,广东,理科,2016,第一批,加入对比 ,64
电子科学与技术,吉林大学,576,--,广东,理科,2016,第一批,加入对比 ,64
软件工程,吉林大学,577,--,广东,理科,2016,第一批,加入对比 ,64
计算机科学与技术,吉林大学,577,--,广东,理科,2016,第一批,加入对比 ,64
经济学,吉林大学,578,--,广东,理科,2016,第一批,加入对比 ,64
生物工程,吉林大学,578,--,广东,理科,2016,第一批,加入对比 ,64
应用化学,吉林大学,578,--,广东,理科,2016,第一批,加入对比 ,64
会计学,吉林大学,579,--,广东,理科,2016,第一批,加入对比 ,64
预防医学,吉林大学,596,--,湖南,理科,2016,第一批,加入对比 ,65
工商管理,吉林大学,597,--,湖南,理科,2016,第一批,加入对比 ,65
生物制药,吉林大学,597,--,湖南,理科,2016,第一批,加入对比 ,65
软件工程,吉林大学,598,--,湖南,理科,2016,第一批,加入对比 ,65
交通工程,吉林大学,598,--,湖南,理科,2016,第一批,加入对比 ,65
汽车服务工程,吉林大学,598,--,湖南,理科,2016,第一批,加入对比 ,65
农业机械化及其自动化,吉林大学,598,--,湖南,理科,2016,第一批,加入对比 ,65
信息与计算科学,吉林大学,599,--,湖南,理科,2016,第一批,加入对比 ,65
材料科学与工程,吉林大学,599,--,湖南,理科,2016,第一批,加入对比 ,65
自动化,吉林大学,599,--,湖南,理科,2016,第一批,加入对比 ,65
电子信息工程,吉林大学,600,--,湖南,理科,2016,第一批,加入对比 ,65
高分子材料与工程,吉林大学,601,--,湖南,理科,2016,第一批,加入对比 ,65
计算机科学与技术,吉林大学,602,--,湖南,理科,2016,第一批,加入对比 ,65
应用物理学,吉林大学,602,--,湖南,理科,2016,第一批,加入对比 ,65
金融数学,吉林大学,603,--,湖南,理科,2016,第一批,加入对比 ,65
机械工程,吉林大学,603,--,湖南,理科,2016,第一批,加入对比 ,65
金融学,吉林大学,609,--,湖南,理科,2016,第一批,加入对比 ,65
数学与应用数学,吉林大学,610,--,湖南,理科,2016,第一批,加入对比 ,65
化学,吉林大学,614,--,湖南,理科,2016,第一批,加入对比 ,65
汽车服务工程,吉林大学珠海学院,431,--,湖南,理科,2016,第三批,加入对比 ,65
微电子科学与工程,吉林大学珠海学院,436,--,湖南,理科,2016,第三批,加入对比 ,65
物流工程,吉林大学珠海学院,437,--,湖南,理科,2016,第三批,加入对比 ,65
机械设计制造及其自动化,吉林大学珠海学院,443,--,湖南,理科,2016,第三批,加入对比 ,65
会计学,吉林大学珠海学院,451,--,湖南,理科,2016,第三批,加入对比 ,65
会计学,吉林大学珠海学院,461,--,湖南,文科,2016,第三批,加入对比 ,65
计算机科学与技术,吉林大学珠海学院,462,--,湖南,理科,2016,第三批,加入对比 ,65
信息管理与信息系统,吉林大学珠海学院,470,--,湖南,理科,2016,第三批,加入对比 ,65
金融学,吉林大学珠海学院,483,--,湖南,文科,2016,第三批,加入对比 ,65
广告学,吉林大学,561,--,广东,文科,2016,第一批,加入对比 ,65
政治学与行政学,吉林大学,563,--,广东,文科,2016,第一批,加入对比 ,65
财政学,吉林大学,563,--,广东,文科,2016,第一批,加入对比 ,65
新闻学,吉林大学,563,--,广东,文科,2016,第一批,加入对比 ,65
国际政治,吉林大学,564,--,广东,文科,2016,第一批,加入对比 ,65
日语,吉林大学,566,--,广东,文科,2016,第一批,加入对比 ,65
土地资源管理,吉林大学,566,--,广东,理科,2016,第一批,加入对比 ,65
勘查技术与工程,吉林大学,566,--,广东,理科,2016,第一批,加入对比 ,65
预防医学,吉林大学,567,--,广东,理科,2016,第一批,加入对比 ,65
临床药学,吉林大学,567,--,广东,理科,2016,第一批,加入对比 ,65
外交学,吉林大学,568,--,广东,文科,2016,第一批,加入对比 ,65
工程力学,吉林大学,569,--,广东,理科,2016,第一批,加入对比 ,65
经济学,吉林大学,569,--,广东,文科,2016,第一批,加入对比 ,65
西班牙语,吉林大学,569,--,广东,文科,2016,第一批,加入对比 ,65
放射医学,吉林大学,569,--,广东,理科,2016,第一批,加入对比 ,65
测控技术与仪器,吉林大学,569,--,广东,理科,2016,第一批,加入对比 ,65
地球物理学,吉林大学,570,--,广东,理科,2016,第一批,加入对比 ,65
材料成型及控制工程,吉林大学,570,--,广东,理科,2016,第一批,加入对比 ,65
法学,吉林大学,570,--,广东,文科,2016,第一批,加入对比 ,65
汽车服务工程,吉林大学,571,--,广东,理科,2016,第一批,加入对比 ,65
金融学,吉林大学,571,--,广东,文科,2016,第一批,加入对比 ,65
生物医学工程,吉林大学,571,--,广东,理科,2016,第一批,加入对比 ,65
通信工程,吉林大学,571,--,广东,理科,2016,第一批,加入对比 ,65
交通运输,吉林大学,571,--,广东,理科,2016,第一批,加入对比 ,65
道路桥梁与渡河工程,吉林大学,571,--,广东,理科,2016,第一批,加入对比 ,65
物流工程,吉林大学,572,--,广东,理科,2016,第一批,加入对比 ,65
工商管理,吉林大学,572,--,广东,理科,2016,第一批,加入对比 ,65
环境科学,吉林大学,572,--,广东,理科,2016,第一批,加入对比 ,65
交通工程,吉林大学,572,--,广东,理科,2016,第一批,加入对比 ,65
信息工程,吉林大学,572,--,广东,理科,2016,第一批,加入对比 ,65
无机非金属材料工程,吉林大学,572,--,广东,理科,2016,第一批,加入对比 ,65
地质学,吉林大学,572,--,广东,理科,2016,第一批,加入对比 ,65
财政学,吉林大学,573,--,广东,理科,2016,第一批,加入对比 ,65
微电子科学与工程,吉林大学,573,--,广东,理科,2016,第一批,加入对比 ,65
土木工程,吉林大学,573,--,广东,理科,2016,第一批,加入对比 ,65
信息管理与信息系统,吉林大学,574,--,广东,理科,2016,第一批,加入对比 ,65
机械工程,吉林大学,575,--,广东,理科,2016,第一批,加入对比 ,65
电子信息工程,吉林大学,575,--,广东,理科,2016,第一批,加入对比 ,65
物联网工程,吉林大学,575,--,广东,理科,2016,第一批,加入对比 ,65
生物制药,吉林大学,576,--,广东,理科,2016,第一批,加入对比 ,65
电子科学与技术,吉林大学,576,--,广东,理科,2016,第一批,加入对比 ,65
软件工程,吉林大学,577,--,广东,理科,2016,第一批,加入对比 ,65
计算机科学与技术,吉林大学,577,--,广东,理科,2016,第一批,加入对比 ,65
经济学,吉林大学,578,--,广东,理科,2016,第一批,加入对比 ,65
生物工程,吉林大学,578,--,广东,理科,2016,第一批,加入对比 ,65
应用化学,吉林大学,578,--,广东,理科,2016,第一批,加入对比 ,65
会计学,吉林大学,579,--,广东,理科,2016,第一批,加入对比 ,65
电气工程及其自动化,吉林大学,579,--,广东,理科,2016,第一批,加入对比 ,65
能源与动力工程,吉林大学,579,--,广东,理科,2016,第一批,加入对比 ,65
信息与计算科学,吉林大学,579,--,广东,理科,2016,第一批,加入对比 ,65
材料科学与工程,吉林大学,581,--,广东,理科,2016,第一批,加入对比 ,65
自动化,吉林大学,581,--,广东,理科,2016,第一批,加入对比 ,65
金融学,吉林大学,582,--,广东,理科,2016,第一批,加入对比 ,65
数学与应用数学,吉林大学,583,--,广东,理科,2016,第一批,加入对比 ,65
统计学,吉林大学,584,--,广东,理科,2016,第一批,加入对比 ,65
物理学,吉林大学,588,--,广东,理科,2016,第一批,加入对比 ,65
化学,吉林大学,590,--,广东,理科,2016,第一批,加入对比 ,65
法学,吉林大学,593,--,广东,理科,2016,第一批,加入对比 ,65
金融数学,吉林大学,603,--,广东,理科,2016,第一批,加入对比 ,65
物流工程,吉林大学珠海学院,446,--,广东,理科,2016,第二批,加入对比 ,65
车辆工程,吉林大学珠海学院,446,--,广东,理科,2016,第二批,加入对比 ,65
汽车服务工程,吉林大学珠海学院,446,--,广东,理科,2016,第二批,加入对比 ,65
材料科学与工程,吉林大学珠海学院,446,--,广东,理科,2016,第二批,加入对比 ,65
测控技术与仪器,吉林大学珠海学院,446,--,广东,理科,2016,第二批,加入对比 ,65
信息管理与信息系统,吉林大学珠海学院,447,--,广东,理科,2016,第二批,加入对比 ,65
网络工程,吉林大学珠海学院,447,--,广东,理科,2016,第二批,加入对比 ,65
城乡规划,吉林大学珠海学院,448,--,广东,理科,2016,第二批,加入对比 ,65
应用化学,吉林大学珠海学院,449,--,广东,理科,2016,第二批,加入对比 ,65
药物制剂,吉林大学珠海学院,449,--,广东,理科,2016,第二批,加入对比 ,65
通信工程,吉林大学珠海学院,449,--,广东,理科,2016,第二批,加入对比 ,65
自动化,吉林大学珠海学院,449,--,广东,理科,2016,第二批,加入对比 ,65
化学工程与工艺,吉林大学珠海学院,449,--,广东,理科,2016,第二批,加入对比 ,65
食品质量与安全,吉林大学珠海学院,451,--,广东,理科,2016,第二批,加入对比 ,65
机械设计制造及其自动化,吉林大学珠海学院,451,--,广东,理科,2016,第二批,加入对比 ,65
制药工程,吉林大学珠海学院,454,--,广东,理科,2016,第二批,加入对比 ,65
中药学,吉林大学珠海学院,454,--,广东,理科,2016,第二批,加入对比 ,65
投资学,吉林大学珠海学院,455,--,广东,理科,2016,第二批,加入对比 ,65
朝鲜语,吉林大学珠海学院,455,--,广东,理科,2016,第二批,加入对比 ,65
计算机科学与技术,吉林大学珠海学院,457,--,广东,理科,2016,第二批,加入对比 ,65
软件工程,吉林大学珠海学院,459,--,广东,理科,2016,第二批,加入对比 ,65
会计学,吉林大学珠海学院,463,--,广东,理科,2016,第二批,加入对比 ,65
工商管理,吉林大学珠海学院,463,--,广东,理科,2016,第二批,加入对比 ,65
建筑学,吉林大学珠海学院,466,--,广东,理科,2016,第二批,加入对比 ,65
日语,吉林大学珠海学院,467,--,广东,理科,2016,第二批,加入对比 ,65
汉语国际教育,吉林大学珠海学院,467,--,广东,文科,2016,第二批,加入对比 ,65
英语,吉林大学珠海学院,468,--,广东,理科,2016,第二批,加入对比 ,65
汉语言文学,吉林大学珠海学院,469,--,广东,文科,2016,第二批,加入对比 ,65
日语,吉林大学珠海学院,470,--,广东,文科,2016,第二批,加入对比 ,65
广告学,吉林大学珠海学院,470,--,广东,文科,2016,第二批,加入对比 ,65
朝鲜语,吉林大学珠海学院,470,--,广东,文科,2016,第二批,加入对比 ,65
会计学,吉林大学珠海学院,471,--,广东,文科,2016,第二批,加入对比 ,65
金融学,吉林大学珠海学院,471,--,广东,理科,2016,第二批,加入对比 ,65
金融学,吉林大学珠海学院,472,--,广东,文科,2016,第二批,加入对比 ,65
英语,吉林大学珠海学院,475,--,广东,文科,2016,第二批,加入对比 ,65
哲学,吉林大学,590,591,重庆,文科,2016,第一批,加入对比 ,65
外交学,吉林大学,591,593,重庆,文科,2016,第一批,加入对比 ,65
英语,吉林大学,591,593,重庆,文科,2016,第一批,加入对比 ,65
计算机科学与技术,吉林大学珠海学院,462,--,湖南,理科,2016,第三批,加入对比 ,66
信息管理与信息系统,吉林大学珠海学院,470,--,湖南,理科,2016,第三批,加入对比 ,66
金融学,吉林大学珠海学院,483,--,湖南,文科,2016,第三批,加入对比 ,66
广告学,吉林大学,561,--,广东,文科,2016,第一批,加入对比 ,66
政治学与行政学,吉林大学,563,--,广东,文科,2016,第一批,加入对比 ,66
财政学,吉林大学,563,--,广东,文科,2016,第一批,加入对比 ,66
新闻学,吉林大学,563,--,广东,文科,2016,第一批,加入对比 ,66
国际政治,吉林大学,564,--,广东,文科,2016,第一批,加入对比 ,66
日语,吉林大学,566,--,广东,文科,2016,第一批,加入对比 ,66
土地资源管理,吉林大学,566,--,广东,理科,2016,第一批,加入对比 ,66
勘查技术与工程,吉林大学,566,--,广东,理科,2016,第一批,加入对比 ,66
预防医学,吉林大学,567,--,广东,理科,2016,第一批,加入对比 ,66
临床药学,吉林大学,567,--,广东,理科,2016,第一批,加入对比 ,66
外交学,吉林大学,568,--,广东,文科,2016,第一批,加入对比 ,66
工程力学,吉林大学,569,--,广东,理科,2016,第一批,加入对比 ,66
经济学,吉林大学,569,--,广东,文科,2016,第一批,加入对比 ,66
西班牙语,吉林大学,569,--,广东,文科,2016,第一批,加入对比 ,66
放射医学,吉林大学,569,--,广东,理科,2016,第一批,加入对比 ,66
测控技术与仪器,吉林大学,569,--,广东,理科,2016,第一批,加入对比 ,66
地球物理学,吉林大学,570,--,广东,理科,2016,第一批,加入对比 ,66
材料成型及控制工程,吉林大学,570,--,广东,理科,2016,第一批,加入对比 ,66
法学,吉林大学,570,--,广东,文科,2016,第一批,加入对比 ,66
汽车服务工程,吉林大学,571,--,广东,理科,2016,第一批,加入对比 ,66
金融学,吉林大学,571,--,广东,文科,2016,第一批,加入对比 ,66
生物医学工程,吉林大学,571,--,广东,理科,2016,第一批,加入对比 ,66
通信工程,吉林大学,571,--,广东,理科,2016,第一批,加入对比 ,66
交通运输,吉林大学,571,--,广东,理科,2016,第一批,加入对比 ,66
道路桥梁与渡河工程,吉林大学,571,--,广东,理科,2016,第一批,加入对比 ,66
物流工程,吉林大学,572,--,广东,理科,2016,第一批,加入对比 ,66
工商管理,吉林大学,572,--,广东,理科,2016,第一批,加入对比 ,66
环境科学,吉林大学,572,--,广东,理科,2016,第一批,加入对比 ,66
交通工程,吉林大学,572,--,广东,理科,2016,第一批,加入对比 ,66
信息工程,吉林大学,572,--,广东,理科,2016,第一批,加入对比 ,66
无机非金属材料工程,吉林大学,572,--,广东,理科,2016,第一批,加入对比 ,66
地质学,吉林大学,572,--,广东,理科,2016,第一批,加入对比 ,66
财政学,吉林大学,573,--,广东,理科,2016,第一批,加入对比 ,66
微电子科学与工程,吉林大学,573,--,广东,理科,2016,第一批,加入对比 ,66
土木工程,吉林大学,573,--,广东,理科,2016,第一批,加入对比 ,66
信息管理与信息系统,吉林大学,574,--,广东,理科,2016,第一批,加入对比 ,66
机械工程,吉林大学,575,--,广东,理科,2016,第一批,加入对比 ,66
电子信息工程,吉林大学,575,--,广东,理科,2016,第一批,加入对比 ,66
物联网工程,吉林大学,575,--,广东,理科,2016,第一批,加入对比 ,66
生物制药,吉林大学,576,--,广东,理科,2016,第一批,加入对比 ,66
电子科学与技术,吉林大学,576,--,广东,理科,2016,第一批,加入对比 ,66
软件工程,吉林大学,577,--,广东,理科,2016,第一批,加入对比 ,66
计算机科学与技术,吉林大学,577,--,广东,理科,2016,第一批,加入对比 ,66
经济学,吉林大学,578,--,广东,理科,2016,第一批,加入对比 ,66
生物工程,吉林大学,578,--,广东,理科,2016,第一批,加入对比 ,66
应用化学,吉林大学,578,--,广东,理科,2016,第一批,加入对比 ,66
会计学,吉林大学,579,--,广东,理科,2016,第一批,加入对比 ,66
电气工程及其自动化,吉林大学,579,--,广东,理科,2016,第一批,加入对比 ,66
能源与动力工程,吉林大学,579,--,广东,理科,2016,第一批,加入对比 ,66
信息与计算科学,吉林大学,579,--,广东,理科,2016,第一批,加入对比 ,66
材料科学与工程,吉林大学,581,--,广东,理科,2016,第一批,加入对比 ,66
自动化,吉林大学,581,--,广东,理科,2016,第一批,加入对比 ,66
金融学,吉林大学,582,--,广东,理科,2016,第一批,加入对比 ,66
数学与应用数学,吉林大学,583,--,广东,理科,2016,第一批,加入对比 ,66
统计学,吉林大学,584,--,广东,理科,2016,第一批,加入对比 ,66
物理学,吉林大学,588,--,广东,理科,2016,第一批,加入对比 ,66
化学,吉林大学,590,--,广东,理科,2016,第一批,加入对比 ,66
法学,吉林大学,593,--,广东,理科,2016,第一批,加入对比 ,66
金融数学,吉林大学,603,--,广东,理科,2016,第一批,加入对比 ,66
物流工程,吉林大学珠海学院,446,--,广东,理科,2016,第二批,加入对比 ,66
车辆工程,吉林大学珠海学院,446,--,广东,理科,2016,第二批,加入对比 ,66
汽车服务工程,吉林大学珠海学院,446,--,广东,理科,2016,第二批,加入对比 ,66
材料科学与工程,吉林大学珠海学院,446,--,广东,理科,2016,第二批,加入对比 ,66
测控技术与仪器,吉林大学珠海学院,446,--,广东,理科,2016,第二批,加入对比 ,66
信息管理与信息系统,吉林大学珠海学院,447,--,广东,理科,2016,第二批,加入对比 ,66
网络工程,吉林大学珠海学院,447,--,广东,理科,2016,第二批,加入对比 ,66
城乡规划,吉林大学珠海学院,448,--,广东,理科,2016,第二批,加入对比 ,66
应用化学,吉林大学珠海学院,449,--,广东,理科,2016,第二批,加入对比 ,66
药物制剂,吉林大学珠海学院,449,--,广东,理科,2016,第二批,加入对比 ,66
通信工程,吉林大学珠海学院,449,--,广东,理科,2016,第二批,加入对比 ,66
自动化,吉林大学珠海学院,449,--,广东,理科,2016,第二批,加入对比 ,66
化学工程与工艺,吉林大学珠海学院,449,--,广东,理科,2016,第二批,加入对比 ,66
食品质量与安全,吉林大学珠海学院,451,--,广东,理科,2016,第二批,加入对比 ,66
机械设计制造及其自动化,吉林大学珠海学院,451,--,广东,理科,2016,第二批,加入对比 ,66
制药工程,吉林大学珠海学院,454,--,广东,理科,2016,第二批,加入对比 ,66
中药学,吉林大学珠海学院,454,--,广东,理科,2016,第二批,加入对比 ,66
投资学,吉林大学珠海学院,455,--,广东,理科,2016,第二批,加入对比 ,66
朝鲜语,吉林大学珠海学院,455,--,广东,理科,2016,第二批,加入对比 ,66
计算机科学与技术,吉林大学珠海学院,457,--,广东,理科,2016,第二批,加入对比 ,66
软件工程,吉林大学珠海学院,459,--,广东,理科,2016,第二批,加入对比 ,66
会计学,吉林大学珠海学院,463,--,广东,理科,2016,第二批,加入对比 ,66
工商管理,吉林大学珠海学院,463,--,广东,理科,2016,第二批,加入对比 ,66
建筑学,吉林大学珠海学院,466,--,广东,理科,2016,第二批,加入对比 ,66
日语,吉林大学珠海学院,467,--,广东,理科,2016,第二批,加入对比 ,66
汉语国际教育,吉林大学珠海学院,467,--,广东,文科,2016,第二批,加入对比 ,66
英语,吉林大学珠海学院,468,--,广东,理科,2016,第二批,加入对比 ,66
汉语言文学,吉林大学珠海学院,469,--,广东,文科,2016,第二批,加入对比 ,66
日语,吉林大学珠海学院,470,--,广东,文科,2016,第二批,加入对比 ,66
广告学,吉林大学珠海学院,470,--,广东,文科,2016,第二批,加入对比 ,66
朝鲜语,吉林大学珠海学院,470,--,广东,文科,2016,第二批,加入对比 ,66
会计学,吉林大学珠海学院,471,--,广东,文科,2016,第二批,加入对比 ,66
金融学,吉林大学珠海学院,471,--,广东,理科,2016,第二批,加入对比 ,66
金融学,吉林大学珠海学院,472,--,广东,文科,2016,第二批,加入对比 ,66
英语,吉林大学珠海学院,475,--,广东,文科,2016,第二批,加入对比 ,66
哲学,吉林大学,590,591,重庆,文科,2016,第一批,加入对比 ,66
外交学,吉林大学,591,593,重庆,文科,2016,第一批,加入对比 ,66
英语,吉林大学,591,593,重庆,文科,2016,第一批,加入对比 ,66
金融学,吉林大学,597,598,重庆,文科,2016,第一批,加入对比 ,66
法学,吉林大学,603,606,重庆,文科,2016,第一批,加入对比 ,66
资源勘查工程,吉林大学,613,614,重庆,理科,2016,第一批,加入对比 ,66
农业机械化及其自动化,吉林大学,614,614,重庆,理科,2016,第一批,加入对比 ,66
环境工程,吉林大学,615,618,重庆,理科,2016,第一批,加入对比 ,66
信息工程,吉林大学,616,619,重庆,理科,2016,第一批,加入对比 ,66
生物制药,吉林大学,616,620,重庆,理科,2016,第一批,加入对比 ,66
工业工程,吉林大学,617,618,重庆,理科,2016,第一批,加入对比 ,66
工程力学,吉林大学,617,620,重庆,理科,2016,第一批,加入对比 ,66
英语,吉林大学,617,620,重庆,理科,2016,第一批,加入对比 ,66
软件工程,吉林大学,617,620,重庆,理科,2016,第一批,加入对比 ,66
食品质量与安全,吉林大学,618,623,重庆,理科,2016,第一批,加入对比 ,66
计算机科学与技术,吉林大学,618,624,重庆,理科,2016,第一批,加入对比 ,66
通信工程,吉林大学,619,627,重庆,理科,2016,第一批,加入对比 ,66
测绘工程,吉林大学,619,622,重庆,理科,2016,第一批,加入对比 ,66
地质工程,吉林大学,619,623,重庆,理科,2016,第一批,加入对比 ,66
电子科学与技术,吉林大学,620,627,重庆,理科,2016,第一批,加入对比 ,66
土木工程,吉林大学,620,628,重庆,理科,2016,第一批,加入对比 ,66
自动化,吉林大学,622,638,重庆,理科,2016,第一批,加入对比 ,66
测控技术与仪器,吉林大学,623,624,重庆,理科,2016,第一批,加入对比 ,66
生物医学工程,吉林大学,625,629,重庆,理科,2016,第一批,加入对比 ,66
交通运输,吉林大学,625,629,重庆,理科,2016,第一批,加入对比 ,66
汽车服务工程,吉林大学,625,629,重庆,理科,2016,第一批,加入对比 ,66
材料成型及控制工程,吉林大学,626,637,重庆,理科,2016,第一批,加入对比 ,66
机械工程,吉林大学,627,631,重庆,理科,2016,第一批,加入对比 ,66
通信工程,吉林大学,571,--,广东,理科,2016,第一批,加入对比 ,67
交通运输,吉林大学,571,--,广东,理科,2016,第一批,加入对比 ,67
道路桥梁与渡河工程,吉林大学,571,--,广东,理科,2016,第一批,加入对比 ,67
物流工程,吉林大学,572,--,广东,理科,2016,第一批,加入对比 ,67
工商管理,吉林大学,572,--,广东,理科,2016,第一批,加入对比 ,67
环境科学,吉林大学,572,--,广东,理科,2016,第一批,加入对比 ,67
交通工程,吉林大学,572,--,广东,理科,2016,第一批,加入对比 ,67
信息工程,吉林大学,572,--,广东,理科,2016,第一批,加入对比 ,67
无机非金属材料工程,吉林大学,572,--,广东,理科,2016,第一批,加入对比 ,67
地质学,吉林大学,572,--,广东,理科,2016,第一批,加入对比 ,67
财政学,吉林大学,573,--,广东,理科,2016,第一批,加入对比 ,67
微电子科学与工程,吉林大学,573,--,广东,理科,2016,第一批,加入对比 ,67
土木工程,吉林大学,573,--,广东,理科,2016,第一批,加入对比 ,67
信息管理与信息系统,吉林大学,574,--,广东,理科,2016,第一批,加入对比 ,67
机械工程,吉林大学,575,--,广东,理科,2016,第一批,加入对比 ,67
电子信息工程,吉林大学,575,--,广东,理科,2016,第一批,加入对比 ,67
物联网工程,吉林大学,575,--,广东,理科,2016,第一批,加入对比 ,67
生物制药,吉林大学,576,--,广东,理科,2016,第一批,加入对比 ,67
电子科学与技术,吉林大学,576,--,广东,理科,2016,第一批,加入对比 ,67
软件工程,吉林大学,577,--,广东,理科,2016,第一批,加入对比 ,67
计算机科学与技术,吉林大学,577,--,广东,理科,2016,第一批,加入对比 ,67
经济学,吉林大学,578,--,广东,理科,2016,第一批,加入对比 ,67
生物工程,吉林大学,578,--,广东,理科,2016,第一批,加入对比 ,67
应用化学,吉林大学,578,--,广东,理科,2016,第一批,加入对比 ,67
会计学,吉林大学,579,--,广东,理科,2016,第一批,加入对比 ,67
电气工程及其自动化,吉林大学,579,--,广东,理科,2016,第一批,加入对比 ,67
能源与动力工程,吉林大学,579,--,广东,理科,2016,第一批,加入对比 ,67
信息与计算科学,吉林大学,579,--,广东,理科,2016,第一批,加入对比 ,67
材料科学与工程,吉林大学,581,--,广东,理科,2016,第一批,加入对比 ,67
自动化,吉林大学,581,--,广东,理科,2016,第一批,加入对比 ,67
金融学,吉林大学,582,--,广东,理科,2016,第一批,加入对比 ,67
数学与应用数学,吉林大学,583,--,广东,理科,2016,第一批,加入对比 ,67
统计学,吉林大学,584,--,广东,理科,2016,第一批,加入对比 ,67
物理学,吉林大学,588,--,广东,理科,2016,第一批,加入对比 ,67
化学,吉林大学,590,--,广东,理科,2016,第一批,加入对比 ,67
法学,吉林大学,593,--,广东,理科,2016,第一批,加入对比 ,67
金融数学,吉林大学,603,--,广东,理科,2016,第一批,加入对比 ,67
物流工程,吉林大学珠海学院,446,--,广东,理科,2016,第二批,加入对比 ,67
车辆工程,吉林大学珠海学院,446,--,广东,理科,2016,第二批,加入对比 ,67
汽车服务工程,吉林大学珠海学院,446,--,广东,理科,2016,第二批,加入对比 ,67
材料科学与工程,吉林大学珠海学院,446,--,广东,理科,2016,第二批,加入对比 ,67
测控技术与仪器,吉林大学珠海学院,446,--,广东,理科,2016,第二批,加入对比 ,67
信息管理与信息系统,吉林大学珠海学院,447,--,广东,理科,2016,第二批,加入对比 ,67
网络工程,吉林大学珠海学院,447,--,广东,理科,2016,第二批,加入对比 ,67
城乡规划,吉林大学珠海学院,448,--,广东,理科,2016,第二批,加入对比 ,67
应用化学,吉林大学珠海学院,449,--,广东,理科,2016,第二批,加入对比 ,67
药物制剂,吉林大学珠海学院,449,--,广东,理科,2016,第二批,加入对比 ,67
通信工程,吉林大学珠海学院,449,--,广东,理科,2016,第二批,加入对比 ,67
自动化,吉林大学珠海学院,449,--,广东,理科,2016,第二批,加入对比 ,67
化学工程与工艺,吉林大学珠海学院,449,--,广东,理科,2016,第二批,加入对比 ,67
食品质量与安全,吉林大学珠海学院,451,--,广东,理科,2016,第二批,加入对比 ,67
机械设计制造及其自动化,吉林大学珠海学院,451,--,广东,理科,2016,第二批,加入对比 ,67
制药工程,吉林大学珠海学院,454,--,广东,理科,2016,第二批,加入对比 ,67
中药学,吉林大学珠海学院,454,--,广东,理科,2016,第二批,加入对比 ,67
投资学,吉林大学珠海学院,455,--,广东,理科,2016,第二批,加入对比 ,67
朝鲜语,吉林大学珠海学院,455,--,广东,理科,2016,第二批,加入对比 ,67
计算机科学与技术,吉林大学珠海学院,457,--,广东,理科,2016,第二批,加入对比 ,67
软件工程,吉林大学珠海学院,459,--,广东,理科,2016,第二批,加入对比 ,67
会计学,吉林大学珠海学院,463,--,广东,理科,2016,第二批,加入对比 ,67
工商管理,吉林大学珠海学院,463,--,广东,理科,2016,第二批,加入对比 ,67
建筑学,吉林大学珠海学院,466,--,广东,理科,2016,第二批,加入对比 ,67
日语,吉林大学珠海学院,467,--,广东,理科,2016,第二批,加入对比 ,67
汉语国际教育,吉林大学珠海学院,467,--,广东,文科,2016,第二批,加入对比 ,67
英语,吉林大学珠海学院,468,--,广东,理科,2016,第二批,加入对比 ,67
汉语言文学,吉林大学珠海学院,469,--,广东,文科,2016,第二批,加入对比 ,67
日语,吉林大学珠海学院,470,--,广东,文科,2016,第二批,加入对比 ,67
广告学,吉林大学珠海学院,470,--,广东,文科,2016,第二批,加入对比 ,67
朝鲜语,吉林大学珠海学院,470,--,广东,文科,2016,第二批,加入对比 ,67
会计学,吉林大学珠海学院,471,--,广东,文科,2016,第二批,加入对比 ,67
金融学,吉林大学珠海学院,471,--,广东,理科,2016,第二批,加入对比 ,67
金融学,吉林大学珠海学院,472,--,广东,文科,2016,第二批,加入对比 ,67
英语,吉林大学珠海学院,475,--,广东,文科,2016,第二批,加入对比 ,67
哲学,吉林大学,590,591,重庆,文科,2016,第一批,加入对比 ,67
外交学,吉林大学,591,593,重庆,文科,2016,第一批,加入对比 ,67
英语,吉林大学,591,593,重庆,文科,2016,第一批,加入对比 ,67
金融学,吉林大学,597,598,重庆,文科,2016,第一批,加入对比 ,67
法学,吉林大学,603,606,重庆,文科,2016,第一批,加入对比 ,67
资源勘查工程,吉林大学,613,614,重庆,理科,2016,第一批,加入对比 ,67
农业机械化及其自动化,吉林大学,614,614,重庆,理科,2016,第一批,加入对比 ,67
环境工程,吉林大学,615,618,重庆,理科,2016,第一批,加入对比 ,67
信息工程,吉林大学,616,619,重庆,理科,2016,第一批,加入对比 ,67
生物制药,吉林大学,616,620,重庆,理科,2016,第一批,加入对比 ,67
工业工程,吉林大学,617,618,重庆,理科,2016,第一批,加入对比 ,67
工程力学,吉林大学,617,620,重庆,理科,2016,第一批,加入对比 ,67
英语,吉林大学,617,620,重庆,理科,2016,第一批,加入对比 ,67
软件工程,吉林大学,617,620,重庆,理科,2016,第一批,加入对比 ,67
食品质量与安全,吉林大学,618,623,重庆,理科,2016,第一批,加入对比 ,67
计算机科学与技术,吉林大学,618,624,重庆,理科,2016,第一批,加入对比 ,67
通信工程,吉林大学,619,627,重庆,理科,2016,第一批,加入对比 ,67
测绘工程,吉林大学,619,622,重庆,理科,2016,第一批,加入对比 ,67
地质工程,吉林大学,619,623,重庆,理科,2016,第一批,加入对比 ,67
电子科学与技术,吉林大学,620,627,重庆,理科,2016,第一批,加入对比 ,67
土木工程,吉林大学,620,628,重庆,理科,2016,第一批,加入对比 ,67
自动化,吉林大学,622,638,重庆,理科,2016,第一批,加入对比 ,67
测控技术与仪器,吉林大学,623,624,重庆,理科,2016,第一批,加入对比 ,67
生物医学工程,吉林大学,625,629,重庆,理科,2016,第一批,加入对比 ,67
交通运输,吉林大学,625,629,重庆,理科,2016,第一批,加入对比 ,67
汽车服务工程,吉林大学,625,629,重庆,理科,2016,第一批,加入对比 ,67
材料成型及控制工程,吉林大学,626,637,重庆,理科,2016,第一批,加入对比 ,67
机械工程,吉林大学,627,631,重庆,理科,2016,第一批,加入对比 ,67
电气工程及其自动化,吉林大学,579,--,广东,理科,2016,第一批,加入对比 ,68
能源与动力工程,吉林大学,579,--,广东,理科,2016,第一批,加入对比 ,68
信息与计算科学,吉林大学,579,--,广东,理科,2016,第一批,加入对比 ,68
材料科学与工程,吉林大学,581,--,广东,理科,2016,第一批,加入对比 ,68
自动化,吉林大学,581,--,广东,理科,2016,第一批,加入对比 ,68
金融学,吉林大学,582,--,广东,理科,2016,第一批,加入对比 ,68
数学与应用数学,吉林大学,583,--,广东,理科,2016,第一批,加入对比 ,68
统计学,吉林大学,584,--,广东,理科,2016,第一批,加入对比 ,68
物理学,吉林大学,588,--,广东,理科,2016,第一批,加入对比 ,68
化学,吉林大学,590,--,广东,理科,2016,第一批,加入对比 ,68
法学,吉林大学,593,--,广东,理科,2016,第一批,加入对比 ,68
金融数学,吉林大学,603,--,广东,理科,2016,第一批,加入对比 ,68
物流工程,吉林大学珠海学院,446,--,广东,理科,2016,第二批,加入对比 ,68
车辆工程,吉林大学珠海学院,446,--,广东,理科,2016,第二批,加入对比 ,68
汽车服务工程,吉林大学珠海学院,446,--,广东,理科,2016,第二批,加入对比 ,68
材料科学与工程,吉林大学珠海学院,446,--,广东,理科,2016,第二批,加入对比 ,68
测控技术与仪器,吉林大学珠海学院,446,--,广东,理科,2016,第二批,加入对比 ,68
信息管理与信息系统,吉林大学珠海学院,447,--,广东,理科,2016,第二批,加入对比 ,68
网络工程,吉林大学珠海学院,447,--,广东,理科,2016,第二批,加入对比 ,68
城乡规划,吉林大学珠海学院,448,--,广东,理科,2016,第二批,加入对比 ,68
应用化学,吉林大学珠海学院,449,--,广东,理科,2016,第二批,加入对比 ,68
药物制剂,吉林大学珠海学院,449,--,广东,理科,2016,第二批,加入对比 ,68
通信工程,吉林大学珠海学院,449,--,广东,理科,2016,第二批,加入对比 ,68
自动化,吉林大学珠海学院,449,--,广东,理科,2016,第二批,加入对比 ,68
化学工程与工艺,吉林大学珠海学院,449,--,广东,理科,2016,第二批,加入对比 ,68
食品质量与安全,吉林大学珠海学院,451,--,广东,理科,2016,第二批,加入对比 ,68
机械设计制造及其自动化,吉林大学珠海学院,451,--,广东,理科,2016,第二批,加入对比 ,68
制药工程,吉林大学珠海学院,454,--,广东,理科,2016,第二批,加入对比 ,68
中药学,吉林大学珠海学院,454,--,广东,理科,2016,第二批,加入对比 ,68
投资学,吉林大学珠海学院,455,--,广东,理科,2016,第二批,加入对比 ,68
朝鲜语,吉林大学珠海学院,455,--,广东,理科,2016,第二批,加入对比 ,68
计算机科学与技术,吉林大学珠海学院,457,--,广东,理科,2016,第二批,加入对比 ,68
软件工程,吉林大学珠海学院,459,--,广东,理科,2016,第二批,加入对比 ,68
会计学,吉林大学珠海学院,463,--,广东,理科,2016,第二批,加入对比 ,68
工商管理,吉林大学珠海学院,463,--,广东,理科,2016,第二批,加入对比 ,68
建筑学,吉林大学珠海学院,466,--,广东,理科,2016,第二批,加入对比 ,68
日语,吉林大学珠海学院,467,--,广东,理科,2016,第二批,加入对比 ,68
汉语国际教育,吉林大学珠海学院,467,--,广东,文科,2016,第二批,加入对比 ,68
英语,吉林大学珠海学院,468,--,广东,理科,2016,第二批,加入对比 ,68
汉语言文学,吉林大学珠海学院,469,--,广东,文科,2016,第二批,加入对比 ,68
日语,吉林大学珠海学院,470,--,广东,文科,2016,第二批,加入对比 ,68
广告学,吉林大学珠海学院,470,--,广东,文科,2016,第二批,加入对比 ,68
朝鲜语,吉林大学珠海学院,470,--,广东,文科,2016,第二批,加入对比 ,68
会计学,吉林大学珠海学院,471,--,广东,文科,2016,第二批,加入对比 ,68
金融学,吉林大学珠海学院,471,--,广东,理科,2016,第二批,加入对比 ,68
金融学,吉林大学珠海学院,472,--,广东,文科,2016,第二批,加入对比 ,68
英语,吉林大学珠海学院,475,--,广东,文科,2016,第二批,加入对比 ,68
哲学,吉林大学,590,591,重庆,文科,2016,第一批,加入对比 ,68
外交学,吉林大学,591,593,重庆,文科,2016,第一批,加入对比 ,68
英语,吉林大学,591,593,重庆,文科,2016,第一批,加入对比 ,68
金融学,吉林大学,597,598,重庆,文科,2016,第一批,加入对比 ,68
法学,吉林大学,603,606,重庆,文科,2016,第一批,加入对比 ,68
资源勘查工程,吉林大学,613,614,重庆,理科,2016,第一批,加入对比 ,68
农业机械化及其自动化,吉林大学,614,614,重庆,理科,2016,第一批,加入对比 ,68
环境工程,吉林大学,615,618,重庆,理科,2016,第一批,加入对比 ,68
信息工程,吉林大学,616,619,重庆,理科,2016,第一批,加入对比 ,68
生物制药,吉林大学,616,620,重庆,理科,2016,第一批,加入对比 ,68
工业工程,吉林大学,617,618,重庆,理科,2016,第一批,加入对比 ,68
工程力学,吉林大学,617,620,重庆,理科,2016,第一批,加入对比 ,68
英语,吉林大学,617,620,重庆,理科,2016,第一批,加入对比 ,68
软件工程,吉林大学,617,620,重庆,理科,2016,第一批,加入对比 ,68
食品质量与安全,吉林大学,618,623,重庆,理科,2016,第一批,加入对比 ,68
计算机科学与技术,吉林大学,618,624,重庆,理科,2016,第一批,加入对比 ,68
通信工程,吉林大学,619,627,重庆,理科,2016,第一批,加入对比 ,68
测绘工程,吉林大学,619,622,重庆,理科,2016,第一批,加入对比 ,68
地质工程,吉林大学,619,623,重庆,理科,2016,第一批,加入对比 ,68
电子科学与技术,吉林大学,620,627,重庆,理科,2016,第一批,加入对比 ,68
土木工程,吉林大学,620,628,重庆,理科,2016,第一批,加入对比 ,68
自动化,吉林大学,622,638,重庆,理科,2016,第一批,加入对比 ,68
测控技术与仪器,吉林大学,623,624,重庆,理科,2016,第一批,加入对比 ,68
生物医学工程,吉林大学,625,629,重庆,理科,2016,第一批,加入对比 ,68
交通运输,吉林大学,625,629,重庆,理科,2016,第一批,加入对比 ,68
汽车服务工程,吉林大学,625,629,重庆,理科,2016,第一批,加入对比 ,68
材料成型及控制工程,吉林大学,626,637,重庆,理科,2016,第一批,加入对比 ,68
机械工程,吉林大学,627,631,重庆,理科,2016,第一批,加入对比 ,68
食品质量与安全,吉林大学珠海学院,451,--,广东,理科,2016,第二批,加入对比 ,69
机械设计制造及其自动化,吉林大学珠海学院,451,--,广东,理科,2016,第二批,加入对比 ,69
制药工程,吉林大学珠海学院,454,--,广东,理科,2016,第二批,加入对比 ,69
中药学,吉林大学珠海学院,454,--,广东,理科,2016,第二批,加入对比 ,69
投资学,吉林大学珠海学院,455,--,广东,理科,2016,第二批,加入对比 ,69
朝鲜语,吉林大学珠海学院,455,--,广东,理科,2016,第二批,加入对比 ,69
计算机科学与技术,吉林大学珠海学院,457,--,广东,理科,2016,第二批,加入对比 ,69
软件工程,吉林大学珠海学院,459,--,广东,理科,2016,第二批,加入对比 ,69
会计学,吉林大学珠海学院,463,--,广东,理科,2016,第二批,加入对比 ,69
工商管理,吉林大学珠海学院,463,--,广东,理科,2016,第二批,加入对比 ,69
建筑学,吉林大学珠海学院,466,--,广东,理科,2016,第二批,加入对比 ,69
日语,吉林大学珠海学院,467,--,广东,理科,2016,第二批,加入对比 ,69
汉语国际教育,吉林大学珠海学院,467,--,广东,文科,2016,第二批,加入对比 ,69
英语,吉林大学珠海学院,468,--,广东,理科,2016,第二批,加入对比 ,69
汉语言文学,吉林大学珠海学院,469,--,广东,文科,2016,第二批,加入对比 ,69
日语,吉林大学珠海学院,470,--,广东,文科,2016,第二批,加入对比 ,69
广告学,吉林大学珠海学院,470,--,广东,文科,2016,第二批,加入对比 ,69
朝鲜语,吉林大学珠海学院,470,--,广东,文科,2016,第二批,加入对比 ,69
会计学,吉林大学珠海学院,471,--,广东,文科,2016,第二批,加入对比 ,69
金融学,吉林大学珠海学院,471,--,广东,理科,2016,第二批,加入对比 ,69
金融学,吉林大学珠海学院,472,--,广东,文科,2016,第二批,加入对比 ,69
英语,吉林大学珠海学院,475,--,广东,文科,2016,第二批,加入对比 ,69
哲学,吉林大学,590,591,重庆,文科,2016,第一批,加入对比 ,69
外交学,吉林大学,591,593,重庆,文科,2016,第一批,加入对比 ,69
英语,吉林大学,591,593,重庆,文科,2016,第一批,加入对比 ,69
金融学,吉林大学,597,598,重庆,文科,2016,第一批,加入对比 ,69
法学,吉林大学,603,606,重庆,文科,2016,第一批,加入对比 ,69
资源勘查工程,吉林大学,613,614,重庆,理科,2016,第一批,加入对比 ,69
农业机械化及其自动化,吉林大学,614,614,重庆,理科,2016,第一批,加入对比 ,69
环境工程,吉林大学,615,618,重庆,理科,2016,第一批,加入对比 ,69
信息工程,吉林大学,616,619,重庆,理科,2016,第一批,加入对比 ,69
生物制药,吉林大学,616,620,重庆,理科,2016,第一批,加入对比 ,69
工业工程,吉林大学,617,618,重庆,理科,2016,第一批,加入对比 ,69
工程力学,吉林大学,617,620,重庆,理科,2016,第一批,加入对比 ,69
英语,吉林大学,617,620,重庆,理科,2016,第一批,加入对比 ,69
软件工程,吉林大学,617,620,重庆,理科,2016,第一批,加入对比 ,69
食品质量与安全,吉林大学,618,623,重庆,理科,2016,第一批,加入对比 ,69
计算机科学与技术,吉林大学,618,624,重庆,理科,2016,第一批,加入对比 ,69
通信工程,吉林大学,619,627,重庆,理科,2016,第一批,加入对比 ,69
测绘工程,吉林大学,619,622,重庆,理科,2016,第一批,加入对比 ,69
地质工程,吉林大学,619,623,重庆,理科,2016,第一批,加入对比 ,69
电子科学与技术,吉林大学,620,627,重庆,理科,2016,第一批,加入对比 ,69
土木工程,吉林大学,620,628,重庆,理科,2016,第一批,加入对比 ,69
自动化,吉林大学,622,638,重庆,理科,2016,第一批,加入对比 ,69
测控技术与仪器,吉林大学,623,624,重庆,理科,2016,第一批,加入对比 ,69
生物医学工程,吉林大学,625,629,重庆,理科,2016,第一批,加入对比 ,69
交通运输,吉林大学,625,629,重庆,理科,2016,第一批,加入对比 ,69
汽车服务工程,吉林大学,625,629,重庆,理科,2016,第一批,加入对比 ,69
材料成型及控制工程,吉林大学,626,637,重庆,理科,2016,第一批,加入对比 ,69
机械工程,吉林大学,627,631,重庆,理科,2016,第一批,加入对比 ,69
金融学,吉林大学,597,598,重庆,文科,2016,第一批,加入对比 ,70
法学,吉林大学,603,606,重庆,文科,2016,第一批,加入对比 ,70
资源勘查工程,吉林大学,613,614,重庆,理科,2016,第一批,加入对比 ,70
农业机械化及其自动化,吉林大学,614,614,重庆,理科,2016,第一批,加入对比 ,70
环境工程,吉林大学,615,618,重庆,理科,2016,第一批,加入对比 ,70
信息工程,吉林大学,616,619,重庆,理科,2016,第一批,加入对比 ,70
生物制药,吉林大学,616,620,重庆,理科,2016,第一批,加入对比 ,70
工业工程,吉林大学,617,618,重庆,理科,2016,第一批,加入对比 ,70
工程力学,吉林大学,617,620,重庆,理科,2016,第一批,加入对比 ,70
英语,吉林大学,617,620,重庆,理科,2016,第一批,加入对比 ,70
软件工程,吉林大学,617,620,重庆,理科,2016,第一批,加入对比 ,70
食品质量与安全,吉林大学,618,623,重庆,理科,2016,第一批,加入对比 ,70
计算机科学与技术,吉林大学,618,624,重庆,理科,2016,第一批,加入对比 ,70
通信工程,吉林大学,619,627,重庆,理科,2016,第一批,加入对比 ,70
测绘工程,吉林大学,619,622,重庆,理科,2016,第一批,加入对比 ,70
地质工程,吉林大学,619,623,重庆,理科,2016,第一批,加入对比 ,70
电子科学与技术,吉林大学,620,627,重庆,理科,2016,第一批,加入对比 ,70
土木工程,吉林大学,620,628,重庆,理科,2016,第一批,加入对比 ,70
自动化,吉林大学,622,638,重庆,理科,2016,第一批,加入对比 ,70
测控技术与仪器,吉林大学,623,624,重庆,理科,2016,第一批,加入对比 ,70
生物医学工程,吉林大学,625,629,重庆,理科,2016,第一批,加入对比 ,70
交通运输,吉林大学,625,629,重庆,理科,2016,第一批,加入对比 ,70
汽车服务工程,吉林大学,625,629,重庆,理科,2016,第一批,加入对比 ,70
材料成型及控制工程,吉林大学,626,637,重庆,理科,2016,第一批,加入对比 ,70
机械工程,吉林大学,627,631,重庆,理科,2016,第一批,加入对比 ,70
信息与计算科学,吉林大学,628,636,重庆,理科,2016,第一批,加入对比 ,71
金融学,吉林大学,629,631,重庆,理科,2016,第一批,加入对比 ,71
法学,吉林大学,630,631,重庆,理科,2016,第一批,加入对比 ,71
放射医学,吉林大学,630,634,重庆,理科,2016,第一批,加入对比 ,71
数学与应用数学,吉林大学,631,636,重庆,理科,2016,第一批,加入对比 ,71
物理学,吉林大学,632,637,重庆,理科,2016,第一批,加入对比 ,71
道路桥梁与渡河工程,吉林大学,632,642,重庆,理科,2016,第一批,加入对比 ,71
能源与动力工程,吉林大学,633,634,重庆,理科,2016,第一批,加入对比 ,71
会计学,吉林大学,634,638,重庆,理科,2016,第一批,加入对比 ,71
车辆工程,吉林大学,641,647,重庆,理科,2016,第一批,加入对比 ,71
化学,吉林大学,649,652,重庆,理科,2016,第一批,加入对比 ,71
制药工程,吉林大学珠海学院,459,459,重庆,理科,2016,第二批,加入对比 ,71
计算机科学与技术,吉林大学珠海学院,466,466,重庆,理科,2016,第二批,加入对比 ,71
会计学,吉林大学珠海学院,466,466,重庆,理科,2016,第二批,加入对比 ,71
投资学,吉林大学珠海学院,467,467,重庆,理科,2016,第二批,加入对比 ,71
汽车服务工程,吉林大学珠海学院,467,472,重庆,理科,2016,第二批,加入对比 ,71
金融学,吉林大学珠海学院,475,476,重庆,理科,2016,第二批,加入对比 ,71
机械设计制造及其自动化,吉林大学珠海学院,478,478,重庆,理科,2016,第二批,加入对比 ,71
车辆工程,吉林大学珠海学院,492,492,重庆,理科,2016,第二批,加入对比 ,71
会计学,吉林大学珠海学院,494,494,重庆,文科,2016,第二批,加入对比 ,71
工商管理,吉林大学珠海学院,494,494,重庆,文科,2016,第二批,加入对比 ,71
金融学,吉林大学珠海学院,499,499,重庆,文科,2016,第二批,加入对比 ,71
交通工程,吉林大学,610,611,四川,理科,2016,第一批,加入对比 ,71
测控技术与仪器,吉林大学,610,611,四川,理科,2016,第一批,加入对比 ,71
档案学,吉林大学,610,610,四川,理科,2016,第一批,加入对比 ,71
资源勘查工程,吉林大学,611,613,四川,理科,2016,第一批,加入对比 ,72
交通运输,吉林大学,611,611,四川,理科,2016,第一批,加入对比 ,72
工业工程,吉林大学,611,612,四川,理科,2016,第一批,加入对比 ,72
食品科学与工程,吉林大学,611,612,四川,理科,2016,第一批,加入对比 ,72
光电信息科学与工程,吉林大学,611,612,四川,理科,2016,第一批,加入对比 ,72
自动化,吉林大学,612,613,四川,理科,2016,第一批,加入对比 ,72
环境工程,吉林大学,612,612,四川,理科,2016,第一批,加入对比 ,72
水文与水资源工程,吉林大学,612,613,四川,理科,2016,第一批,加入对比 ,72
信息工程,吉林大学,612,615,四川,理科,2016,第一批,加入对比 ,72
物流工程,吉林大学,612,613,四川,理科,2016,第一批,加入对比 ,72
生物制药,吉林大学,613,613,四川,理科,2016,第一批,加入对比 ,72
土木工程,吉林大学,613,615,四川,理科,2016,第一批,加入对比 ,72
道路桥梁与渡河工程,吉林大学,613,616,四川,理科,2016,第一批,加入对比 ,72
汽车服务工程,吉林大学,613,613,四川,理科,2016,第一批,加入对比 ,72
电子科学与技术,吉林大学,613,614,四川,理科,2016,第一批,加入对比 ,72
信息管理与信息系统,吉林大学,613,615,四川,理科,2016,第一批,加入对比 ,72
工程管理,吉林大学,613,614,四川,理科,2016,第一批,加入对比 ,72
机械工程,吉林大学,613,615,四川,理科,2016,第一批,加入对比 ,72
统计学,吉林大学,613,614,四川,理科,2016,第一批,加入对比 ,72
软件工程,吉林大学,613,616,四川,理科,2016,第一批,加入对比 ,72
包装工程,吉林大学,614,615,四川,理科,2016,第一批,加入对比 ,72
临床药学,吉林大学,616,619,四川,理科,2016,第一批,加入对比 ,72
物联网工程,吉林大学,616,617,四川,理科,2016,第一批,加入对比 ,72
化学工程与工艺,吉林大学,616,616,四川,理科,2016,第一批,加入对比 ,72
电子信息工程,吉林大学,616,619,四川,理科,2016,第一批,加入对比 ,72
生物医学工程,吉林大学,616,620,四川,理科,2016,第一批,加入对比 ,72
农业机械化及其自动化,吉林大学,616,620,四川,理科,2016,第一批,加入对比 ,72
工商管理,吉林大学,617,618,四川,理科,2016,第一批,加入对比 ,72
通信工程,吉林大学,617,626,四川,理科,2016,第一批,加入对比 ,72
工程力学,吉林大学,617,624,四川,理科,2016,第一批,加入对比 ,72
核物理,吉林大学,617,617,四川,理科,2016,第一批,加入对比 ,72
高分子材料与工程,吉林大学,617,618,四川,理科,2016,第一批,加入对比 ,72
电气工程及其自动化,吉林大学,618,619,四川,理科,2016,第一批,加入对比 ,72
会计学,吉林大学,620,624,四川,理科,2016,第一批,加入对比 ,72
材料科学与工程,吉林大学,620,621,四川,理科,2016,第一批,加入对比 ,72
法学,吉林大学,622,628,四川,理科,2016,第一批,加入对比 ,72
数学与应用数学,吉林大学,623,627,四川,理科,2016,第一批,加入对比 ,72
能源与动力工程,吉林大学,625,628,四川,理科,2016,第一批,加入对比 ,72
金融学,吉林大学,626,629,四川,理科,2016,第一批,加入对比 ,72
化学,吉林大学,626,628,四川,理科,2016,第一批,加入对比 ,72
车辆工程,吉林大学,638,640,四川,理科,2016,第一批,加入对比 ,72
物理学,吉林大学,642,648,四川,理科,2016,第一批,加入对比 ,72
材料科学与工程,吉林大学珠海学院,490,490,四川,理科,2016,第二批,加入对比 ,72
中药学,吉林大学珠海学院,493,496,四川,理科,2016,第二批,加入对比 ,72
化学工程与工艺,吉林大学珠海学院,494,497,四川,理科,2016,第二批,加入对比 ,72
通信工程,吉林大学珠海学院,494,495,四川,理科,2016,第二批,加入对比 ,72
网络工程,吉林大学珠海学院,496,497,四川,理科,2016,第二批,加入对比 ,72
车辆工程,吉林大学珠海学院,497,505,四川,理科,2016,第二批,加入对比 ,72
投资学,吉林大学珠海学院,498,502,四川,理科,2016,第二批,加入对比 ,72
金融学,吉林大学珠海学院,503,503,四川,理科,2016,第二批,加入对比 ,72
生物医学工程,吉林大学,616,620,四川,理科,2016,第一批,加入对比 ,73
农业机械化及其自动化,吉林大学,616,620,四川,理科,2016,第一批,加入对比 ,73
工商管理,吉林大学,617,618,四川,理科,2016,第一批,加入对比 ,73
通信工程,吉林大学,617,626,四川,理科,2016,第一批,加入对比 ,73
工程力学,吉林大学,617,624,四川,理科,2016,第一批,加入对比 ,73
核物理,吉林大学,617,617,四川,理科,2016,第一批,加入对比 ,73
高分子材料与工程,吉林大学,617,618,四川,理科,2016,第一批,加入对比 ,73
电气工程及其自动化,吉林大学,618,619,四川,理科,2016,第一批,加入对比 ,73
会计学,吉林大学,620,624,四川,理科,2016,第一批,加入对比 ,73
材料科学与工程,吉林大学,620,621,四川,理科,2016,第一批,加入对比 ,73
法学,吉林大学,622,628,四川,理科,2016,第一批,加入对比 ,73
数学与应用数学,吉林大学,623,627,四川,理科,2016,第一批,加入对比 ,73
能源与动力工程,吉林大学,625,628,四川,理科,2016,第一批,加入对比 ,73
金融学,吉林大学,626,629,四川,理科,2016,第一批,加入对比 ,73
化学,吉林大学,626,628,四川,理科,2016,第一批,加入对比 ,73
车辆工程,吉林大学,638,640,四川,理科,2016,第一批,加入对比 ,73
物理学,吉林大学,642,648,四川,理科,2016,第一批,加入对比 ,73
材料科学与工程,吉林大学珠海学院,490,490,四川,理科,2016,第二批,加入对比 ,73
中药学,吉林大学珠海学院,493,496,四川,理科,2016,第二批,加入对比 ,73
化学工程与工艺,吉林大学珠海学院,494,497,四川,理科,2016,第二批,加入对比 ,73
通信工程,吉林大学珠海学院,494,495,四川,理科,2016,第二批,加入对比 ,73
网络工程,吉林大学珠海学院,496,497,四川,理科,2016,第二批,加入对比 ,73
车辆工程,吉林大学珠海学院,497,505,四川,理科,2016,第二批,加入对比 ,73
投资学,吉林大学珠海学院,498,502,四川,理科,2016,第二批,加入对比 ,73
金融学,吉林大学珠海学院,503,503,四川,理科,2016,第二批,加入对比 ,73
计算机科学与技术,吉林大学珠海学院,503,506,四川,理科,2016,第二批,加入对比 ,73
信息管理与信息系统,吉林大学珠海学院,508,508,四川,理科,2016,第二批,加入对比 ,73
朝鲜语,吉林大学珠海学院,519,519,四川,文科,2016,第二批,加入对比 ,73
广告学,吉林大学珠海学院,520,520,四川,文科,2016,第二批,加入对比 ,73
金融学,吉林大学珠海学院,526,527,四川,文科,2016,第二批,加入对比 ,73
地下水科学与工程,吉林大学,587,588,陕西,理科,2016,第一批,加入对比 ,73
广告学,吉林大学,587,587,陕西,理科,2016,第一批,加入对比 ,73
工程管理,吉林大学,587,588,陕西,理科,2016,第一批,加入对比 ,73
土木工程,吉林大学,588,602,陕西,理科,2016,第一批,加入对比 ,73
物流工程,吉林大学,588,590,陕西,理科,2016,第一批,加入对比 ,73
材料成型及控制工程,吉林大学,588,589,陕西,理科,2016,第一批,加入对比 ,73
材料物理,吉林大学,588,590,陕西,理科,2016,第一批,加入对比 ,73
交通工程,吉林大学,589,592,陕西,理科,2016,第一批,加入对比 ,73
环境科学,吉林大学,589,590,陕西,理科,2016,第一批,加入对比 ,73
信息管理与信息系统,吉林大学,590,596,陕西,理科,2016,第一批,加入对比 ,73
物联网工程,吉林大学,590,591,陕西,理科,2016,第一批,加入对比 ,73
生物制药,吉林大学,591,593,陕西,理科,2016,第一批,加入对比 ,73
材料科学与工程,吉林大学,591,595,陕西,理科,2016,第一批,加入对比 ,73
道路桥梁与渡河工程,吉林大学,591,591,陕西,理科,2016,第一批,加入对比 ,73
资源勘查工程,吉林大学,592,600,陕西,理科,2016,第一批,加入对比 ,73
交通运输,吉林大学,592,593,陕西,理科,2016,第一批,加入对比 ,73
化学工程与工艺,吉林大学,592,594,陕西,理科,2016,第一批,加入对比 ,73
俄语,吉林大学,592,592,陕西,文科,2016,第一批,加入对比 ,73
应用物理学,吉林大学,593,601,陕西,理科,2016,第一批,加入对比 ,73
电子科学与技术,吉林大学,593,593,陕西,理科,2016,第一批,加入对比 ,73
工商管理,吉林大学,593,598,陕西,理科,2016,第一批,加入对比 ,73
测控技术与仪器,吉林大学,593,602,陕西,理科,2016,第一批,加入对比 ,73
临床药学,吉林大学,595,596,陕西,理科,2016,第一批,加入对比 ,73
康复治疗学,吉林大学,595,598,陕西,理科,2016,第一批,加入对比 ,73
生物技术,吉林大学,595,595,陕西,理科,2016,第一批,加入对比 ,73
农业机械化及其自动化,吉林大学,595,608,陕西,理科,2016,第一批,加入对比 ,73
统计学,吉林大学,596,600,陕西,理科,2016,第一批,加入对比 ,73
电气工程及其自动化,吉林大学,596,612,陕西,理科,2016,第一批,加入对比 ,73
农林经济管理,吉林大学,596,596,陕西,文科,2016,第一批,加入对比 ,73
通信工程,吉林大学,596,607,陕西,理科,2016,第一批,加入对比 ,73
外交学,吉林大学,597,597,陕西,文科,2016,第一批,加入对比 ,73
软件工程,吉林大学,597,606,陕西,理科,2016,第一批,加入对比 ,73
西班牙语,吉林大学,597,597,陕西,文科,2016,第一批,加入对比 ,73
机械工程,吉林大学,597,602,陕西,理科,2016,第一批,加入对比 ,73
自动化,吉林大学,597,603,陕西,理科,2016,第一批,加入对比 ,73
政治学与行政学,吉林大学,599,601,陕西,文科,2016,第一批,加入对比 ,73
社会学,吉林大学,599,603,陕西,文科,2016,第一批,加入对比 ,73
文物与博物馆学,吉林大学,599,600,陕西,文科,2016,第一批,加入对比 ,73
测绘工程,吉林大学,600,615,陕西,理科,2016,第一批,加入对比 ,73
微电子科学与工程,吉林大学,600,603,陕西,理科,2016,第一批,加入对比 ,73
英语,吉林大学,600,600,陕西,理科,2016,第一批,加入对比 ,73
信息与计算科学,吉林大学,602,606,陕西,理科,2016,第一批,加入对比 ,73
物理学,吉林大学,603,613,陕西,理科,2016,第一批,加入对比 ,73
预防医学,吉林大学,604,606,陕西,理科,2016,第一批,加入对比 ,73
考古学,吉林大学,604,609,陕西,文科,2016,第一批,加入对比 ,73
计算机科学与技术,吉林大学珠海学院,503,506,四川,理科,2016,第二批,加入对比 ,74
信息管理与信息系统,吉林大学珠海学院,508,508,四川,理科,2016,第二批,加入对比 ,74
朝鲜语,吉林大学珠海学院,519,519,四川,文科,2016,第二批,加入对比 ,74
广告学,吉林大学珠海学院,520,520,四川,文科,2016,第二批,加入对比 ,74
金融学,吉林大学珠海学院,526,527,四川,文科,2016,第二批,加入对比 ,74
地下水科学与工程,吉林大学,587,588,陕西,理科,2016,第一批,加入对比 ,74
广告学,吉林大学,587,587,陕西,理科,2016,第一批,加入对比 ,74
工程管理,吉林大学,587,588,陕西,理科,2016,第一批,加入对比 ,74
土木工程,吉林大学,588,602,陕西,理科,2016,第一批,加入对比 ,74
物流工程,吉林大学,588,590,陕西,理科,2016,第一批,加入对比 ,74
材料成型及控制工程,吉林大学,588,589,陕西,理科,2016,第一批,加入对比 ,74
材料物理,吉林大学,588,590,陕西,理科,2016,第一批,加入对比 ,74
交通工程,吉林大学,589,592,陕西,理科,2016,第一批,加入对比 ,74
环境科学,吉林大学,589,590,陕西,理科,2016,第一批,加入对比 ,74
信息管理与信息系统,吉林大学,590,596,陕西,理科,2016,第一批,加入对比 ,74
物联网工程,吉林大学,590,591,陕西,理科,2016,第一批,加入对比 ,74
生物制药,吉林大学,591,593,陕西,理科,2016,第一批,加入对比 ,74
材料科学与工程,吉林大学,591,595,陕西,理科,2016,第一批,加入对比 ,74
道路桥梁与渡河工程,吉林大学,591,591,陕西,理科,2016,第一批,加入对比 ,74
资源勘查工程,吉林大学,592,600,陕西,理科,2016,第一批,加入对比 ,74
交通运输,吉林大学,592,593,陕西,理科,2016,第一批,加入对比 ,74
化学工程与工艺,吉林大学,592,594,陕西,理科,2016,第一批,加入对比 ,74
俄语,吉林大学,592,592,陕西,文科,2016,第一批,加入对比 ,74
应用物理学,吉林大学,593,601,陕西,理科,2016,第一批,加入对比 ,74
电子科学与技术,吉林大学,593,593,陕西,理科,2016,第一批,加入对比 ,74
工商管理,吉林大学,593,598,陕西,理科,2016,第一批,加入对比 ,74
测控技术与仪器,吉林大学,593,602,陕西,理科,2016,第一批,加入对比 ,74
临床药学,吉林大学,595,596,陕西,理科,2016,第一批,加入对比 ,74
康复治疗学,吉林大学,595,598,陕西,理科,2016,第一批,加入对比 ,74
生物技术,吉林大学,595,595,陕西,理科,2016,第一批,加入对比 ,74
农业机械化及其自动化,吉林大学,595,608,陕西,理科,2016,第一批,加入对比 ,74
统计学,吉林大学,596,600,陕西,理科,2016,第一批,加入对比 ,74
电气工程及其自动化,吉林大学,596,612,陕西,理科,2016,第一批,加入对比 ,74
农林经济管理,吉林大学,596,596,陕西,文科,2016,第一批,加入对比 ,74
通信工程,吉林大学,596,607,陕西,理科,2016,第一批,加入对比 ,74
外交学,吉林大学,597,597,陕西,文科,2016,第一批,加入对比 ,74
软件工程,吉林大学,597,606,陕西,理科,2016,第一批,加入对比 ,74
西班牙语,吉林大学,597,597,陕西,文科,2016,第一批,加入对比 ,74
机械工程,吉林大学,597,602,陕西,理科,2016,第一批,加入对比 ,74
自动化,吉林大学,597,603,陕西,理科,2016,第一批,加入对比 ,74
政治学与行政学,吉林大学,599,601,陕西,文科,2016,第一批,加入对比 ,74
社会学,吉林大学,599,603,陕西,文科,2016,第一批,加入对比 ,74
文物与博物馆学,吉林大学,599,600,陕西,文科,2016,第一批,加入对比 ,74
测绘工程,吉林大学,600,615,陕西,理科,2016,第一批,加入对比 ,74
微电子科学与工程,吉林大学,600,603,陕西,理科,2016,第一批,加入对比 ,74
英语,吉林大学,600,600,陕西,理科,2016,第一批,加入对比 ,74
信息与计算科学,吉林大学,602,606,陕西,理科,2016,第一批,加入对比 ,74
物理学,吉林大学,603,613,陕西,理科,2016,第一批,加入对比 ,74
预防医学,吉林大学,604,606,陕西,理科,2016,第一批,加入对比 ,74
考古学,吉林大学,604,609,陕西,文科,2016,第一批,加入对比 ,74
会计学,吉林大学,605,605,陕西,理科,2016,第一批,加入对比 ,74
法学,吉林大学,611,613,陕西,理科,2016,第一批,加入对比 ,74
金融学,吉林大学,612,617,陕西,理科,2016,第一批,加入对比 ,74
数学与应用数学,吉林大学,624,625,陕西,理科,2016,第一批,加入对比 ,74
车辆工程,吉林大学,625,635,陕西,理科,2016,第一批,加入对比 ,74
化学,吉林大学,626,629,陕西,理科,2016,第一批,加入对比 ,74
建筑学,吉林大学珠海学院,412,412,陕西,理科,2016,第三批,加入对比 ,74
中药学,吉林大学珠海学院,413,413,陕西,理科,2016,第三批,加入对比 ,74
投资学,吉林大学珠海学院,415,416,陕西,理科,2016,第三批,加入对比 ,74
自动化,吉林大学珠海学院,415,415,陕西,理科,2016,第三批,加入对比 ,74
通信工程,吉林大学珠海学院,416,416,陕西,理科,2016,第三批,加入对比 ,74
食品质量与安全,吉林大学珠海学院,416,416,陕西,理科,2016,第三批,加入对比 ,74
车辆工程,吉林大学珠海学院,417,422,陕西,理科,2016,第三批,加入对比 ,74
网络工程,吉林大学珠海学院,417,420,陕西,理科,2016,第三批,加入对比 ,74
材料科学与工程,吉林大学珠海学院,418,418,陕西,理科,2016,第三批,加入对比 ,74
计算机科学与技术,吉林大学珠海学院,420,429,陕西,理科,2016,第三批,加入对比 ,74
机械设计制造及其自动化,吉林大学珠海学院,421,426,陕西,理科,2016,第三批,加入对比 ,74
金融学,吉林大学珠海学院,430,430,陕西,理科,2016,第三批,加入对比 ,74
汉语国际教育,吉林大学珠海学院,453,453,陕西,文科,2016,第三批,加入对比 ,74
金融学,吉林大学珠海学院,458,459,陕西,文科,2016,第三批,加入对比 ,74
广告学,吉林大学珠海学院,459,459,陕西,文科,2016,第三批,加入对比 ,74
会计学,吉林大学珠海学院,461,462,陕西,文科,2016,第三批,加入对比 ,74
工商管理,吉林大学珠海学院,468,474,陕西,文科,2016,第三批,加入对比 ,74
俄语,吉林大学,622,623,河北,文科,2016,第一批,加入对比 ,74
文物与博物馆学,吉林大学,623,624,河北,文科,2016,第一批,加入对比 ,74
农林经济管理,吉林大学,623,624,河北,文科,2016,第一批,加入对比 ,74
历史学,吉林大学,624,627,河北,文科,2016,第一批,加入对比 ,74
广告学,吉林大学,624,624,河北,文科,2016,第一批,加入对比 ,74
新闻学,吉林大学,625,626,河北,文科,2016,第一批,加入对比 ,74
英语,吉林大学,625,626,河北,文科,2016,第一批,加入对比 ,74
外交学,吉林大学,625,626,河北,文科,2016,第一批,加入对比 ,74
哲学,吉林大学,626,628,河北,文科,2016,第一批,加入对比 ,74
财政学,吉林大学,628,628,河北,文科,2016,第一批,加入对比 ,74
法学,吉林大学,629,632,河北,文科,2016,第一批,加入对比 ,74
经济学,吉林大学,630,631,河北,文科,2016,第一批,加入对比 ,74
生物技术,吉林大学,635,636,河北,理科,2016,第一批,加入对比 ,74
地理信息科学,吉林大学,635,635,河北,理科,2016,第一批,加入对比 ,74
农林经济管理,吉林大学,635,635,河北,理科,2016,第一批,加入对比 ,74
食品质量与安全,吉林大学,636,641,河北,理科,2016,第一批,加入对比 ,74
材料成型及控制工程,吉林大学,636,639,河北,理科,2016,第一批,加入对比 ,74
档案学,吉林大学,636,636,河北,理科,2016,第一批,加入对比 ,74
工业工程,吉林大学,637,638,河北,理科,2016,第一批,加入对比 ,74
信息管理与信息系统,吉林大学,637,638,河北,理科,2016,第一批,加入对比 ,74
交通运输,吉林大学,637,638,河北,理科,2016,第一批,加入对比 ,74
材料化学,吉林大学,637,640,河北,理科,2016,第一批,加入对比 ,74
无机非金属材料工程,吉林大学,637,637,河北,理科,2016,第一批,加入对比 ,74
生物制药,吉林大学,637,639,河北,理科,2016,第一批,加入对比 ,74
核物理,吉林大学,637,639,河北,理科,2016,第一批,加入对比 ,74
材料物理,吉林大学,638,640,河北,理科,2016,第一批,加入对比 ,74
软件工程,吉林大学,638,643,河北,理科,2016,第一批,加入对比 ,74
工商管理,吉林大学,593,598,陕西,理科,2016,第一批,加入对比 ,75
测控技术与仪器,吉林大学,593,602,陕西,理科,2016,第一批,加入对比 ,75
临床药学,吉林大学,595,596,陕西,理科,2016,第一批,加入对比 ,75
康复治疗学,吉林大学,595,598,陕西,理科,2016,第一批,加入对比 ,75
生物技术,吉林大学,595,595,陕西,理科,2016,第一批,加入对比 ,75
农业机械化及其自动化,吉林大学,595,608,陕西,理科,2016,第一批,加入对比 ,75
统计学,吉林大学,596,600,陕西,理科,2016,第一批,加入对比 ,75
电气工程及其自动化,吉林大学,596,612,陕西,理科,2016,第一批,加入对比 ,75
农林经济管理,吉林大学,596,596,陕西,文科,2016,第一批,加入对比 ,75
通信工程,吉林大学,596,607,陕西,理科,2016,第一批,加入对比 ,75
外交学,吉林大学,597,597,陕西,文科,2016,第一批,加入对比 ,75
软件工程,吉林大学,597,606,陕西,理科,2016,第一批,加入对比 ,75
西班牙语,吉林大学,597,597,陕西,文科,2016,第一批,加入对比 ,75
机械工程,吉林大学,597,602,陕西,理科,2016,第一批,加入对比 ,75
自动化,吉林大学,597,603,陕西,理科,2016,第一批,加入对比 ,75
政治学与行政学,吉林大学,599,601,陕西,文科,2016,第一批,加入对比 ,75
社会学,吉林大学,599,603,陕西,文科,2016,第一批,加入对比 ,75
文物与博物馆学,吉林大学,599,600,陕西,文科,2016,第一批,加入对比 ,75
测绘工程,吉林大学,600,615,陕西,理科,2016,第一批,加入对比 ,75
微电子科学与工程,吉林大学,600,603,陕西,理科,2016,第一批,加入对比 ,75
英语,吉林大学,600,600,陕西,理科,2016,第一批,加入对比 ,75
信息与计算科学,吉林大学,602,606,陕西,理科,2016,第一批,加入对比 ,75
物理学,吉林大学,603,613,陕西,理科,2016,第一批,加入对比 ,75
预防医学,吉林大学,604,606,陕西,理科,2016,第一批,加入对比 ,75
考古学,吉林大学,604,609,陕西,文科,2016,第一批,加入对比 ,75
会计学,吉林大学,605,605,陕西,理科,2016,第一批,加入对比 ,75
法学,吉林大学,611,613,陕西,理科,2016,第一批,加入对比 ,75
金融学,吉林大学,612,617,陕西,理科,2016,第一批,加入对比 ,75
数学与应用数学,吉林大学,624,625,陕西,理科,2016,第一批,加入对比 ,75
车辆工程,吉林大学,625,635,陕西,理科,2016,第一批,加入对比 ,75
化学,吉林大学,626,629,陕西,理科,2016,第一批,加入对比 ,75
建筑学,吉林大学珠海学院,412,412,陕西,理科,2016,第三批,加入对比 ,75
中药学,吉林大学珠海学院,413,413,陕西,理科,2016,第三批,加入对比 ,75
投资学,吉林大学珠海学院,415,416,陕西,理科,2016,第三批,加入对比 ,75
自动化,吉林大学珠海学院,415,415,陕西,理科,2016,第三批,加入对比 ,75
通信工程,吉林大学珠海学院,416,416,陕西,理科,2016,第三批,加入对比 ,75
食品质量与安全,吉林大学珠海学院,416,416,陕西,理科,2016,第三批,加入对比 ,75
车辆工程,吉林大学珠海学院,417,422,陕西,理科,2016,第三批,加入对比 ,75
网络工程,吉林大学珠海学院,417,420,陕西,理科,2016,第三批,加入对比 ,75
材料科学与工程,吉林大学珠海学院,418,418,陕西,理科,2016,第三批,加入对比 ,75
计算机科学与技术,吉林大学珠海学院,420,429,陕西,理科,2016,第三批,加入对比 ,75
机械设计制造及其自动化,吉林大学珠海学院,421,426,陕西,理科,2016,第三批,加入对比 ,75
金融学,吉林大学珠海学院,430,430,陕西,理科,2016,第三批,加入对比 ,75
汉语国际教育,吉林大学珠海学院,453,453,陕西,文科,2016,第三批,加入对比 ,75
金融学,吉林大学珠海学院,458,459,陕西,文科,2016,第三批,加入对比 ,75
广告学,吉林大学珠海学院,459,459,陕西,文科,2016,第三批,加入对比 ,75
会计学,吉林大学珠海学院,461,462,陕西,文科,2016,第三批,加入对比 ,75
工商管理,吉林大学珠海学院,468,474,陕西,文科,2016,第三批,加入对比 ,75
俄语,吉林大学,622,623,河北,文科,2016,第一批,加入对比 ,75
文物与博物馆学,吉林大学,623,624,河北,文科,2016,第一批,加入对比 ,75
农林经济管理,吉林大学,623,624,河北,文科,2016,第一批,加入对比 ,75
历史学,吉林大学,624,627,河北,文科,2016,第一批,加入对比 ,75
广告学,吉林大学,624,624,河北,文科,2016,第一批,加入对比 ,75
新闻学,吉林大学,625,626,河北,文科,2016,第一批,加入对比 ,75
英语,吉林大学,625,626,河北,文科,2016,第一批,加入对比 ,75
外交学,吉林大学,625,626,河北,文科,2016,第一批,加入对比 ,75
哲学,吉林大学,626,628,河北,文科,2016,第一批,加入对比 ,75
财政学,吉林大学,628,628,河北,文科,2016,第一批,加入对比 ,75
法学,吉林大学,629,632,河北,文科,2016,第一批,加入对比 ,75
经济学,吉林大学,630,631,河北,文科,2016,第一批,加入对比 ,75
生物技术,吉林大学,635,636,河北,理科,2016,第一批,加入对比 ,75
地理信息科学,吉林大学,635,635,河北,理科,2016,第一批,加入对比 ,75
农林经济管理,吉林大学,635,635,河北,理科,2016,第一批,加入对比 ,75
食品质量与安全,吉林大学,636,641,河北,理科,2016,第一批,加入对比 ,75
材料成型及控制工程,吉林大学,636,639,河北,理科,2016,第一批,加入对比 ,75
档案学,吉林大学,636,636,河北,理科,2016,第一批,加入对比 ,75
工业工程,吉林大学,637,638,河北,理科,2016,第一批,加入对比 ,75
信息管理与信息系统,吉林大学,637,638,河北,理科,2016,第一批,加入对比 ,75
交通运输,吉林大学,637,638,河北,理科,2016,第一批,加入对比 ,75
材料化学,吉林大学,637,640,河北,理科,2016,第一批,加入对比 ,75
无机非金属材料工程,吉林大学,637,637,河北,理科,2016,第一批,加入对比 ,75
生物制药,吉林大学,637,639,河北,理科,2016,第一批,加入对比 ,75
核物理,吉林大学,637,639,河北,理科,2016,第一批,加入对比 ,75
材料物理,吉林大学,638,640,河北,理科,2016,第一批,加入对比 ,75
软件工程,吉林大学,638,643,河北,理科,2016,第一批,加入对比 ,75
工商管理,吉林大学,638,639,河北,理科,2016,第一批,加入对比 ,75
生物科学,吉林大学,638,640,河北,理科,2016,第一批,加入对比 ,75
化学工程与工艺,吉林大学,639,640,河北,理科,2016,第一批,加入对比 ,75
交通工程,吉林大学,639,648,河北,理科,2016,第一批,加入对比 ,75
包装工程,吉林大学,639,640,河北,理科,2016,第一批,加入对比 ,75
材料科学与工程,吉林大学,640,644,河北,理科,2016,第一批,加入对比 ,75
物联网工程,吉林大学,641,644,河北,理科,2016,第一批,加入对比 ,75
信息与计算科学,吉林大学,641,644,河北,理科,2016,第一批,加入对比 ,75
微电子科学与工程,吉林大学,641,645,河北,理科,2016,第一批,加入对比 ,75
自动化,吉林大学,642,651,河北,理科,2016,第一批,加入对比 ,75
电子信息工程,吉林大学,642,645,河北,理科,2016,第一批,加入对比 ,75
能源与动力工程,吉林大学,642,643,河北,理科,2016,第一批,加入对比 ,75
药物制剂,吉林大学,642,648,河北,理科,2016,第一批,加入对比 ,75
预防医学,吉林大学,642,647,河北,理科,2016,第一批,加入对比 ,75
计算机科学与技术,吉林大学,642,645,河北,理科,2016,第一批,加入对比 ,75
工程管理,吉林大学,643,646,河北,理科,2016,第一批,加入对比 ,75
机械工程,吉林大学,643,646,河北,理科,2016,第一批,加入对比 ,75
统计学,吉林大学,643,645,河北,理科,2016,第一批,加入对比 ,75
应用化学,吉林大学,644,645,河北,理科,2016,第一批,加入对比 ,75
财政学,吉林大学,644,646,河北,理科,2016,第一批,加入对比 ,75
高分子材料与工程,吉林大学,644,646,河北,理科,2016,第一批,加入对比 ,75
数学与应用数学,吉林大学,644,645,河北,理科,2016,第一批,加入对比 ,75
物理学,吉林大学,645,648,河北,理科,2016,第一批,加入对比 ,75
光电信息科学与工程,吉林大学,645,652,河北,理科,2016,第一批,加入对比 ,75
法学,吉林大学,648,659,河北,理科,2016,第一批,加入对比 ,75
金融数学,吉林大学,649,651,河北,理科,2016,第一批,加入对比 ,75
车辆工程,吉林大学,650,655,河北,理科,2016,第一批,加入对比 ,75
会计学,吉林大学,650,651,河北,理科,2016,第一批,加入对比 ,75
化学,吉林大学,651,654,河北,理科,2016,第一批,加入对比 ,75
金融学,吉林大学,651,652,河北,理科,2016,第一批,加入对比 ,75
药物制剂,吉林大学珠海学院,474,475,河北,理科,2016,第二批,加入对比 ,75
通信工程,吉林大学珠海学院,479,482,河北,理科,2016,第二批,加入对比 ,75
应用化学,吉林大学珠海学院,479,479,河北,理科,2016,第二批,加入对比 ,75
计算机科学与技术,吉林大学珠海学院,486,487,河北,理科,2016,第二批,加入对比 ,75
车辆工程,吉林大学珠海学院,489,495,河北,理科,2016,第二批,加入对比 ,75
软件工程,吉林大学珠海学院,489,489,河北,理科,2016,第二批,加入对比 ,75
汉语言文学,吉林大学珠海学院,494,494,河北,文科,2016,第二批,加入对比 ,75
金融学,吉林大学珠海学院,499,499,河北,文科,2016,第二批,加入对比 ,75
会计学,吉林大学珠海学院,499,499,河北,文科,2016,第二批,加入对比 ,75
机械设计制造及其自动化,吉林大学珠海学院,503,516,河北,理科,2016,第二批,加入对比 ,75
英语,吉林大学,559,--,山西,文科,2016,第一批,加入对比 ,75
农林经济管理,吉林大学,560,--,山西,文科,2016,第一批,加入对比 ,75
朝鲜语,吉林大学,561,--,山西,文科,2016,第一批,加入对比 ,75
社会学,吉林大学,561,--,山西,文科,2016,第一批,加入对比 ,75
外交学,吉林大学,562,--,山西,文科,2016,第一批,加入对比 ,75
考古学,吉林大学,562,--,山西,文科,2016,第一批,加入对比 ,75
哲学,吉林大学,563,--,山西,文科,2016,第一批,加入对比 ,75
新闻学,吉林大学,563,--,山西,文科,2016,第一批,加入对比 ,75
国际政治,吉林大学,565,--,山西,文科,2016,第一批,加入对比 ,75
汉语言文学,吉林大学,566,--,山西,文科,2016,第一批,加入对比 ,75
会计学,吉林大学,605,605,陕西,理科,2016,第一批,加入对比 ,76
法学,吉林大学,611,613,陕西,理科,2016,第一批,加入对比 ,76
金融学,吉林大学,612,617,陕西,理科,2016,第一批,加入对比 ,76
数学与应用数学,吉林大学,624,625,陕西,理科,2016,第一批,加入对比 ,76
车辆工程,吉林大学,625,635,陕西,理科,2016,第一批,加入对比 ,76
化学,吉林大学,626,629,陕西,理科,2016,第一批,加入对比 ,76
建筑学,吉林大学珠海学院,412,412,陕西,理科,2016,第三批,加入对比 ,76
中药学,吉林大学珠海学院,413,413,陕西,理科,2016,第三批,加入对比 ,76
投资学,吉林大学珠海学院,415,416,陕西,理科,2016,第三批,加入对比 ,76
自动化,吉林大学珠海学院,415,415,陕西,理科,2016,第三批,加入对比 ,76
通信工程,吉林大学珠海学院,416,416,陕西,理科,2016,第三批,加入对比 ,76
食品质量与安全,吉林大学珠海学院,416,416,陕西,理科,2016,第三批,加入对比 ,76
车辆工程,吉林大学珠海学院,417,422,陕西,理科,2016,第三批,加入对比 ,76
网络工程,吉林大学珠海学院,417,420,陕西,理科,2016,第三批,加入对比 ,76
材料科学与工程,吉林大学珠海学院,418,418,陕西,理科,2016,第三批,加入对比 ,76
计算机科学与技术,吉林大学珠海学院,420,429,陕西,理科,2016,第三批,加入对比 ,76
机械设计制造及其自动化,吉林大学珠海学院,421,426,陕西,理科,2016,第三批,加入对比 ,76
金融学,吉林大学珠海学院,430,430,陕西,理科,2016,第三批,加入对比 ,76
汉语国际教育,吉林大学珠海学院,453,453,陕西,文科,2016,第三批,加入对比 ,76
金融学,吉林大学珠海学院,458,459,陕西,文科,2016,第三批,加入对比 ,76
广告学,吉林大学珠海学院,459,459,陕西,文科,2016,第三批,加入对比 ,76
会计学,吉林大学珠海学院,461,462,陕西,文科,2016,第三批,加入对比 ,76
工商管理,吉林大学珠海学院,468,474,陕西,文科,2016,第三批,加入对比 ,76
俄语,吉林大学,622,623,河北,文科,2016,第一批,加入对比 ,76
文物与博物馆学,吉林大学,623,624,河北,文科,2016,第一批,加入对比 ,76
农林经济管理,吉林大学,623,624,河北,文科,2016,第一批,加入对比 ,76
历史学,吉林大学,624,627,河北,文科,2016,第一批,加入对比 ,76
广告学,吉林大学,624,624,河北,文科,2016,第一批,加入对比 ,76
新闻学,吉林大学,625,626,河北,文科,2016,第一批,加入对比 ,76
英语,吉林大学,625,626,河北,文科,2016,第一批,加入对比 ,76
外交学,吉林大学,625,626,河北,文科,2016,第一批,加入对比 ,76
哲学,吉林大学,626,628,河北,文科,2016,第一批,加入对比 ,76
财政学,吉林大学,628,628,河北,文科,2016,第一批,加入对比 ,76
法学,吉林大学,629,632,河北,文科,2016,第一批,加入对比 ,76
经济学,吉林大学,630,631,河北,文科,2016,第一批,加入对比 ,76
生物技术,吉林大学,635,636,河北,理科,2016,第一批,加入对比 ,76
地理信息科学,吉林大学,635,635,河北,理科,2016,第一批,加入对比 ,76
农林经济管理,吉林大学,635,635,河北,理科,2016,第一批,加入对比 ,76
食品质量与安全,吉林大学,636,641,河北,理科,2016,第一批,加入对比 ,76
材料成型及控制工程,吉林大学,636,639,河北,理科,2016,第一批,加入对比 ,76
档案学,吉林大学,636,636,河北,理科,2016,第一批,加入对比 ,76
工业工程,吉林大学,637,638,河北,理科,2016,第一批,加入对比 ,76
信息管理与信息系统,吉林大学,637,638,河北,理科,2016,第一批,加入对比 ,76
交通运输,吉林大学,637,638,河北,理科,2016,第一批,加入对比 ,76
材料化学,吉林大学,637,640,河北,理科,2016,第一批,加入对比 ,76
无机非金属材料工程,吉林大学,637,637,河北,理科,2016,第一批,加入对比 ,76
生物制药,吉林大学,637,639,河北,理科,2016,第一批,加入对比 ,76
核物理,吉林大学,637,639,河北,理科,2016,第一批,加入对比 ,76
材料物理,吉林大学,638,640,河北,理科,2016,第一批,加入对比 ,76
软件工程,吉林大学,638,643,河北,理科,2016,第一批,加入对比 ,76
工商管理,吉林大学,638,639,河北,理科,2016,第一批,加入对比 ,76
生物科学,吉林大学,638,640,河北,理科,2016,第一批,加入对比 ,76
化学工程与工艺,吉林大学,639,640,河北,理科,2016,第一批,加入对比 ,76
交通工程,吉林大学,639,648,河北,理科,2016,第一批,加入对比 ,76
包装工程,吉林大学,639,640,河北,理科,2016,第一批,加入对比 ,76
材料科学与工程,吉林大学,640,644,河北,理科,2016,第一批,加入对比 ,76
物联网工程,吉林大学,641,644,河北,理科,2016,第一批,加入对比 ,76
信息与计算科学,吉林大学,641,644,河北,理科,2016,第一批,加入对比 ,76
微电子科学与工程,吉林大学,641,645,河北,理科,2016,第一批,加入对比 ,76
自动化,吉林大学,642,651,河北,理科,2016,第一批,加入对比 ,76
电子信息工程,吉林大学,642,645,河北,理科,2016,第一批,加入对比 ,76
能源与动力工程,吉林大学,642,643,河北,理科,2016,第一批,加入对比 ,76
药物制剂,吉林大学,642,648,河北,理科,2016,第一批,加入对比 ,76
预防医学,吉林大学,642,647,河北,理科,2016,第一批,加入对比 ,76
计算机科学与技术,吉林大学,642,645,河北,理科,2016,第一批,加入对比 ,76
工程管理,吉林大学,643,646,河北,理科,2016,第一批,加入对比 ,76
机械工程,吉林大学,643,646,河北,理科,2016,第一批,加入对比 ,76
统计学,吉林大学,643,645,河北,理科,2016,第一批,加入对比 ,76
应用化学,吉林大学,644,645,河北,理科,2016,第一批,加入对比 ,76
财政学,吉林大学,644,646,河北,理科,2016,第一批,加入对比 ,76
高分子材料与工程,吉林大学,644,646,河北,理科,2016,第一批,加入对比 ,76
数学与应用数学,吉林大学,644,645,河北,理科,2016,第一批,加入对比 ,76
物理学,吉林大学,645,648,河北,理科,2016,第一批,加入对比 ,76
光电信息科学与工程,吉林大学,645,652,河北,理科,2016,第一批,加入对比 ,76
法学,吉林大学,648,659,河北,理科,2016,第一批,加入对比 ,76
金融数学,吉林大学,649,651,河北,理科,2016,第一批,加入对比 ,76
车辆工程,吉林大学,650,655,河北,理科,2016,第一批,加入对比 ,76
会计学,吉林大学,650,651,河北,理科,2016,第一批,加入对比 ,76
化学,吉林大学,651,654,河北,理科,2016,第一批,加入对比 ,76
金融学,吉林大学,651,652,河北,理科,2016,第一批,加入对比 ,76
药物制剂,吉林大学珠海学院,474,475,河北,理科,2016,第二批,加入对比 ,76
通信工程,吉林大学珠海学院,479,482,河北,理科,2016,第二批,加入对比 ,76
应用化学,吉林大学珠海学院,479,479,河北,理科,2016,第二批,加入对比 ,76
计算机科学与技术,吉林大学珠海学院,486,487,河北,理科,2016,第二批,加入对比 ,76
车辆工程,吉林大学珠海学院,489,495,河北,理科,2016,第二批,加入对比 ,76
软件工程,吉林大学珠海学院,489,489,河北,理科,2016,第二批,加入对比 ,76
汉语言文学,吉林大学珠海学院,494,494,河北,文科,2016,第二批,加入对比 ,76
金融学,吉林大学珠海学院,499,499,河北,文科,2016,第二批,加入对比 ,76
会计学,吉林大学珠海学院,499,499,河北,文科,2016,第二批,加入对比 ,76
机械设计制造及其自动化,吉林大学珠海学院,503,516,河北,理科,2016,第二批,加入对比 ,76
英语,吉林大学,559,--,山西,文科,2016,第一批,加入对比 ,76
农林经济管理,吉林大学,560,--,山西,文科,2016,第一批,加入对比 ,76
朝鲜语,吉林大学,561,--,山西,文科,2016,第一批,加入对比 ,76
社会学,吉林大学,561,--,山西,文科,2016,第一批,加入对比 ,76
外交学,吉林大学,562,--,山西,文科,2016,第一批,加入对比 ,76
考古学,吉林大学,562,--,山西,文科,2016,第一批,加入对比 ,76
哲学,吉林大学,563,--,山西,文科,2016,第一批,加入对比 ,76
新闻学,吉林大学,563,--,山西,文科,2016,第一批,加入对比 ,76
国际政治,吉林大学,565,--,山西,文科,2016,第一批,加入对比 ,76
汉语言文学,吉林大学,566,--,山西,文科,2016,第一批,加入对比 ,76
法学,吉林大学,569,--,山西,文科,2016,第一批,加入对比 ,76
金融学,吉林大学,572,--,山西,文科,2016,第一批,加入对比 ,76
食品质量与安全,吉林大学,583,--,山西,理科,2016,第一批,加入对比 ,76
应用物理学,吉林大学,583,--,山西,理科,2016,第一批,加入对比 ,76
食品科学与工程,吉林大学,583,--,山西,理科,2016,第一批,加入对比 ,76
道路桥梁与渡河工程,吉林大学,584,--,山西,理科,2016,第一批,加入对比 ,76
工业工程,吉林大学,584,--,山西,理科,2016,第一批,加入对比 ,76
环境工程,吉林大学,584,--,山西,理科,2016,第一批,加入对比 ,76
农业机械化及其自动化,吉林大学,585,--,山西,理科,2016,第一批,加入对比 ,76
交通工程,吉林大学,585,--,山西,理科,2016,第一批,加入对比 ,76
土地资源管理,吉林大学,585,--,山西,理科,2016,第一批,加入对比 ,76
地理信息科学,吉林大学,585,--,山西,理科,2016,第一批,加入对比 ,76
材料成型及控制工程,吉林大学,586,--,山西,理科,2016,第一批,加入对比 ,76
生物制药,吉林大学,586,--,山西,理科,2016,第一批,加入对比 ,76
信息工程,吉林大学,586,--,山西,理科,2016,第一批,加入对比 ,76
信息管理与信息系统,吉林大学,586,--,山西,理科,2016,第一批,加入对比 ,76
光电信息科学与工程,吉林大学,586,--,山西,理科,2016,第一批,加入对比 ,76
汽车服务工程,吉林大学,586,--,山西,理科,2016,第一批,加入对比 ,76
生物医学工程,吉林大学,587,--,山西,理科,2016,第一批,加入对比 ,76
材料科学与工程,吉林大学,587,--,山西,理科,2016,第一批,加入对比 ,76
通信工程,吉林大学,588,--,山西,理科,2016,第一批,加入对比 ,76
交通运输,吉林大学,588,--,山西,理科,2016,第一批,加入对比 ,76
土木工程,吉林大学,588,--,山西,理科,2016,第一批,加入对比 ,76
测控技术与仪器,吉林大学,589,--,山西,理科,2016,第一批,加入对比 ,76
档案学,吉林大学,589,--,山西,理科,2016,第一批,加入对比 ,76
农林经济管理,吉林大学,623,624,河北,文科,2016,第一批,加入对比 ,77
历史学,吉林大学,624,627,河北,文科,2016,第一批,加入对比 ,77
广告学,吉林大学,624,624,河北,文科,2016,第一批,加入对比 ,77
新闻学,吉林大学,625,626,河北,文科,2016,第一批,加入对比 ,77
英语,吉林大学,625,626,河北,文科,2016,第一批,加入对比 ,77
外交学,吉林大学,625,626,河北,文科,2016,第一批,加入对比 ,77
哲学,吉林大学,626,628,河北,文科,2016,第一批,加入对比 ,77
财政学,吉林大学,628,628,河北,文科,2016,第一批,加入对比 ,77
法学,吉林大学,629,632,河北,文科,2016,第一批,加入对比 ,77
经济学,吉林大学,630,631,河北,文科,2016,第一批,加入对比 ,77
生物技术,吉林大学,635,636,河北,理科,2016,第一批,加入对比 ,77
地理信息科学,吉林大学,635,635,河北,理科,2016,第一批,加入对比 ,77
农林经济管理,吉林大学,635,635,河北,理科,2016,第一批,加入对比 ,77
食品质量与安全,吉林大学,636,641,河北,理科,2016,第一批,加入对比 ,77
材料成型及控制工程,吉林大学,636,639,河北,理科,2016,第一批,加入对比 ,77
档案学,吉林大学,636,636,河北,理科,2016,第一批,加入对比 ,77
工业工程,吉林大学,637,638,河北,理科,2016,第一批,加入对比 ,77
信息管理与信息系统,吉林大学,637,638,河北,理科,2016,第一批,加入对比 ,77
交通运输,吉林大学,637,638,河北,理科,2016,第一批,加入对比 ,77
材料化学,吉林大学,637,640,河北,理科,2016,第一批,加入对比 ,77
无机非金属材料工程,吉林大学,637,637,河北,理科,2016,第一批,加入对比 ,77
生物制药,吉林大学,637,639,河北,理科,2016,第一批,加入对比 ,77
核物理,吉林大学,637,639,河北,理科,2016,第一批,加入对比 ,77
材料物理,吉林大学,638,640,河北,理科,2016,第一批,加入对比 ,77
软件工程,吉林大学,638,643,河北,理科,2016,第一批,加入对比 ,77
工商管理,吉林大学,638,639,河北,理科,2016,第一批,加入对比 ,77
生物科学,吉林大学,638,640,河北,理科,2016,第一批,加入对比 ,77
化学工程与工艺,吉林大学,639,640,河北,理科,2016,第一批,加入对比 ,77
交通工程,吉林大学,639,648,河北,理科,2016,第一批,加入对比 ,77
包装工程,吉林大学,639,640,河北,理科,2016,第一批,加入对比 ,77
材料科学与工程,吉林大学,640,644,河北,理科,2016,第一批,加入对比 ,77
物联网工程,吉林大学,641,644,河北,理科,2016,第一批,加入对比 ,77
信息与计算科学,吉林大学,641,644,河北,理科,2016,第一批,加入对比 ,77
微电子科学与工程,吉林大学,641,645,河北,理科,2016,第一批,加入对比 ,77
自动化,吉林大学,642,651,河北,理科,2016,第一批,加入对比 ,77
电子信息工程,吉林大学,642,645,河北,理科,2016,第一批,加入对比 ,77
能源与动力工程,吉林大学,642,643,河北,理科,2016,第一批,加入对比 ,77
药物制剂,吉林大学,642,648,河北,理科,2016,第一批,加入对比 ,77
预防医学,吉林大学,642,647,河北,理科,2016,第一批,加入对比 ,77
计算机科学与技术,吉林大学,642,645,河北,理科,2016,第一批,加入对比 ,77
工程管理,吉林大学,643,646,河北,理科,2016,第一批,加入对比 ,77
机械工程,吉林大学,643,646,河北,理科,2016,第一批,加入对比 ,77
统计学,吉林大学,643,645,河北,理科,2016,第一批,加入对比 ,77
应用化学,吉林大学,644,645,河北,理科,2016,第一批,加入对比 ,77
财政学,吉林大学,644,646,河北,理科,2016,第一批,加入对比 ,77
高分子材料与工程,吉林大学,644,646,河北,理科,2016,第一批,加入对比 ,77
数学与应用数学,吉林大学,644,645,河北,理科,2016,第一批,加入对比 ,77
物理学,吉林大学,645,648,河北,理科,2016,第一批,加入对比 ,77
光电信息科学与工程,吉林大学,645,652,河北,理科,2016,第一批,加入对比 ,77
法学,吉林大学,648,659,河北,理科,2016,第一批,加入对比 ,77
金融数学,吉林大学,649,651,河北,理科,2016,第一批,加入对比 ,77
车辆工程,吉林大学,650,655,河北,理科,2016,第一批,加入对比 ,77
会计学,吉林大学,650,651,河北,理科,2016,第一批,加入对比 ,77
化学,吉林大学,651,654,河北,理科,2016,第一批,加入对比 ,77
金融学,吉林大学,651,652,河北,理科,2016,第一批,加入对比 ,77
药物制剂,吉林大学珠海学院,474,475,河北,理科,2016,第二批,加入对比 ,77
通信工程,吉林大学珠海学院,479,482,河北,理科,2016,第二批,加入对比 ,77
应用化学,吉林大学珠海学院,479,479,河北,理科,2016,第二批,加入对比 ,77
计算机科学与技术,吉林大学珠海学院,486,487,河北,理科,2016,第二批,加入对比 ,77
车辆工程,吉林大学珠海学院,489,495,河北,理科,2016,第二批,加入对比 ,77
软件工程,吉林大学珠海学院,489,489,河北,理科,2016,第二批,加入对比 ,77
汉语言文学,吉林大学珠海学院,494,494,河北,文科,2016,第二批,加入对比 ,77
金融学,吉林大学珠海学院,499,499,河北,文科,2016,第二批,加入对比 ,77
会计学,吉林大学珠海学院,499,499,河北,文科,2016,第二批,加入对比 ,77
机械设计制造及其自动化,吉林大学珠海学院,503,516,河北,理科,2016,第二批,加入对比 ,77
英语,吉林大学,559,--,山西,文科,2016,第一批,加入对比 ,77
农林经济管理,吉林大学,560,--,山西,文科,2016,第一批,加入对比 ,77
朝鲜语,吉林大学,561,--,山西,文科,2016,第一批,加入对比 ,77
社会学,吉林大学,561,--,山西,文科,2016,第一批,加入对比 ,77
外交学,吉林大学,562,--,山西,文科,2016,第一批,加入对比 ,77
考古学,吉林大学,562,--,山西,文科,2016,第一批,加入对比 ,77
哲学,吉林大学,563,--,山西,文科,2016,第一批,加入对比 ,77
新闻学,吉林大学,563,--,山西,文科,2016,第一批,加入对比 ,77
国际政治,吉林大学,565,--,山西,文科,2016,第一批,加入对比 ,77
汉语言文学,吉林大学,566,--,山西,文科,2016,第一批,加入对比 ,77
法学,吉林大学,569,--,山西,文科,2016,第一批,加入对比 ,77
金融学,吉林大学,572,--,山西,文科,2016,第一批,加入对比 ,77
食品质量与安全,吉林大学,583,--,山西,理科,2016,第一批,加入对比 ,77
应用物理学,吉林大学,583,--,山西,理科,2016,第一批,加入对比 ,77
食品科学与工程,吉林大学,583,--,山西,理科,2016,第一批,加入对比 ,77
道路桥梁与渡河工程,吉林大学,584,--,山西,理科,2016,第一批,加入对比 ,77
工业工程,吉林大学,584,--,山西,理科,2016,第一批,加入对比 ,77
环境工程,吉林大学,584,--,山西,理科,2016,第一批,加入对比 ,77
农业机械化及其自动化,吉林大学,585,--,山西,理科,2016,第一批,加入对比 ,77
交通工程,吉林大学,585,--,山西,理科,2016,第一批,加入对比 ,77
土地资源管理,吉林大学,585,--,山西,理科,2016,第一批,加入对比 ,77
地理信息科学,吉林大学,585,--,山西,理科,2016,第一批,加入对比 ,77
材料成型及控制工程,吉林大学,586,--,山西,理科,2016,第一批,加入对比 ,77
生物制药,吉林大学,586,--,山西,理科,2016,第一批,加入对比 ,77
信息工程,吉林大学,586,--,山西,理科,2016,第一批,加入对比 ,77
信息管理与信息系统,吉林大学,586,--,山西,理科,2016,第一批,加入对比 ,77
光电信息科学与工程,吉林大学,586,--,山西,理科,2016,第一批,加入对比 ,77
汽车服务工程,吉林大学,586,--,山西,理科,2016,第一批,加入对比 ,77
生物医学工程,吉林大学,587,--,山西,理科,2016,第一批,加入对比 ,77
材料科学与工程,吉林大学,587,--,山西,理科,2016,第一批,加入对比 ,77
通信工程,吉林大学,588,--,山西,理科,2016,第一批,加入对比 ,77
交通运输,吉林大学,588,--,山西,理科,2016,第一批,加入对比 ,77
土木工程,吉林大学,588,--,山西,理科,2016,第一批,加入对比 ,77
测控技术与仪器,吉林大学,589,--,山西,理科,2016,第一批,加入对比 ,77
档案学,吉林大学,589,--,山西,理科,2016,第一批,加入对比 ,77
工商管理,吉林大学,638,639,河北,理科,2016,第一批,加入对比 ,78
生物科学,吉林大学,638,640,河北,理科,2016,第一批,加入对比 ,78
化学工程与工艺,吉林大学,639,640,河北,理科,2016,第一批,加入对比 ,78
交通工程,吉林大学,639,648,河北,理科,2016,第一批,加入对比 ,78
包装工程,吉林大学,639,640,河北,理科,2016,第一批,加入对比 ,78
材料科学与工程,吉林大学,640,644,河北,理科,2016,第一批,加入对比 ,78
物联网工程,吉林大学,641,644,河北,理科,2016,第一批,加入对比 ,78
信息与计算科学,吉林大学,641,644,河北,理科,2016,第一批,加入对比 ,78
微电子科学与工程,吉林大学,641,645,河北,理科,2016,第一批,加入对比 ,78
自动化,吉林大学,642,651,河北,理科,2016,第一批,加入对比 ,78
电子信息工程,吉林大学,642,645,河北,理科,2016,第一批,加入对比 ,78
能源与动力工程,吉林大学,642,643,河北,理科,2016,第一批,加入对比 ,78
药物制剂,吉林大学,642,648,河北,理科,2016,第一批,加入对比 ,78
预防医学,吉林大学,642,647,河北,理科,2016,第一批,加入对比 ,78
计算机科学与技术,吉林大学,642,645,河北,理科,2016,第一批,加入对比 ,78
工程管理,吉林大学,643,646,河北,理科,2016,第一批,加入对比 ,78
机械工程,吉林大学,643,646,河北,理科,2016,第一批,加入对比 ,78
统计学,吉林大学,643,645,河北,理科,2016,第一批,加入对比 ,78
应用化学,吉林大学,644,645,河北,理科,2016,第一批,加入对比 ,78
财政学,吉林大学,644,646,河北,理科,2016,第一批,加入对比 ,78
高分子材料与工程,吉林大学,644,646,河北,理科,2016,第一批,加入对比 ,78
数学与应用数学,吉林大学,644,645,河北,理科,2016,第一批,加入对比 ,78
物理学,吉林大学,645,648,河北,理科,2016,第一批,加入对比 ,78
光电信息科学与工程,吉林大学,645,652,河北,理科,2016,第一批,加入对比 ,78
法学,吉林大学,648,659,河北,理科,2016,第一批,加入对比 ,78
金融数学,吉林大学,649,651,河北,理科,2016,第一批,加入对比 ,78
车辆工程,吉林大学,650,655,河北,理科,2016,第一批,加入对比 ,78
会计学,吉林大学,650,651,河北,理科,2016,第一批,加入对比 ,78
化学,吉林大学,651,654,河北,理科,2016,第一批,加入对比 ,78
金融学,吉林大学,651,652,河北,理科,2016,第一批,加入对比 ,78
药物制剂,吉林大学珠海学院,474,475,河北,理科,2016,第二批,加入对比 ,78
通信工程,吉林大学珠海学院,479,482,河北,理科,2016,第二批,加入对比 ,78
应用化学,吉林大学珠海学院,479,479,河北,理科,2016,第二批,加入对比 ,78
计算机科学与技术,吉林大学珠海学院,486,487,河北,理科,2016,第二批,加入对比 ,78
车辆工程,吉林大学珠海学院,489,495,河北,理科,2016,第二批,加入对比 ,78
软件工程,吉林大学珠海学院,489,489,河北,理科,2016,第二批,加入对比 ,78
汉语言文学,吉林大学珠海学院,494,494,河北,文科,2016,第二批,加入对比 ,78
金融学,吉林大学珠海学院,499,499,河北,文科,2016,第二批,加入对比 ,78
会计学,吉林大学珠海学院,499,499,河北,文科,2016,第二批,加入对比 ,78
机械设计制造及其自动化,吉林大学珠海学院,503,516,河北,理科,2016,第二批,加入对比 ,78
英语,吉林大学,559,--,山西,文科,2016,第一批,加入对比 ,78
农林经济管理,吉林大学,560,--,山西,文科,2016,第一批,加入对比 ,78
朝鲜语,吉林大学,561,--,山西,文科,2016,第一批,加入对比 ,78
社会学,吉林大学,561,--,山西,文科,2016,第一批,加入对比 ,78
外交学,吉林大学,562,--,山西,文科,2016,第一批,加入对比 ,78
考古学,吉林大学,562,--,山西,文科,2016,第一批,加入对比 ,78
哲学,吉林大学,563,--,山西,文科,2016,第一批,加入对比 ,78
新闻学,吉林大学,563,--,山西,文科,2016,第一批,加入对比 ,78
国际政治,吉林大学,565,--,山西,文科,2016,第一批,加入对比 ,78
汉语言文学,吉林大学,566,--,山西,文科,2016,第一批,加入对比 ,78
法学,吉林大学,569,--,山西,文科,2016,第一批,加入对比 ,78
金融学,吉林大学,572,--,山西,文科,2016,第一批,加入对比 ,78
食品质量与安全,吉林大学,583,--,山西,理科,2016,第一批,加入对比 ,78
应用物理学,吉林大学,583,--,山西,理科,2016,第一批,加入对比 ,78
食品科学与工程,吉林大学,583,--,山西,理科,2016,第一批,加入对比 ,78
道路桥梁与渡河工程,吉林大学,584,--,山西,理科,2016,第一批,加入对比 ,78
工业工程,吉林大学,584,--,山西,理科,2016,第一批,加入对比 ,78
环境工程,吉林大学,584,--,山西,理科,2016,第一批,加入对比 ,78
农业机械化及其自动化,吉林大学,585,--,山西,理科,2016,第一批,加入对比 ,78
交通工程,吉林大学,585,--,山西,理科,2016,第一批,加入对比 ,78
土地资源管理,吉林大学,585,--,山西,理科,2016,第一批,加入对比 ,78
地理信息科学,吉林大学,585,--,山西,理科,2016,第一批,加入对比 ,78
材料成型及控制工程,吉林大学,586,--,山西,理科,2016,第一批,加入对比 ,78
生物制药,吉林大学,586,--,山西,理科,2016,第一批,加入对比 ,78
信息工程,吉林大学,586,--,山西,理科,2016,第一批,加入对比 ,78
信息管理与信息系统,吉林大学,586,--,山西,理科,2016,第一批,加入对比 ,78
光电信息科学与工程,吉林大学,586,--,山西,理科,2016,第一批,加入对比 ,78
汽车服务工程,吉林大学,586,--,山西,理科,2016,第一批,加入对比 ,78
生物医学工程,吉林大学,587,--,山西,理科,2016,第一批,加入对比 ,78
材料科学与工程,吉林大学,587,--,山西,理科,2016,第一批,加入对比 ,78
通信工程,吉林大学,588,--,山西,理科,2016,第一批,加入对比 ,78
交通运输,吉林大学,588,--,山西,理科,2016,第一批,加入对比 ,78
土木工程,吉林大学,588,--,山西,理科,2016,第一批,加入对比 ,78
测控技术与仪器,吉林大学,589,--,山西,理科,2016,第一批,加入对比 ,78
档案学,吉林大学,589,--,山西,理科,2016,第一批,加入对比 ,78
金融数学,吉林大学,649,651,河北,理科,2016,第一批,加入对比 ,79
车辆工程,吉林大学,650,655,河北,理科,2016,第一批,加入对比 ,79
会计学,吉林大学,650,651,河北,理科,2016,第一批,加入对比 ,79
化学,吉林大学,651,654,河北,理科,2016,第一批,加入对比 ,79
金融学,吉林大学,651,652,河北,理科,2016,第一批,加入对比 ,79
药物制剂,吉林大学珠海学院,474,475,河北,理科,2016,第二批,加入对比 ,79
通信工程,吉林大学珠海学院,479,482,河北,理科,2016,第二批,加入对比 ,79
应用化学,吉林大学珠海学院,479,479,河北,理科,2016,第二批,加入对比 ,79
计算机科学与技术,吉林大学珠海学院,486,487,河北,理科,2016,第二批,加入对比 ,79
车辆工程,吉林大学珠海学院,489,495,河北,理科,2016,第二批,加入对比 ,79
软件工程,吉林大学珠海学院,489,489,河北,理科,2016,第二批,加入对比 ,79
汉语言文学,吉林大学珠海学院,494,494,河北,文科,2016,第二批,加入对比 ,79
金融学,吉林大学珠海学院,499,499,河北,文科,2016,第二批,加入对比 ,79
会计学,吉林大学珠海学院,499,499,河北,文科,2016,第二批,加入对比 ,79
机械设计制造及其自动化,吉林大学珠海学院,503,516,河北,理科,2016,第二批,加入对比 ,79
英语,吉林大学,559,--,山西,文科,2016,第一批,加入对比 ,79
农林经济管理,吉林大学,560,--,山西,文科,2016,第一批,加入对比 ,79
朝鲜语,吉林大学,561,--,山西,文科,2016,第一批,加入对比 ,79
社会学,吉林大学,561,--,山西,文科,2016,第一批,加入对比 ,79
外交学,吉林大学,562,--,山西,文科,2016,第一批,加入对比 ,79
考古学,吉林大学,562,--,山西,文科,2016,第一批,加入对比 ,79
哲学,吉林大学,563,--,山西,文科,2016,第一批,加入对比 ,79
新闻学,吉林大学,563,--,山西,文科,2016,第一批,加入对比 ,79
国际政治,吉林大学,565,--,山西,文科,2016,第一批,加入对比 ,79
汉语言文学,吉林大学,566,--,山西,文科,2016,第一批,加入对比 ,79
法学,吉林大学,569,--,山西,文科,2016,第一批,加入对比 ,79
金融学,吉林大学,572,--,山西,文科,2016,第一批,加入对比 ,79
食品质量与安全,吉林大学,583,--,山西,理科,2016,第一批,加入对比 ,79
应用物理学,吉林大学,583,--,山西,理科,2016,第一批,加入对比 ,79
食品科学与工程,吉林大学,583,--,山西,理科,2016,第一批,加入对比 ,79
道路桥梁与渡河工程,吉林大学,584,--,山西,理科,2016,第一批,加入对比 ,79
工业工程,吉林大学,584,--,山西,理科,2016,第一批,加入对比 ,79
环境工程,吉林大学,584,--,山西,理科,2016,第一批,加入对比 ,79
农业机械化及其自动化,吉林大学,585,--,山西,理科,2016,第一批,加入对比 ,79
交通工程,吉林大学,585,--,山西,理科,2016,第一批,加入对比 ,79
土地资源管理,吉林大学,585,--,山西,理科,2016,第一批,加入对比 ,79
地理信息科学,吉林大学,585,--,山西,理科,2016,第一批,加入对比 ,79
材料成型及控制工程,吉林大学,586,--,山西,理科,2016,第一批,加入对比 ,79
生物制药,吉林大学,586,--,山西,理科,2016,第一批,加入对比 ,79
信息工程,吉林大学,586,--,山西,理科,2016,第一批,加入对比 ,79
信息管理与信息系统,吉林大学,586,--,山西,理科,2016,第一批,加入对比 ,79
光电信息科学与工程,吉林大学,586,--,山西,理科,2016,第一批,加入对比 ,79
汽车服务工程,吉林大学,586,--,山西,理科,2016,第一批,加入对比 ,79
生物医学工程,吉林大学,587,--,山西,理科,2016,第一批,加入对比 ,79
材料科学与工程,吉林大学,587,--,山西,理科,2016,第一批,加入对比 ,79
通信工程,吉林大学,588,--,山西,理科,2016,第一批,加入对比 ,79
交通运输,吉林大学,588,--,山西,理科,2016,第一批,加入对比 ,79
土木工程,吉林大学,588,--,山西,理科,2016,第一批,加入对比 ,79
测控技术与仪器,吉林大学,589,--,山西,理科,2016,第一批,加入对比 ,79
档案学,吉林大学,589,--,山西,理科,2016,第一批,加入对比 ,79
法学,吉林大学,569,--,山西,文科,2016,第一批,加入对比 ,80
金融学,吉林大学,572,--,山西,文科,2016,第一批,加入对比 ,80
食品质量与安全,吉林大学,583,--,山西,理科,2016,第一批,加入对比 ,80
应用物理学,吉林大学,583,--,山西,理科,2016,第一批,加入对比 ,80
食品科学与工程,吉林大学,583,--,山西,理科,2016,第一批,加入对比 ,80
道路桥梁与渡河工程,吉林大学,584,--,山西,理科,2016,第一批,加入对比 ,80
工业工程,吉林大学,584,--,山西,理科,2016,第一批,加入对比 ,80
环境工程,吉林大学,584,--,山西,理科,2016,第一批,加入对比 ,80
农业机械化及其自动化,吉林大学,585,--,山西,理科,2016,第一批,加入对比 ,80
交通工程,吉林大学,585,--,山西,理科,2016,第一批,加入对比 ,80
土地资源管理,吉林大学,585,--,山西,理科,2016,第一批,加入对比 ,80
地理信息科学,吉林大学,585,--,山西,理科,2016,第一批,加入对比 ,80
材料成型及控制工程,吉林大学,586,--,山西,理科,2016,第一批,加入对比 ,80
生物制药,吉林大学,586,--,山西,理科,2016,第一批,加入对比 ,80
信息工程,吉林大学,586,--,山西,理科,2016,第一批,加入对比 ,80
信息管理与信息系统,吉林大学,586,--,山西,理科,2016,第一批,加入对比 ,80
光电信息科学与工程,吉林大学,586,--,山西,理科,2016,第一批,加入对比 ,80
汽车服务工程,吉林大学,586,--,山西,理科,2016,第一批,加入对比 ,80
生物医学工程,吉林大学,587,--,山西,理科,2016,第一批,加入对比 ,80
材料科学与工程,吉林大学,587,--,山西,理科,2016,第一批,加入对比 ,80
通信工程,吉林大学,588,--,山西,理科,2016,第一批,加入对比 ,80
交通运输,吉林大学,588,--,山西,理科,2016,第一批,加入对比 ,80
土木工程,吉林大学,588,--,山西,理科,2016,第一批,加入对比 ,80
测控技术与仪器,吉林大学,589,--,山西,理科,2016,第一批,加入对比 ,80
档案学,吉林大学,589,--,山西,理科,2016,第一批,加入对比 ,80
工商管理,吉林大学,590,--,山西,理科,2016,第一批,加入对比 ,81
预防医学,吉林大学,590,--,山西,理科,2016,第一批,加入对比 ,81
微电子科学与工程,吉林大学,590,--,山西,理科,2016,第一批,加入对比 ,81
统计学,吉林大学,590,--,山西,理科,2016,第一批,加入对比 ,81
高分子材料与工程,吉林大学,591,--,山西,理科,2016,第一批,加入对比 ,81
材料化学,吉林大学,592,--,山西,理科,2016,第一批,加入对比 ,81
计算机科学与技术,吉林大学,593,--,山西,理科,2016,第一批,加入对比 ,81
电子信息工程,吉林大学,594,--,山西,理科,2016,第一批,加入对比 ,81
会计学,吉林大学,594,--,山西,理科,2016,第一批,加入对比 ,81
信息与计算科学,吉林大学,595,--,山西,理科,2016,第一批,加入对比 ,81
机械工程,吉林大学,595,--,山西,理科,2016,第一批,加入对比 ,81
软件工程,吉林大学,595,--,山西,理科,2016,第一批,加入对比 ,81
物理学,吉林大学,596,--,山西,理科,2016,第一批,加入对比 ,81
电子科学与技术,吉林大学,596,--,山西,理科,2016,第一批,加入对比 ,81
自动化,吉林大学,596,--,山西,理科,2016,第一批,加入对比 ,81
生物工程,吉林大学,598,--,山西,理科,2016,第一批,加入对比 ,81
金融学,吉林大学,598,--,山西,理科,2016,第一批,加入对比 ,81
物联网工程,吉林大学,598,--,山西,理科,2016,第一批,加入对比 ,81
数学与应用数学,吉林大学,598,--,山西,理科,2016,第一批,加入对比 ,81
能源与动力工程,吉林大学,599,--,山西,理科,2016,第一批,加入对比 ,81
化学,吉林大学,602,--,山西,理科,2016,第一批,加入对比 ,81
法学,吉林大学,607,--,山西,理科,2016,第一批,加入对比 ,81
车辆工程,吉林大学,611,--,山西,理科,2016,第一批,加入对比 ,81
食品质量与安全,吉林大学珠海学院,415,--,山西,理科,2016,第二批,加入对比 ,81
测控技术与仪器,吉林大学珠海学院,416,--,山西,理科,2016,第二批,加入对比 ,81
会计学,吉林大学珠海学院,417,--,山西,理科,2016,第二批,加入对比 ,82
信息管理与信息系统,吉林大学珠海学院,417,--,山西,理科,2016,第二批,加入对比 ,82
机械设计制造及其自动化,吉林大学珠海学院,418,--,山西,理科,2016,第二批,加入对比 ,82
通信工程,吉林大学珠海学院,418,--,山西,理科,2016,第二批,加入对比 ,82
应用化学,吉林大学珠海学院,420,--,山西,理科,2016,第二批,加入对比 ,82
网络工程,吉林大学珠海学院,420,--,山西,理科,2016,第二批,加入对比 ,82
物流工程,吉林大学珠海学院,421,--,山西,理科,2016,第二批,加入对比 ,82
建筑学,吉林大学珠海学院,423,--,山西,理科,2016,第二批,加入对比 ,82
软件工程,吉林大学珠海学院,423,--,山西,理科,2016,第二批,加入对比 ,82
计算机科学与技术,吉林大学珠海学院,425,--,山西,理科,2016,第二批,加入对比 ,82
微电子科学与工程,吉林大学珠海学院,425,--,山西,理科,2016,第二批,加入对比 ,82
制药工程,吉林大学珠海学院,426,--,山西,理科,2016,第二批,加入对比 ,82
车辆工程,吉林大学珠海学院,426,--,山西,理科,2016,第二批,加入对比 ,82
投资学,吉林大学珠海学院,430,--,山西,理科,2016,第二批,加入对比 ,82
自动化,吉林大学珠海学院,430,--,山西,理科,2016,第二批,加入对比 ,82
城乡规划,吉林大学珠海学院,433,--,山西,理科,2016,第二批,加入对比 ,82
汉语国际教育,吉林大学珠海学院,452,--,山西,文科,2016,第二批,加入对比 ,82
朝鲜语,吉林大学珠海学院,454,--,山西,文科,2016,第二批,加入对比 ,82
汉语言文学,吉林大学珠海学院,454,--,山西,文科,2016,第二批,加入对比 ,82
工商管理,吉林大学珠海学院,456,--,山西,文科,2016,第二批,加入对比 ,82
英语,吉林大学珠海学院,460,--,山西,文科,2016,第二批,加入对比 ,82
广告学,吉林大学珠海学院,465,--,山西,文科,2016,第二批,加入对比 ,82
金融学,吉林大学珠海学院,469,--,山西,文科,2016,第二批,加入对比 ,82
会计学,吉林大学珠海学院,484,--,山西,文科,2016,第二批,加入对比 ,82
西班牙语,吉林大学,584,--,河南,文科,2016,第一批,加入对比 ,82
文物与博物馆学,吉林大学,584,--,河南,文科,2016,第一批,加入对比 ,82
俄语,吉林大学,585,--,河南,文科,2016,第一批,加入对比 ,82
英语,吉林大学,585,--,河南,文科,2016,第一批,加入对比 ,82
政治学与行政学,吉林大学,585,--,河南,文科,2016,第一批,加入对比 ,82
哲学,吉林大学,585,--,河南,文科,2016,第一批,加入对比 ,82
历史学,吉林大学,585,--,河南,文科,2016,第一批,加入对比 ,82
社会学,吉林大学,586,--,河南,文科,2016,第一批,加入对比 ,82
财政学,吉林大学,587,--,河南,文科,2016,第一批,加入对比 ,82
农业资源与环境,吉林大学,588,--,河南,理科,2016,第一批,加入对比 ,82
生物技术,吉林大学,589,--,河南,理科,2016,第一批,加入对比 ,82
经济学,吉林大学,589,--,河南,文科,2016,第一批,加入对比 ,82
法学,吉林大学,590,--,河南,文科,2016,第一批,加入对比 ,82
金融学,吉林大学,591,--,河南,文科,2016,第一批,加入对比 ,82
康复治疗学,吉林大学,610,--,河南,理科,2016,第一批,加入对比 ,82
软件工程,吉林大学,610,--,河南,理科,2016,第一批,加入对比 ,82
地球物理学,吉林大学,611,--,河南,理科,2016,第一批,加入对比 ,82
水文与水资源工程,吉林大学,611,--,河南,理科,2016,第一批,加入对比 ,82
地质工程,吉林大学,611,--,河南,理科,2016,第一批,加入对比 ,82
物流工程,吉林大学,612,--,河南,理科,2016,第一批,加入对比 ,82
食品科学与工程,吉林大学,612,--,河南,理科,2016,第一批,加入对比 ,82
地理信息科学,吉林大学,612,--,河南,理科,2016,第一批,加入对比 ,82
地理科学,吉林大学,612,--,河南,理科,2016,第一批,加入对比 ,82
环境科学,吉林大学,612,--,河南,理科,2016,第一批,加入对比 ,82
勘查技术与工程,吉林大学,612,--,河南,理科,2016,第一批,加入对比 ,82
资源勘查工程,吉林大学,612,--,河南,理科,2016,第一批,加入对比 ,82
文物与博物馆学,吉林大学,584,--,河南,文科,2016,第一批,加入对比 ,83
俄语,吉林大学,585,--,河南,文科,2016,第一批,加入对比 ,83
英语,吉林大学,585,--,河南,文科,2016,第一批,加入对比 ,83
政治学与行政学,吉林大学,585,--,河南,文科,2016,第一批,加入对比 ,83
哲学,吉林大学,585,--,河南,文科,2016,第一批,加入对比 ,83
历史学,吉林大学,585,--,河南,文科,2016,第一批,加入对比 ,83
社会学,吉林大学,586,--,河南,文科,2016,第一批,加入对比 ,83
财政学,吉林大学,587,--,河南,文科,2016,第一批,加入对比 ,83
农业资源与环境,吉林大学,588,--,河南,理科,2016,第一批,加入对比 ,83
生物技术,吉林大学,589,--,河南,理科,2016,第一批,加入对比 ,83
经济学,吉林大学,589,--,河南,文科,2016,第一批,加入对比 ,83
法学,吉林大学,590,--,河南,文科,2016,第一批,加入对比 ,83
金融学,吉林大学,591,--,河南,文科,2016,第一批,加入对比 ,83
康复治疗学,吉林大学,610,--,河南,理科,2016,第一批,加入对比 ,83
软件工程,吉林大学,610,--,河南,理科,2016,第一批,加入对比 ,83
地球物理学,吉林大学,611,--,河南,理科,2016,第一批,加入对比 ,83
水文与水资源工程,吉林大学,611,--,河南,理科,2016,第一批,加入对比 ,83
地质工程,吉林大学,611,--,河南,理科,2016,第一批,加入对比 ,83
物流工程,吉林大学,612,--,河南,理科,2016,第一批,加入对比 ,83
食品科学与工程,吉林大学,612,--,河南,理科,2016,第一批,加入对比 ,83
地理信息科学,吉林大学,612,--,河南,理科,2016,第一批,加入对比 ,83
地理科学,吉林大学,612,--,河南,理科,2016,第一批,加入对比 ,83
环境科学,吉林大学,612,--,河南,理科,2016,第一批,加入对比 ,83
勘查技术与工程,吉林大学,612,--,河南,理科,2016,第一批,加入对比 ,83
资源勘查工程,吉林大学,612,--,河南,理科,2016,第一批,加入对比 ,83
食品质量与安全,吉林大学,612,--,河南,理科,2016,第一批,加入对比 ,83
材料物理,吉林大学,613,--,河南,理科,2016,第一批,加入对比 ,83
农业机械化及其自动化,吉林大学,613,--,河南,理科,2016,第一批,加入对比 ,83
广告学,吉林大学,613,--,河南,理科,2016,第一批,加入对比 ,83
工程力学,吉林大学,614,--,河南,理科,2016,第一批,加入对比 ,83
生物医学工程,吉林大学,614,--,河南,理科,2016,第一批,加入对比 ,83
光电信息科学与工程,吉林大学,614,--,河南,理科,2016,第一批,加入对比 ,83
信息管理与信息系统,吉林大学,614,--,河南,理科,2016,第一批,加入对比 ,83
预防医学,吉林大学,614,--,河南,理科,2016,第一批,加入对比 ,83
交通工程,吉林大学,614,--,河南,理科,2016,第一批,加入对比 ,83
放射医学,吉林大学,614,--,河南,理科,2016,第一批,加入对比 ,83
交通运输,吉林大学,614,--,河南,理科,2016,第一批,加入对比 ,83
环境工程,吉林大学,614,--,河南,理科,2016,第一批,加入对比 ,83
生物科学,吉林大学,615,--,河南,理科,2016,第一批,加入对比 ,83
核物理,吉林大学,615,--,河南,理科,2016,第一批,加入对比 ,83
材料成型及控制工程,吉林大学,615,--,河南,理科,2016,第一批,加入对比 ,83
信息工程,吉林大学,615,--,河南,理科,2016,第一批,加入对比 ,83
统计学,吉林大学,616,--,河南,理科,2016,第一批,加入对比 ,83
材料科学与工程,吉林大学,616,--,河南,理科,2016,第一批,加入对比 ,83
汽车服务工程,吉林大学,616,--,河南,理科,2016,第一批,加入对比 ,83
生物制药,吉林大学,616,--,河南,理科,2016,第一批,加入对比 ,83
应用物理学,吉林大学,616,--,河南,理科,2016,第一批,加入对比 ,83
日语,吉林大学,616,--,河南,理科,2016,第一批,加入对比 ,83
土木工程,吉林大学,617,--,河南,理科,2016,第一批,加入对比 ,83
包装工程,吉林大学,617,--,河南,理科,2016,第一批,加入对比 ,83
微电子科学与工程,吉林大学,617,--,河南,理科,2016,第一批,加入对比 ,83
电子科学与技术,吉林大学,617,--,河南,理科,2016,第一批,加入对比 ,83
药物制剂,吉林大学,618,--,河南,理科,2016,第一批,加入对比 ,83
工商管理,吉林大学,618,--,河南,理科,2016,第一批,加入对比 ,83
金融数学,吉林大学,619,--,河南,理科,2016,第一批,加入对比 ,83
电子信息工程,吉林大学,619,--,河南,理科,2016,第一批,加入对比 ,83
物理学,吉林大学,619,--,河南,理科,2016,第一批,加入对比 ,83
英语,吉林大学,619,--,河南,理科,2016,第一批,加入对比 ,83
化学工程与工艺,吉林大学,619,--,河南,理科,2016,第一批,加入对比 ,83
材料化学,吉林大学,619,--,河南,理科,2016,第一批,加入对比 ,83
物联网工程,吉林大学,619,--,河南,理科,2016,第一批,加入对比 ,83
能源与动力工程,吉林大学,620,--,河南,理科,2016,第一批,加入对比 ,83
机械工程,吉林大学,620,--,河南,理科,2016,第一批,加入对比 ,83
自动化,吉林大学,620,--,河南,理科,2016,第一批,加入对比 ,83
高分子材料与工程,吉林大学,620,--,河南,理科,2016,第一批,加入对比 ,83
电气工程及其自动化,吉林大学,622,--,河南,理科,2016,第一批,加入对比 ,83
会计学,吉林大学,622,--,河南,理科,2016,第一批,加入对比 ,83
经济学,吉林大学,624,--,河南,理科,2016,第一批,加入对比 ,83
临床药学,吉林大学,624,--,河南,理科,2016,第一批,加入对比 ,83
数学与应用数学,吉林大学,625,--,河南,理科,2016,第一批,加入对比 ,83
法学,吉林大学,626,--,河南,理科,2016,第一批,加入对比 ,83
应用化学,吉林大学,629,--,河南,理科,2016,第一批,加入对比 ,83
化学,吉林大学,629,--,河南,理科,2016,第一批,加入对比 ,83
金融学,吉林大学,629,--,河南,理科,2016,第一批,加入对比 ,83
车辆工程,吉林大学,630,--,河南,理科,2016,第一批,加入对比 ,83
食品质量与安全,吉林大学,612,--,河南,理科,2016,第一批,加入对比 ,84
材料物理,吉林大学,613,--,河南,理科,2016,第一批,加入对比 ,84
农业机械化及其自动化,吉林大学,613,--,河南,理科,2016,第一批,加入对比 ,84
广告学,吉林大学,613,--,河南,理科,2016,第一批,加入对比 ,84
工程力学,吉林大学,614,--,河南,理科,2016,第一批,加入对比 ,84
生物医学工程,吉林大学,614,--,河南,理科,2016,第一批,加入对比 ,84
光电信息科学与工程,吉林大学,614,--,河南,理科,2016,第一批,加入对比 ,84
信息管理与信息系统,吉林大学,614,--,河南,理科,2016,第一批,加入对比 ,84
预防医学,吉林大学,614,--,河南,理科,2016,第一批,加入对比 ,84
交通工程,吉林大学,614,--,河南,理科,2016,第一批,加入对比 ,84
放射医学,吉林大学,614,--,河南,理科,2016,第一批,加入对比 ,84
交通运输,吉林大学,614,--,河南,理科,2016,第一批,加入对比 ,84
环境工程,吉林大学,614,--,河南,理科,2016,第一批,加入对比 ,84
生物科学,吉林大学,615,--,河南,理科,2016,第一批,加入对比 ,84
核物理,吉林大学,615,--,河南,理科,2016,第一批,加入对比 ,84
材料成型及控制工程,吉林大学,615,--,河南,理科,2016,第一批,加入对比 ,84
信息工程,吉林大学,615,--,河南,理科,2016,第一批,加入对比 ,84
统计学,吉林大学,616,--,河南,理科,2016,第一批,加入对比 ,84
材料科学与工程,吉林大学,616,--,河南,理科,2016,第一批,加入对比 ,84
汽车服务工程,吉林大学,616,--,河南,理科,2016,第一批,加入对比 ,84
生物制药,吉林大学,616,--,河南,理科,2016,第一批,加入对比 ,84
应用物理学,吉林大学,616,--,河南,理科,2016,第一批,加入对比 ,84
日语,吉林大学,616,--,河南,理科,2016,第一批,加入对比 ,84
土木工程,吉林大学,617,--,河南,理科,2016,第一批,加入对比 ,84
包装工程,吉林大学,617,--,河南,理科,2016,第一批,加入对比 ,84
微电子科学与工程,吉林大学,617,--,河南,理科,2016,第一批,加入对比 ,84
电子科学与技术,吉林大学,617,--,河南,理科,2016,第一批,加入对比 ,84
药物制剂,吉林大学,618,--,河南,理科,2016,第一批,加入对比 ,84
工商管理,吉林大学,618,--,河南,理科,2016,第一批,加入对比 ,84
金融数学,吉林大学,619,--,河南,理科,2016,第一批,加入对比 ,84
电子信息工程,吉林大学,619,--,河南,理科,2016,第一批,加入对比 ,84
物理学,吉林大学,619,--,河南,理科,2016,第一批,加入对比 ,84
英语,吉林大学,619,--,河南,理科,2016,第一批,加入对比 ,84
化学工程与工艺,吉林大学,619,--,河南,理科,2016,第一批,加入对比 ,84
材料化学,吉林大学,619,--,河南,理科,2016,第一批,加入对比 ,84
物联网工程,吉林大学,619,--,河南,理科,2016,第一批,加入对比 ,84
能源与动力工程,吉林大学,620,--,河南,理科,2016,第一批,加入对比 ,84
机械工程,吉林大学,620,--,河南,理科,2016,第一批,加入对比 ,84
自动化,吉林大学,620,--,河南,理科,2016,第一批,加入对比 ,84
高分子材料与工程,吉林大学,620,--,河南,理科,2016,第一批,加入对比 ,84
电气工程及其自动化,吉林大学,622,--,河南,理科,2016,第一批,加入对比 ,84
会计学,吉林大学,622,--,河南,理科,2016,第一批,加入对比 ,84
经济学,吉林大学,624,--,河南,理科,2016,第一批,加入对比 ,84
临床药学,吉林大学,624,--,河南,理科,2016,第一批,加入对比 ,84
数学与应用数学,吉林大学,625,--,河南,理科,2016,第一批,加入对比 ,84
法学,吉林大学,626,--,河南,理科,2016,第一批,加入对比 ,84
应用化学,吉林大学,629,--,河南,理科,2016,第一批,加入对比 ,84
化学,吉林大学,629,--,河南,理科,2016,第一批,加入对比 ,84
金融学,吉林大学,629,--,河南,理科,2016,第一批,加入对比 ,84
车辆工程,吉林大学,630,--,河南,理科,2016,第一批,加入对比 ,84
制药工程,吉林大学珠海学院,439,--,河南,理科,2016,第三批,加入对比 ,84
微电子科学与工程,吉林大学珠海学院,440,--,河南,理科,2016,第三批,加入对比 ,84
材料科学与工程,吉林大学珠海学院,441,--,河南,理科,2016,第三批,加入对比 ,84
物流工程,吉林大学珠海学院,441,--,河南,理科,2016,第三批,加入对比 ,84
信息管理与信息系统,吉林大学珠海学院,441,--,河南,理科,2016,第三批,加入对比 ,84
食品质量与安全,吉林大学珠海学院,441,--,河南,理科,2016,第三批,加入对比 ,84
自动化,吉林大学珠海学院,441,--,河南,理科,2016,第三批,加入对比 ,84
网络工程,吉林大学珠海学院,443,--,河南,理科,2016,第三批,加入对比 ,84
机械设计制造及其自动化,吉林大学珠海学院,444,--,河南,理科,2016,第三批,加入对比 ,84
投资学,吉林大学珠海学院,444,--,河南,理科,2016,第三批,加入对比 ,84
通信工程,吉林大学珠海学院,444,--,河南,理科,2016,第三批,加入对比 ,84
软件工程,吉林大学珠海学院,444,--,河南,理科,2016,第三批,加入对比 ,84
中药学,吉林大学珠海学院,445,--,河南,理科,2016,第三批,加入对比 ,84
会计学,吉林大学珠海学院,449,--,河南,理科,2016,第三批,加入对比 ,84
金融学,吉林大学珠海学院,453,--,河南,理科,2016,第三批,加入对比 ,84
计算机科学与技术,吉林大学珠海学院,457,--,河南,理科,2016,第三批,加入对比 ,84
汉语言文学,吉林大学珠海学院,461,--,河南,文科,2016,第三批,加入对比 ,84
工商管理,吉林大学珠海学院,463,--,河南,文科,2016,第三批,加入对比 ,84
日语,吉林大学珠海学院,465,--,河南,文科,2016,第三批,加入对比 ,84
会计学,吉林大学珠海学院,472,--,河南,文科,2016,第三批,加入对比 ,84
金融学,吉林大学珠海学院,482,--,河南,文科,2016,第三批,加入对比 ,84
食品质量与安全,吉林大学,570,579,广西,理科,2016,第一批,加入对比 ,84
交通运输,吉林大学,574,580,广西,理科,2016,第一批,加入对比 ,84
食品科学与工程,吉林大学,574,577,广西,理科,2016,第一批,加入对比 ,84
地质学,吉林大学,576,580,广西,理科,2016,第一批,加入对比 ,84
土地资源管理,吉林大学,576,578,广西,理科,2016,第一批,加入对比 ,84
地质工程,吉林大学,577,580,广西,理科,2016,第一批,加入对比 ,84
地下水科学与工程,吉林大学,578,582,广西,理科,2016,第一批,加入对比 ,84
信息工程,吉林大学,579,579,广西,理科,2016,第一批,加入对比 ,84
材料成型及控制工程,吉林大学,580,581,广西,理科,2016,第一批,加入对比 ,84
测控技术与仪器,吉林大学,580,580,广西,理科,2016,第一批,加入对比 ,84
生物制药,吉林大学,580,581,广西,理科,2016,第一批,加入对比 ,84
预防医学,吉林大学,581,582,广西,理科,2016,第一批,加入对比 ,84
物流工程,吉林大学,581,582,广西,理科,2016,第一批,加入对比 ,84
广告学,吉林大学,582,597,广西,文科,2016,第一批,加入对比 ,84
应用物理学,吉林大学,582,583,广西,理科,2016,第一批,加入对比 ,84
放射医学,吉林大学,582,587,广西,理科,2016,第一批,加入对比 ,84
信息管理与信息系统,吉林大学,582,583,广西,理科,2016,第一批,加入对比 ,84
水文与水资源工程,吉林大学,582,584,广西,理科,2016,第一批,加入对比 ,84
资源勘查工程,吉林大学,582,585,广西,理科,2016,第一批,加入对比 ,84
统计学,吉林大学,583,586,广西,理科,2016,第一批,加入对比 ,84
信息与计算科学,吉林大学,584,586,广西,理科,2016,第一批,加入对比 ,84
农业机械化及其自动化,吉林大学,584,588,广西,理科,2016,第一批,加入对比 ,84
工程力学,吉林大学,584,585,广西,理科,2016,第一批,加入对比 ,84
应用化学,吉林大学,585,587,广西,理科,2016,第一批,加入对比 ,84
生物科学,吉林大学,587,588,广西,理科,2016,第一批,加入对比 ,84
工商管理,吉林大学,587,589,广西,理科,2016,第一批,加入对比 ,84
环境工程,吉林大学,588,590,广西,理科,2016,第一批,加入对比 ,84
工业工程,吉林大学,588,594,广西,理科,2016,第一批,加入对比 ,84
数学与应用数学,吉林大学,588,588,广西,理科,2016,第一批,加入对比 ,84
微电子科学与工程,吉林大学,617,--,河南,理科,2016,第一批,加入对比 ,85
电子科学与技术,吉林大学,617,--,河南,理科,2016,第一批,加入对比 ,85
药物制剂,吉林大学,618,--,河南,理科,2016,第一批,加入对比 ,85
工商管理,吉林大学,618,--,河南,理科,2016,第一批,加入对比 ,85
金融数学,吉林大学,619,--,河南,理科,2016,第一批,加入对比 ,85
电子信息工程,吉林大学,619,--,河南,理科,2016,第一批,加入对比 ,85
物理学,吉林大学,619,--,河南,理科,2016,第一批,加入对比 ,85
英语,吉林大学,619,--,河南,理科,2016,第一批,加入对比 ,85
化学工程与工艺,吉林大学,619,--,河南,理科,2016,第一批,加入对比 ,85
材料化学,吉林大学,619,--,河南,理科,2016,第一批,加入对比 ,85
物联网工程,吉林大学,619,--,河南,理科,2016,第一批,加入对比 ,85
能源与动力工程,吉林大学,620,--,河南,理科,2016,第一批,加入对比 ,85
机械工程,吉林大学,620,--,河南,理科,2016,第一批,加入对比 ,85
自动化,吉林大学,620,--,河南,理科,2016,第一批,加入对比 ,85
高分子材料与工程,吉林大学,620,--,河南,理科,2016,第一批,加入对比 ,85
电气工程及其自动化,吉林大学,622,--,河南,理科,2016,第一批,加入对比 ,85
会计学,吉林大学,622,--,河南,理科,2016,第一批,加入对比 ,85
经济学,吉林大学,624,--,河南,理科,2016,第一批,加入对比 ,85
临床药学,吉林大学,624,--,河南,理科,2016,第一批,加入对比 ,85
数学与应用数学,吉林大学,625,--,河南,理科,2016,第一批,加入对比 ,85
法学,吉林大学,626,--,河南,理科,2016,第一批,加入对比 ,85
应用化学,吉林大学,629,--,河南,理科,2016,第一批,加入对比 ,85
化学,吉林大学,629,--,河南,理科,2016,第一批,加入对比 ,85
金融学,吉林大学,629,--,河南,理科,2016,第一批,加入对比 ,85
车辆工程,吉林大学,630,--,河南,理科,2016,第一批,加入对比 ,85
制药工程,吉林大学珠海学院,439,--,河南,理科,2016,第三批,加入对比 ,85
微电子科学与工程,吉林大学珠海学院,440,--,河南,理科,2016,第三批,加入对比 ,85
材料科学与工程,吉林大学珠海学院,441,--,河南,理科,2016,第三批,加入对比 ,85
物流工程,吉林大学珠海学院,441,--,河南,理科,2016,第三批,加入对比 ,85
信息管理与信息系统,吉林大学珠海学院,441,--,河南,理科,2016,第三批,加入对比 ,85
食品质量与安全,吉林大学珠海学院,441,--,河南,理科,2016,第三批,加入对比 ,85
自动化,吉林大学珠海学院,441,--,河南,理科,2016,第三批,加入对比 ,85
网络工程,吉林大学珠海学院,443,--,河南,理科,2016,第三批,加入对比 ,85
机械设计制造及其自动化,吉林大学珠海学院,444,--,河南,理科,2016,第三批,加入对比 ,85
投资学,吉林大学珠海学院,444,--,河南,理科,2016,第三批,加入对比 ,85
通信工程,吉林大学珠海学院,444,--,河南,理科,2016,第三批,加入对比 ,85
软件工程,吉林大学珠海学院,444,--,河南,理科,2016,第三批,加入对比 ,85
中药学,吉林大学珠海学院,445,--,河南,理科,2016,第三批,加入对比 ,85
会计学,吉林大学珠海学院,449,--,河南,理科,2016,第三批,加入对比 ,85
金融学,吉林大学珠海学院,453,--,河南,理科,2016,第三批,加入对比 ,85
计算机科学与技术,吉林大学珠海学院,457,--,河南,理科,2016,第三批,加入对比 ,85
汉语言文学,吉林大学珠海学院,461,--,河南,文科,2016,第三批,加入对比 ,85
工商管理,吉林大学珠海学院,463,--,河南,文科,2016,第三批,加入对比 ,85
日语,吉林大学珠海学院,465,--,河南,文科,2016,第三批,加入对比 ,85
会计学,吉林大学珠海学院,472,--,河南,文科,2016,第三批,加入对比 ,85
金融学,吉林大学珠海学院,482,--,河南,文科,2016,第三批,加入对比 ,85
食品质量与安全,吉林大学,570,579,广西,理科,2016,第一批,加入对比 ,85
交通运输,吉林大学,574,580,广西,理科,2016,第一批,加入对比 ,85
食品科学与工程,吉林大学,574,577,广西,理科,2016,第一批,加入对比 ,85
地质学,吉林大学,576,580,广西,理科,2016,第一批,加入对比 ,85
土地资源管理,吉林大学,576,578,广西,理科,2016,第一批,加入对比 ,85
地质工程,吉林大学,577,580,广西,理科,2016,第一批,加入对比 ,85
地下水科学与工程,吉林大学,578,582,广西,理科,2016,第一批,加入对比 ,85
信息工程,吉林大学,579,579,广西,理科,2016,第一批,加入对比 ,85
材料成型及控制工程,吉林大学,580,581,广西,理科,2016,第一批,加入对比 ,85
测控技术与仪器,吉林大学,580,580,广西,理科,2016,第一批,加入对比 ,85
生物制药,吉林大学,580,581,广西,理科,2016,第一批,加入对比 ,85
预防医学,吉林大学,581,582,广西,理科,2016,第一批,加入对比 ,85
物流工程,吉林大学,581,582,广西,理科,2016,第一批,加入对比 ,85
广告学,吉林大学,582,597,广西,文科,2016,第一批,加入对比 ,85
应用物理学,吉林大学,582,583,广西,理科,2016,第一批,加入对比 ,85
放射医学,吉林大学,582,587,广西,理科,2016,第一批,加入对比 ,85
信息管理与信息系统,吉林大学,582,583,广西,理科,2016,第一批,加入对比 ,85
水文与水资源工程,吉林大学,582,584,广西,理科,2016,第一批,加入对比 ,85
资源勘查工程,吉林大学,582,585,广西,理科,2016,第一批,加入对比 ,85
统计学,吉林大学,583,586,广西,理科,2016,第一批,加入对比 ,85
信息与计算科学,吉林大学,584,586,广西,理科,2016,第一批,加入对比 ,85
农业机械化及其自动化,吉林大学,584,588,广西,理科,2016,第一批,加入对比 ,85
工程力学,吉林大学,584,585,广西,理科,2016,第一批,加入对比 ,85
应用化学,吉林大学,585,587,广西,理科,2016,第一批,加入对比 ,85
生物科学,吉林大学,587,588,广西,理科,2016,第一批,加入对比 ,85
工商管理,吉林大学,587,589,广西,理科,2016,第一批,加入对比 ,85
环境工程,吉林大学,588,590,广西,理科,2016,第一批,加入对比 ,85
工业工程,吉林大学,588,594,广西,理科,2016,第一批,加入对比 ,85
数学与应用数学,吉林大学,588,588,广西,理科,2016,第一批,加入对比 ,85
生物医学工程,吉林大学,588,590,广西,理科,2016,第一批,加入对比 ,85
汉语言文学,吉林大学,588,595,广西,文科,2016,第一批,加入对比 ,85
道路桥梁与渡河工程,吉林大学,589,592,广西,理科,2016,第一批,加入对比 ,85
电子信息工程,吉林大学,589,591,广西,理科,2016,第一批,加入对比 ,85
通信工程,吉林大学,590,595,广西,理科,2016,第一批,加入对比 ,85
土木工程,吉林大学,591,595,广西,理科,2016,第一批,加入对比 ,85
金融学,吉林大学,591,592,广西,理科,2016,第一批,加入对比 ,85
自动化,吉林大学,591,591,广西,理科,2016,第一批,加入对比 ,85
能源与动力工程,吉林大学,591,597,广西,理科,2016,第一批,加入对比 ,85
会计学,吉林大学,592,594,广西,理科,2016,第一批,加入对比 ,85
物理学,吉林大学,592,598,广西,理科,2016,第一批,加入对比 ,85
国际政治,吉林大学,593,599,广西,文科,2016,第一批,加入对比 ,85
计算机科学与技术,吉林大学,593,596,广西,理科,2016,第一批,加入对比 ,85
电气工程及其自动化,吉林大学,594,597,广西,理科,2016,第一批,加入对比 ,85
英语,吉林大学,595,596,广西,文科,2016,第一批,加入对比 ,85
微电子科学与工程,吉林大学,597,601,广西,理科,2016,第一批,加入对比 ,85
化学,吉林大学,597,603,广西,理科,2016,第一批,加入对比 ,85
西班牙语,吉林大学,599,601,广西,文科,2016,第一批,加入对比 ,85
法学,吉林大学,600,602,广西,文科,2016,第一批,加入对比 ,85
车辆工程,吉林大学,605,608,广西,理科,2016,第一批,加入对比 ,85
材料科学与工程,吉林大学,605,615,广西,理科,2016,第一批,加入对比 ,85
工业工程,吉林大学珠海学院,400,401,广西,理科,2016,第二批,加入对比 ,85
食品质量与安全,吉林大学珠海学院,403,403,广西,理科,2016,第二批,加入对比 ,85
化学工程与工艺,吉林大学珠海学院,406,417,广西,理科,2016,第二批,加入对比 ,85
车辆工程,吉林大学珠海学院,408,408,广西,理科,2016,第二批,加入对比 ,85
自动化,吉林大学珠海学院,409,412,广西,理科,2016,第二批,加入对比 ,85
制药工程,吉林大学珠海学院,409,416,广西,理科,2016,第二批,加入对比 ,85
中药学,吉林大学珠海学院,413,415,广西,理科,2016,第二批,加入对比 ,85
汽车服务工程,吉林大学珠海学院,416,422,广西,理科,2016,第二批,加入对比 ,85
测控技术与仪器,吉林大学珠海学院,416,429,广西,理科,2016,第二批,加入对比 ,85
网络工程,吉林大学珠海学院,425,429,广西,理科,2016,第二批,加入对比 ,85
应用化学,吉林大学珠海学院,426,429,广西,理科,2016,第二批,加入对比 ,85
机械设计制造及其自动化,吉林大学珠海学院,427,434,广西,理科,2016,第二批,加入对比 ,85
药物制剂,吉林大学珠海学院,437,441,广西,理科,2016,第二批,加入对比 ,85
金融学,吉林大学珠海学院,440,459,广西,理科,2016,第二批,加入对比 ,85
建筑学,吉林大学珠海学院,445,445,广西,理科,2016,第二批,加入对比 ,85
材料科学与工程,吉林大学珠海学院,470,470,广西,理科,2016,第二批,加入对比 ,85
工商管理,吉林大学珠海学院,503,505,广西,文科,2016,第二批,加入对比 ,85
广告学,吉林大学珠海学院,508,508,广西,文科,2016,第二批,加入对比 ,85
会计学,吉林大学珠海学院,509,509,广西,文科,2016,第二批,加入对比 ,85
计算机科学与技术,吉林大学,584,--,贵州,理科,2016,第一批,加入对比 ,85
金融学,吉林大学,588,--,贵州,理科,2016,第一批,加入对比 ,85
电子科学与技术,吉林大学,591,--,贵州,理科,2016,第一批,加入对比 ,85
软件工程,吉林大学,593,--,贵州,理科,2016,第一批,加入对比 ,85
自动化,吉林大学,594,--,贵州,理科,2016,第一批,加入对比 ,85
车辆工程,吉林大学,602,--,贵州,理科,2016,第一批,加入对比 ,85
法学,吉林大学,603,--,贵州,理科,2016,第一批,加入对比 ,85
会计学,吉林大学,604,--,贵州,理科,2016,第一批,加入对比 ,85
化学,吉林大学,609,--,贵州,理科,2016,第一批,加入对比 ,85
考古学,吉林大学,627,--,贵州,文科,2016,第一批,加入对比 ,85
制药工程,吉林大学珠海学院,439,--,河南,理科,2016,第三批,加入对比 ,86
微电子科学与工程,吉林大学珠海学院,440,--,河南,理科,2016,第三批,加入对比 ,86
材料科学与工程,吉林大学珠海学院,441,--,河南,理科,2016,第三批,加入对比 ,86
物流工程,吉林大学珠海学院,441,--,河南,理科,2016,第三批,加入对比 ,86
信息管理与信息系统,吉林大学珠海学院,441,--,河南,理科,2016,第三批,加入对比 ,86
食品质量与安全,吉林大学珠海学院,441,--,河南,理科,2016,第三批,加入对比 ,86
自动化,吉林大学珠海学院,441,--,河南,理科,2016,第三批,加入对比 ,86
网络工程,吉林大学珠海学院,443,--,河南,理科,2016,第三批,加入对比 ,86
机械设计制造及其自动化,吉林大学珠海学院,444,--,河南,理科,2016,第三批,加入对比 ,86
投资学,吉林大学珠海学院,444,--,河南,理科,2016,第三批,加入对比 ,86
通信工程,吉林大学珠海学院,444,--,河南,理科,2016,第三批,加入对比 ,86
软件工程,吉林大学珠海学院,444,--,河南,理科,2016,第三批,加入对比 ,86
中药学,吉林大学珠海学院,445,--,河南,理科,2016,第三批,加入对比 ,86
会计学,吉林大学珠海学院,449,--,河南,理科,2016,第三批,加入对比 ,86
金融学,吉林大学珠海学院,453,--,河南,理科,2016,第三批,加入对比 ,86
计算机科学与技术,吉林大学珠海学院,457,--,河南,理科,2016,第三批,加入对比 ,86
汉语言文学,吉林大学珠海学院,461,--,河南,文科,2016,第三批,加入对比 ,86
工商管理,吉林大学珠海学院,463,--,河南,文科,2016,第三批,加入对比 ,86
日语,吉林大学珠海学院,465,--,河南,文科,2016,第三批,加入对比 ,86
会计学,吉林大学珠海学院,472,--,河南,文科,2016,第三批,加入对比 ,86
金融学,吉林大学珠海学院,482,--,河南,文科,2016,第三批,加入对比 ,86
食品质量与安全,吉林大学,570,579,广西,理科,2016,第一批,加入对比 ,86
交通运输,吉林大学,574,580,广西,理科,2016,第一批,加入对比 ,86
食品科学与工程,吉林大学,574,577,广西,理科,2016,第一批,加入对比 ,86
地质学,吉林大学,576,580,广西,理科,2016,第一批,加入对比 ,86
土地资源管理,吉林大学,576,578,广西,理科,2016,第一批,加入对比 ,86
地质工程,吉林大学,577,580,广西,理科,2016,第一批,加入对比 ,86
地下水科学与工程,吉林大学,578,582,广西,理科,2016,第一批,加入对比 ,86
信息工程,吉林大学,579,579,广西,理科,2016,第一批,加入对比 ,86
材料成型及控制工程,吉林大学,580,581,广西,理科,2016,第一批,加入对比 ,86
测控技术与仪器,吉林大学,580,580,广西,理科,2016,第一批,加入对比 ,86
生物制药,吉林大学,580,581,广西,理科,2016,第一批,加入对比 ,86
预防医学,吉林大学,581,582,广西,理科,2016,第一批,加入对比 ,86
物流工程,吉林大学,581,582,广西,理科,2016,第一批,加入对比 ,86
广告学,吉林大学,582,597,广西,文科,2016,第一批,加入对比 ,86
应用物理学,吉林大学,582,583,广西,理科,2016,第一批,加入对比 ,86
放射医学,吉林大学,582,587,广西,理科,2016,第一批,加入对比 ,86
信息管理与信息系统,吉林大学,582,583,广西,理科,2016,第一批,加入对比 ,86
水文与水资源工程,吉林大学,582,584,广西,理科,2016,第一批,加入对比 ,86
资源勘查工程,吉林大学,582,585,广西,理科,2016,第一批,加入对比 ,86
统计学,吉林大学,583,586,广西,理科,2016,第一批,加入对比 ,86
信息与计算科学,吉林大学,584,586,广西,理科,2016,第一批,加入对比 ,86
农业机械化及其自动化,吉林大学,584,588,广西,理科,2016,第一批,加入对比 ,86
工程力学,吉林大学,584,585,广西,理科,2016,第一批,加入对比 ,86
应用化学,吉林大学,585,587,广西,理科,2016,第一批,加入对比 ,86
生物科学,吉林大学,587,588,广西,理科,2016,第一批,加入对比 ,86
工商管理,吉林大学,587,589,广西,理科,2016,第一批,加入对比 ,86
环境工程,吉林大学,588,590,广西,理科,2016,第一批,加入对比 ,86
工业工程,吉林大学,588,594,广西,理科,2016,第一批,加入对比 ,86
数学与应用数学,吉林大学,588,588,广西,理科,2016,第一批,加入对比 ,86
生物医学工程,吉林大学,588,590,广西,理科,2016,第一批,加入对比 ,86
汉语言文学,吉林大学,588,595,广西,文科,2016,第一批,加入对比 ,86
道路桥梁与渡河工程,吉林大学,589,592,广西,理科,2016,第一批,加入对比 ,86
电子信息工程,吉林大学,589,591,广西,理科,2016,第一批,加入对比 ,86
通信工程,吉林大学,590,595,广西,理科,2016,第一批,加入对比 ,86
土木工程,吉林大学,591,595,广西,理科,2016,第一批,加入对比 ,86
金融学,吉林大学,591,592,广西,理科,2016,第一批,加入对比 ,86
自动化,吉林大学,591,591,广西,理科,2016,第一批,加入对比 ,86
能源与动力工程,吉林大学,591,597,广西,理科,2016,第一批,加入对比 ,86
会计学,吉林大学,592,594,广西,理科,2016,第一批,加入对比 ,86
物理学,吉林大学,592,598,广西,理科,2016,第一批,加入对比 ,86
国际政治,吉林大学,593,599,广西,文科,2016,第一批,加入对比 ,86
计算机科学与技术,吉林大学,593,596,广西,理科,2016,第一批,加入对比 ,86
电气工程及其自动化,吉林大学,594,597,广西,理科,2016,第一批,加入对比 ,86
英语,吉林大学,595,596,广西,文科,2016,第一批,加入对比 ,86
微电子科学与工程,吉林大学,597,601,广西,理科,2016,第一批,加入对比 ,86
化学,吉林大学,597,603,广西,理科,2016,第一批,加入对比 ,86
西班牙语,吉林大学,599,601,广西,文科,2016,第一批,加入对比 ,86
法学,吉林大学,600,602,广西,文科,2016,第一批,加入对比 ,86
车辆工程,吉林大学,605,608,广西,理科,2016,第一批,加入对比 ,86
材料科学与工程,吉林大学,605,615,广西,理科,2016,第一批,加入对比 ,86
工业工程,吉林大学珠海学院,400,401,广西,理科,2016,第二批,加入对比 ,86
食品质量与安全,吉林大学珠海学院,403,403,广西,理科,2016,第二批,加入对比 ,86
化学工程与工艺,吉林大学珠海学院,406,417,广西,理科,2016,第二批,加入对比 ,86
车辆工程,吉林大学珠海学院,408,408,广西,理科,2016,第二批,加入对比 ,86
自动化,吉林大学珠海学院,409,412,广西,理科,2016,第二批,加入对比 ,86
制药工程,吉林大学珠海学院,409,416,广西,理科,2016,第二批,加入对比 ,86
中药学,吉林大学珠海学院,413,415,广西,理科,2016,第二批,加入对比 ,86
汽车服务工程,吉林大学珠海学院,416,422,广西,理科,2016,第二批,加入对比 ,86
测控技术与仪器,吉林大学珠海学院,416,429,广西,理科,2016,第二批,加入对比 ,86
网络工程,吉林大学珠海学院,425,429,广西,理科,2016,第二批,加入对比 ,86
应用化学,吉林大学珠海学院,426,429,广西,理科,2016,第二批,加入对比 ,86
机械设计制造及其自动化,吉林大学珠海学院,427,434,广西,理科,2016,第二批,加入对比 ,86
药物制剂,吉林大学珠海学院,437,441,广西,理科,2016,第二批,加入对比 ,86
金融学,吉林大学珠海学院,440,459,广西,理科,2016,第二批,加入对比 ,86
建筑学,吉林大学珠海学院,445,445,广西,理科,2016,第二批,加入对比 ,86
材料科学与工程,吉林大学珠海学院,470,470,广西,理科,2016,第二批,加入对比 ,86
工商管理,吉林大学珠海学院,503,505,广西,文科,2016,第二批,加入对比 ,86
广告学,吉林大学珠海学院,508,508,广西,文科,2016,第二批,加入对比 ,86
会计学,吉林大学珠海学院,509,509,广西,文科,2016,第二批,加入对比 ,86
计算机科学与技术,吉林大学,584,--,贵州,理科,2016,第一批,加入对比 ,86
金融学,吉林大学,588,--,贵州,理科,2016,第一批,加入对比 ,86
电子科学与技术,吉林大学,591,--,贵州,理科,2016,第一批,加入对比 ,86
软件工程,吉林大学,593,--,贵州,理科,2016,第一批,加入对比 ,86
自动化,吉林大学,594,--,贵州,理科,2016,第一批,加入对比 ,86
车辆工程,吉林大学,602,--,贵州,理科,2016,第一批,加入对比 ,86
法学,吉林大学,603,--,贵州,理科,2016,第一批,加入对比 ,86
会计学,吉林大学,604,--,贵州,理科,2016,第一批,加入对比 ,86
化学,吉林大学,609,--,贵州,理科,2016,第一批,加入对比 ,86
考古学,吉林大学,627,--,贵州,文科,2016,第一批,加入对比 ,86
通信工程,吉林大学珠海学院,385,--,贵州,理科,2016,第二批,加入对比 ,86
网络工程,吉林大学珠海学院,386,--,贵州,理科,2016,第二批,加入对比 ,86
药物制剂,吉林大学珠海学院,389,--,贵州,理科,2016,第二批,加入对比 ,86
制药工程,吉林大学珠海学院,390,--,贵州,理科,2016,第二批,加入对比 ,86
自动化,吉林大学珠海学院,393,--,贵州,理科,2016,第二批,加入对比 ,86
软件工程,吉林大学珠海学院,395,--,贵州,理科,2016,第二批,加入对比 ,86
车辆工程,吉林大学珠海学院,396,--,贵州,理科,2016,第二批,加入对比 ,86
计算机科学与技术,吉林大学珠海学院,397,--,贵州,理科,2016,第二批,加入对比 ,86
机械设计制造及其自动化,吉林大学珠海学院,402,--,贵州,理科,2016,第二批,加入对比 ,86
金融学,吉林大学珠海学院,408,--,贵州,理科,2016,第二批,加入对比 ,86
中药学,吉林大学珠海学院,418,--,贵州,理科,2016,第二批,加入对比 ,86
汉语言文学,吉林大学珠海学院,515,--,贵州,文科,2016,第二批,加入对比 ,86
化学,吉林大学,604,--,云南,理科,2016,第一批,加入对比 ,86
工商管理,吉林大学,605,--,云南,理科,2016,第一批,加入对比 ,86
电子科学与技术,吉林大学,606,--,云南,理科,2016,第一批,加入对比 ,86
地质工程,吉林大学,606,--,云南,理科,2016,第一批,加入对比 ,86
计算机科学与技术,吉林大学,607,--,云南,理科,2016,第一批,加入对比 ,86
软件工程,吉林大学,608,--,云南,理科,2016,第一批,加入对比 ,86
通信工程,吉林大学,611,--,云南,理科,2016,第一批,加入对比 ,86
统计学,吉林大学,611,--,云南,理科,2016,第一批,加入对比 ,86
会计学,吉林大学,618,--,云南,理科,2016,第一批,加入对比 ,86
物理学,吉林大学,618,--,云南,理科,2016,第一批,加入对比 ,86
法学,吉林大学,620,--,云南,理科,2016,第一批,加入对比 ,86
金融学,吉林大学,623,--,云南,理科,2016,第一批,加入对比 ,86
法学,吉林大学,627,--,云南,文科,2016,第一批,加入对比 ,86
土地资源管理,吉林大学,576,578,广西,理科,2016,第一批,加入对比 ,87
地质工程,吉林大学,577,580,广西,理科,2016,第一批,加入对比 ,87
地下水科学与工程,吉林大学,578,582,广西,理科,2016,第一批,加入对比 ,87
信息工程,吉林大学,579,579,广西,理科,2016,第一批,加入对比 ,87
材料成型及控制工程,吉林大学,580,581,广西,理科,2016,第一批,加入对比 ,87
测控技术与仪器,吉林大学,580,580,广西,理科,2016,第一批,加入对比 ,87
生物制药,吉林大学,580,581,广西,理科,2016,第一批,加入对比 ,87
预防医学,吉林大学,581,582,广西,理科,2016,第一批,加入对比 ,87
物流工程,吉林大学,581,582,广西,理科,2016,第一批,加入对比 ,87
广告学,吉林大学,582,597,广西,文科,2016,第一批,加入对比 ,87
应用物理学,吉林大学,582,583,广西,理科,2016,第一批,加入对比 ,87
放射医学,吉林大学,582,587,广西,理科,2016,第一批,加入对比 ,87
信息管理与信息系统,吉林大学,582,583,广西,理科,2016,第一批,加入对比 ,87
水文与水资源工程,吉林大学,582,584,广西,理科,2016,第一批,加入对比 ,87
资源勘查工程,吉林大学,582,585,广西,理科,2016,第一批,加入对比 ,87
统计学,吉林大学,583,586,广西,理科,2016,第一批,加入对比 ,87
信息与计算科学,吉林大学,584,586,广西,理科,2016,第一批,加入对比 ,87
农业机械化及其自动化,吉林大学,584,588,广西,理科,2016,第一批,加入对比 ,87
工程力学,吉林大学,584,585,广西,理科,2016,第一批,加入对比 ,87
应用化学,吉林大学,585,587,广西,理科,2016,第一批,加入对比 ,87
生物科学,吉林大学,587,588,广西,理科,2016,第一批,加入对比 ,87
工商管理,吉林大学,587,589,广西,理科,2016,第一批,加入对比 ,87
环境工程,吉林大学,588,590,广西,理科,2016,第一批,加入对比 ,87
工业工程,吉林大学,588,594,广西,理科,2016,第一批,加入对比 ,87
数学与应用数学,吉林大学,588,588,广西,理科,2016,第一批,加入对比 ,87
生物医学工程,吉林大学,588,590,广西,理科,2016,第一批,加入对比 ,87
汉语言文学,吉林大学,588,595,广西,文科,2016,第一批,加入对比 ,87
道路桥梁与渡河工程,吉林大学,589,592,广西,理科,2016,第一批,加入对比 ,87
电子信息工程,吉林大学,589,591,广西,理科,2016,第一批,加入对比 ,87
通信工程,吉林大学,590,595,广西,理科,2016,第一批,加入对比 ,87
土木工程,吉林大学,591,595,广西,理科,2016,第一批,加入对比 ,87
金融学,吉林大学,591,592,广西,理科,2016,第一批,加入对比 ,87
自动化,吉林大学,591,591,广西,理科,2016,第一批,加入对比 ,87
能源与动力工程,吉林大学,591,597,广西,理科,2016,第一批,加入对比 ,87
会计学,吉林大学,592,594,广西,理科,2016,第一批,加入对比 ,87
物理学,吉林大学,592,598,广西,理科,2016,第一批,加入对比 ,87
国际政治,吉林大学,593,599,广西,文科,2016,第一批,加入对比 ,87
计算机科学与技术,吉林大学,593,596,广西,理科,2016,第一批,加入对比 ,87
电气工程及其自动化,吉林大学,594,597,广西,理科,2016,第一批,加入对比 ,87
英语,吉林大学,595,596,广西,文科,2016,第一批,加入对比 ,87
微电子科学与工程,吉林大学,597,601,广西,理科,2016,第一批,加入对比 ,87
化学,吉林大学,597,603,广西,理科,2016,第一批,加入对比 ,87
西班牙语,吉林大学,599,601,广西,文科,2016,第一批,加入对比 ,87
法学,吉林大学,600,602,广西,文科,2016,第一批,加入对比 ,87
车辆工程,吉林大学,605,608,广西,理科,2016,第一批,加入对比 ,87
材料科学与工程,吉林大学,605,615,广西,理科,2016,第一批,加入对比 ,87
工业工程,吉林大学珠海学院,400,401,广西,理科,2016,第二批,加入对比 ,87
食品质量与安全,吉林大学珠海学院,403,403,广西,理科,2016,第二批,加入对比 ,87
化学工程与工艺,吉林大学珠海学院,406,417,广西,理科,2016,第二批,加入对比 ,87
车辆工程,吉林大学珠海学院,408,408,广西,理科,2016,第二批,加入对比 ,87
自动化,吉林大学珠海学院,409,412,广西,理科,2016,第二批,加入对比 ,87
制药工程,吉林大学珠海学院,409,416,广西,理科,2016,第二批,加入对比 ,87
中药学,吉林大学珠海学院,413,415,广西,理科,2016,第二批,加入对比 ,87
汽车服务工程,吉林大学珠海学院,416,422,广西,理科,2016,第二批,加入对比 ,87
测控技术与仪器,吉林大学珠海学院,416,429,广西,理科,2016,第二批,加入对比 ,87
网络工程,吉林大学珠海学院,425,429,广西,理科,2016,第二批,加入对比 ,87
应用化学,吉林大学珠海学院,426,429,广西,理科,2016,第二批,加入对比 ,87
机械设计制造及其自动化,吉林大学珠海学院,427,434,广西,理科,2016,第二批,加入对比 ,87
药物制剂,吉林大学珠海学院,437,441,广西,理科,2016,第二批,加入对比 ,87
金融学,吉林大学珠海学院,440,459,广西,理科,2016,第二批,加入对比 ,87
建筑学,吉林大学珠海学院,445,445,广西,理科,2016,第二批,加入对比 ,87
材料科学与工程,吉林大学珠海学院,470,470,广西,理科,2016,第二批,加入对比 ,87
工商管理,吉林大学珠海学院,503,505,广西,文科,2016,第二批,加入对比 ,87
广告学,吉林大学珠海学院,508,508,广西,文科,2016,第二批,加入对比 ,87
会计学,吉林大学珠海学院,509,509,广西,文科,2016,第二批,加入对比 ,87
计算机科学与技术,吉林大学,584,--,贵州,理科,2016,第一批,加入对比 ,87
金融学,吉林大学,588,--,贵州,理科,2016,第一批,加入对比 ,87
电子科学与技术,吉林大学,591,--,贵州,理科,2016,第一批,加入对比 ,87
软件工程,吉林大学,593,--,贵州,理科,2016,第一批,加入对比 ,87
自动化,吉林大学,594,--,贵州,理科,2016,第一批,加入对比 ,87
车辆工程,吉林大学,602,--,贵州,理科,2016,第一批,加入对比 ,87
法学,吉林大学,603,--,贵州,理科,2016,第一批,加入对比 ,87
会计学,吉林大学,604,--,贵州,理科,2016,第一批,加入对比 ,87
化学,吉林大学,609,--,贵州,理科,2016,第一批,加入对比 ,87
考古学,吉林大学,627,--,贵州,文科,2016,第一批,加入对比 ,87
通信工程,吉林大学珠海学院,385,--,贵州,理科,2016,第二批,加入对比 ,87
网络工程,吉林大学珠海学院,386,--,贵州,理科,2016,第二批,加入对比 ,87
药物制剂,吉林大学珠海学院,389,--,贵州,理科,2016,第二批,加入对比 ,87
制药工程,吉林大学珠海学院,390,--,贵州,理科,2016,第二批,加入对比 ,87
自动化,吉林大学珠海学院,393,--,贵州,理科,2016,第二批,加入对比 ,87
软件工程,吉林大学珠海学院,395,--,贵州,理科,2016,第二批,加入对比 ,87
车辆工程,吉林大学珠海学院,396,--,贵州,理科,2016,第二批,加入对比 ,87
计算机科学与技术,吉林大学珠海学院,397,--,贵州,理科,2016,第二批,加入对比 ,87
机械设计制造及其自动化,吉林大学珠海学院,402,--,贵州,理科,2016,第二批,加入对比 ,87
金融学,吉林大学珠海学院,408,--,贵州,理科,2016,第二批,加入对比 ,87
中药学,吉林大学珠海学院,418,--,贵州,理科,2016,第二批,加入对比 ,87
汉语言文学,吉林大学珠海学院,515,--,贵州,文科,2016,第二批,加入对比 ,87
化学,吉林大学,604,--,云南,理科,2016,第一批,加入对比 ,87
工商管理,吉林大学,605,--,云南,理科,2016,第一批,加入对比 ,87
电子科学与技术,吉林大学,606,--,云南,理科,2016,第一批,加入对比 ,87
地质工程,吉林大学,606,--,云南,理科,2016,第一批,加入对比 ,87
计算机科学与技术,吉林大学,607,--,云南,理科,2016,第一批,加入对比 ,87
软件工程,吉林大学,608,--,云南,理科,2016,第一批,加入对比 ,87
通信工程,吉林大学,611,--,云南,理科,2016,第一批,加入对比 ,87
统计学,吉林大学,611,--,云南,理科,2016,第一批,加入对比 ,87
会计学,吉林大学,618,--,云南,理科,2016,第一批,加入对比 ,87
物理学,吉林大学,618,--,云南,理科,2016,第一批,加入对比 ,87
法学,吉林大学,620,--,云南,理科,2016,第一批,加入对比 ,87
金融学,吉林大学,623,--,云南,理科,2016,第一批,加入对比 ,87
法学,吉林大学,627,--,云南,文科,2016,第一批,加入对比 ,87
生物医学工程,吉林大学,588,590,广西,理科,2016,第一批,加入对比 ,88
汉语言文学,吉林大学,588,595,广西,文科,2016,第一批,加入对比 ,88
道路桥梁与渡河工程,吉林大学,589,592,广西,理科,2016,第一批,加入对比 ,88
电子信息工程,吉林大学,589,591,广西,理科,2016,第一批,加入对比 ,88
通信工程,吉林大学,590,595,广西,理科,2016,第一批,加入对比 ,88
土木工程,吉林大学,591,595,广西,理科,2016,第一批,加入对比 ,88
金融学,吉林大学,591,592,广西,理科,2016,第一批,加入对比 ,88
自动化,吉林大学,591,591,广西,理科,2016,第一批,加入对比 ,88
能源与动力工程,吉林大学,591,597,广西,理科,2016,第一批,加入对比 ,88
会计学,吉林大学,592,594,广西,理科,2016,第一批,加入对比 ,88
物理学,吉林大学,592,598,广西,理科,2016,第一批,加入对比 ,88
国际政治,吉林大学,593,599,广西,文科,2016,第一批,加入对比 ,88
计算机科学与技术,吉林大学,593,596,广西,理科,2016,第一批,加入对比 ,88
电气工程及其自动化,吉林大学,594,597,广西,理科,2016,第一批,加入对比 ,88
英语,吉林大学,595,596,广西,文科,2016,第一批,加入对比 ,88
微电子科学与工程,吉林大学,597,601,广西,理科,2016,第一批,加入对比 ,88
化学,吉林大学,597,603,广西,理科,2016,第一批,加入对比 ,88
西班牙语,吉林大学,599,601,广西,文科,2016,第一批,加入对比 ,88
法学,吉林大学,600,602,广西,文科,2016,第一批,加入对比 ,88
车辆工程,吉林大学,605,608,广西,理科,2016,第一批,加入对比 ,88
材料科学与工程,吉林大学,605,615,广西,理科,2016,第一批,加入对比 ,88
工业工程,吉林大学珠海学院,400,401,广西,理科,2016,第二批,加入对比 ,88
食品质量与安全,吉林大学珠海学院,403,403,广西,理科,2016,第二批,加入对比 ,88
化学工程与工艺,吉林大学珠海学院,406,417,广西,理科,2016,第二批,加入对比 ,88
车辆工程,吉林大学珠海学院,408,408,广西,理科,2016,第二批,加入对比 ,88
自动化,吉林大学珠海学院,409,412,广西,理科,2016,第二批,加入对比 ,88
制药工程,吉林大学珠海学院,409,416,广西,理科,2016,第二批,加入对比 ,88
中药学,吉林大学珠海学院,413,415,广西,理科,2016,第二批,加入对比 ,88
汽车服务工程,吉林大学珠海学院,416,422,广西,理科,2016,第二批,加入对比 ,88
测控技术与仪器,吉林大学珠海学院,416,429,广西,理科,2016,第二批,加入对比 ,88
网络工程,吉林大学珠海学院,425,429,广西,理科,2016,第二批,加入对比 ,88
应用化学,吉林大学珠海学院,426,429,广西,理科,2016,第二批,加入对比 ,88
机械设计制造及其自动化,吉林大学珠海学院,427,434,广西,理科,2016,第二批,加入对比 ,88
药物制剂,吉林大学珠海学院,437,441,广西,理科,2016,第二批,加入对比 ,88
金融学,吉林大学珠海学院,440,459,广西,理科,2016,第二批,加入对比 ,88
建筑学,吉林大学珠海学院,445,445,广西,理科,2016,第二批,加入对比 ,88
材料科学与工程,吉林大学珠海学院,470,470,广西,理科,2016,第二批,加入对比 ,88
工商管理,吉林大学珠海学院,503,505,广西,文科,2016,第二批,加入对比 ,88
广告学,吉林大学珠海学院,508,508,广西,文科,2016,第二批,加入对比 ,88
会计学,吉林大学珠海学院,509,509,广西,文科,2016,第二批,加入对比 ,88
计算机科学与技术,吉林大学,584,--,贵州,理科,2016,第一批,加入对比 ,88
金融学,吉林大学,588,--,贵州,理科,2016,第一批,加入对比 ,88
电子科学与技术,吉林大学,591,--,贵州,理科,2016,第一批,加入对比 ,88
软件工程,吉林大学,593,--,贵州,理科,2016,第一批,加入对比 ,88
自动化,吉林大学,594,--,贵州,理科,2016,第一批,加入对比 ,88
车辆工程,吉林大学,602,--,贵州,理科,2016,第一批,加入对比 ,88
法学,吉林大学,603,--,贵州,理科,2016,第一批,加入对比 ,88
会计学,吉林大学,604,--,贵州,理科,2016,第一批,加入对比 ,88
化学,吉林大学,609,--,贵州,理科,2016,第一批,加入对比 ,88
考古学,吉林大学,627,--,贵州,文科,2016,第一批,加入对比 ,88
通信工程,吉林大学珠海学院,385,--,贵州,理科,2016,第二批,加入对比 ,88
网络工程,吉林大学珠海学院,386,--,贵州,理科,2016,第二批,加入对比 ,88
药物制剂,吉林大学珠海学院,389,--,贵州,理科,2016,第二批,加入对比 ,88
制药工程,吉林大学珠海学院,390,--,贵州,理科,2016,第二批,加入对比 ,88
自动化,吉林大学珠海学院,393,--,贵州,理科,2016,第二批,加入对比 ,88
软件工程,吉林大学珠海学院,395,--,贵州,理科,2016,第二批,加入对比 ,88
车辆工程,吉林大学珠海学院,396,--,贵州,理科,2016,第二批,加入对比 ,88
计算机科学与技术,吉林大学珠海学院,397,--,贵州,理科,2016,第二批,加入对比 ,88
机械设计制造及其自动化,吉林大学珠海学院,402,--,贵州,理科,2016,第二批,加入对比 ,88
金融学,吉林大学珠海学院,408,--,贵州,理科,2016,第二批,加入对比 ,88
中药学,吉林大学珠海学院,418,--,贵州,理科,2016,第二批,加入对比 ,88
汉语言文学,吉林大学珠海学院,515,--,贵州,文科,2016,第二批,加入对比 ,88
化学,吉林大学,604,--,云南,理科,2016,第一批,加入对比 ,88
工商管理,吉林大学,605,--,云南,理科,2016,第一批,加入对比 ,88
电子科学与技术,吉林大学,606,--,云南,理科,2016,第一批,加入对比 ,88
地质工程,吉林大学,606,--,云南,理科,2016,第一批,加入对比 ,88
计算机科学与技术,吉林大学,607,--,云南,理科,2016,第一批,加入对比 ,88
软件工程,吉林大学,608,--,云南,理科,2016,第一批,加入对比 ,88
通信工程,吉林大学,611,--,云南,理科,2016,第一批,加入对比 ,88
统计学,吉林大学,611,--,云南,理科,2016,第一批,加入对比 ,88
会计学,吉林大学,618,--,云南,理科,2016,第一批,加入对比 ,88
物理学,吉林大学,618,--,云南,理科,2016,第一批,加入对比 ,88
法学,吉林大学,620,--,云南,理科,2016,第一批,加入对比 ,88
金融学,吉林大学,623,--,云南,理科,2016,第一批,加入对比 ,88
法学,吉林大学,627,--,云南,文科,2016,第一批,加入对比 ,88
自动化,吉林大学珠海学院,409,412,广西,理科,2016,第二批,加入对比 ,89
制药工程,吉林大学珠海学院,409,416,广西,理科,2016,第二批,加入对比 ,89
中药学,吉林大学珠海学院,413,415,广西,理科,2016,第二批,加入对比 ,89
汽车服务工程,吉林大学珠海学院,416,422,广西,理科,2016,第二批,加入对比 ,89
测控技术与仪器,吉林大学珠海学院,416,429,广西,理科,2016,第二批,加入对比 ,89
网络工程,吉林大学珠海学院,425,429,广西,理科,2016,第二批,加入对比 ,89
应用化学,吉林大学珠海学院,426,429,广西,理科,2016,第二批,加入对比 ,89
机械设计制造及其自动化,吉林大学珠海学院,427,434,广西,理科,2016,第二批,加入对比 ,89
药物制剂,吉林大学珠海学院,437,441,广西,理科,2016,第二批,加入对比 ,89
金融学,吉林大学珠海学院,440,459,广西,理科,2016,第二批,加入对比 ,89
建筑学,吉林大学珠海学院,445,445,广西,理科,2016,第二批,加入对比 ,89
材料科学与工程,吉林大学珠海学院,470,470,广西,理科,2016,第二批,加入对比 ,89
工商管理,吉林大学珠海学院,503,505,广西,文科,2016,第二批,加入对比 ,89
广告学,吉林大学珠海学院,508,508,广西,文科,2016,第二批,加入对比 ,89
会计学,吉林大学珠海学院,509,509,广西,文科,2016,第二批,加入对比 ,89
计算机科学与技术,吉林大学,584,--,贵州,理科,2016,第一批,加入对比 ,89
金融学,吉林大学,588,--,贵州,理科,2016,第一批,加入对比 ,89
电子科学与技术,吉林大学,591,--,贵州,理科,2016,第一批,加入对比 ,89
软件工程,吉林大学,593,--,贵州,理科,2016,第一批,加入对比 ,89
自动化,吉林大学,594,--,贵州,理科,2016,第一批,加入对比 ,89
车辆工程,吉林大学,602,--,贵州,理科,2016,第一批,加入对比 ,89
法学,吉林大学,603,--,贵州,理科,2016,第一批,加入对比 ,89
会计学,吉林大学,604,--,贵州,理科,2016,第一批,加入对比 ,89
化学,吉林大学,609,--,贵州,理科,2016,第一批,加入对比 ,89
考古学,吉林大学,627,--,贵州,文科,2016,第一批,加入对比 ,89
通信工程,吉林大学珠海学院,385,--,贵州,理科,2016,第二批,加入对比 ,89
网络工程,吉林大学珠海学院,386,--,贵州,理科,2016,第二批,加入对比 ,89
药物制剂,吉林大学珠海学院,389,--,贵州,理科,2016,第二批,加入对比 ,89
制药工程,吉林大学珠海学院,390,--,贵州,理科,2016,第二批,加入对比 ,89
自动化,吉林大学珠海学院,393,--,贵州,理科,2016,第二批,加入对比 ,89
软件工程,吉林大学珠海学院,395,--,贵州,理科,2016,第二批,加入对比 ,89
车辆工程,吉林大学珠海学院,396,--,贵州,理科,2016,第二批,加入对比 ,89
计算机科学与技术,吉林大学珠海学院,397,--,贵州,理科,2016,第二批,加入对比 ,89
机械设计制造及其自动化,吉林大学珠海学院,402,--,贵州,理科,2016,第二批,加入对比 ,89
金融学,吉林大学珠海学院,408,--,贵州,理科,2016,第二批,加入对比 ,89
中药学,吉林大学珠海学院,418,--,贵州,理科,2016,第二批,加入对比 ,89
汉语言文学,吉林大学珠海学院,515,--,贵州,文科,2016,第二批,加入对比 ,89
化学,吉林大学,604,--,云南,理科,2016,第一批,加入对比 ,89
工商管理,吉林大学,605,--,云南,理科,2016,第一批,加入对比 ,89
电子科学与技术,吉林大学,606,--,云南,理科,2016,第一批,加入对比 ,89
地质工程,吉林大学,606,--,云南,理科,2016,第一批,加入对比 ,89
计算机科学与技术,吉林大学,607,--,云南,理科,2016,第一批,加入对比 ,89
软件工程,吉林大学,608,--,云南,理科,2016,第一批,加入对比 ,89
通信工程,吉林大学,611,--,云南,理科,2016,第一批,加入对比 ,89
统计学,吉林大学,611,--,云南,理科,2016,第一批,加入对比 ,89
会计学,吉林大学,618,--,云南,理科,2016,第一批,加入对比 ,89
物理学,吉林大学,618,--,云南,理科,2016,第一批,加入对比 ,89
法学,吉林大学,620,--,云南,理科,2016,第一批,加入对比 ,89
金融学,吉林大学,623,--,云南,理科,2016,第一批,加入对比 ,89
法学,吉林大学,627,--,云南,文科,2016,第一批,加入对比 ,89
通信工程,吉林大学珠海学院,385,--,贵州,理科,2016,第二批,加入对比 ,90
网络工程,吉林大学珠海学院,386,--,贵州,理科,2016,第二批,加入对比 ,90
药物制剂,吉林大学珠海学院,389,--,贵州,理科,2016,第二批,加入对比 ,90
制药工程,吉林大学珠海学院,390,--,贵州,理科,2016,第二批,加入对比 ,90
自动化,吉林大学珠海学院,393,--,贵州,理科,2016,第二批,加入对比 ,90
软件工程,吉林大学珠海学院,395,--,贵州,理科,2016,第二批,加入对比 ,90
车辆工程,吉林大学珠海学院,396,--,贵州,理科,2016,第二批,加入对比 ,90
计算机科学与技术,吉林大学珠海学院,397,--,贵州,理科,2016,第二批,加入对比 ,90
机械设计制造及其自动化,吉林大学珠海学院,402,--,贵州,理科,2016,第二批,加入对比 ,90
金融学,吉林大学珠海学院,408,--,贵州,理科,2016,第二批,加入对比 ,90
中药学,吉林大学珠海学院,418,--,贵州,理科,2016,第二批,加入对比 ,90
汉语言文学,吉林大学珠海学院,515,--,贵州,文科,2016,第二批,加入对比 ,90
化学,吉林大学,604,--,云南,理科,2016,第一批,加入对比 ,90
工商管理,吉林大学,605,--,云南,理科,2016,第一批,加入对比 ,90
电子科学与技术,吉林大学,606,--,云南,理科,2016,第一批,加入对比 ,90
地质工程,吉林大学,606,--,云南,理科,2016,第一批,加入对比 ,90
计算机科学与技术,吉林大学,607,--,云南,理科,2016,第一批,加入对比 ,90
软件工程,吉林大学,608,--,云南,理科,2016,第一批,加入对比 ,90
通信工程,吉林大学,611,--,云南,理科,2016,第一批,加入对比 ,90
统计学,吉林大学,611,--,云南,理科,2016,第一批,加入对比 ,90
会计学,吉林大学,618,--,云南,理科,2016,第一批,加入对比 ,90
物理学,吉林大学,618,--,云南,理科,2016,第一批,加入对比 ,90
法学,吉林大学,620,--,云南,理科,2016,第一批,加入对比 ,90
金融学,吉林大学,623,--,云南,理科,2016,第一批,加入对比 ,90
法学,吉林大学,627,--,云南,文科,2016,第一批,加入对比 ,90
通信工程,吉林大学珠海学院,440,--,云南,理科,2016,第三批,加入对比 ,91
材料科学与工程,吉林大学珠海学院,440,--,云南,理科,2016,第三批,加入对比 ,91
车辆工程,吉林大学珠海学院,441,--,云南,理科,2016,第三批,加入对比 ,91
会计学,吉林大学珠海学院,445,--,云南,理科,2016,第三批,加入对比 ,91
机械设计制造及其自动化,吉林大学珠海学院,445,--,云南,理科,2016,第三批,加入对比 ,91
投资学,吉林大学珠海学院,449,--,云南,理科,2016,第三批,加入对比 ,91
工商管理,吉林大学珠海学院,493,--,云南,文科,2016,第三批,加入对比 ,91
朝鲜语,吉林大学珠海学院,493,--,云南,文科,2016,第三批,加入对比 ,91
汉语国际教育,吉林大学珠海学院,500,--,云南,文科,2016,第三批,加入对比 ,91
金融学,吉林大学珠海学院,520,--,云南,文科,2016,第三批,加入对比 ,91
预防医学,吉林大学,430,432,青海,理科,2016,第一批,加入对比 ,91
食品科学与工程,吉林大学,495,523,青海,理科,2016,第一批,加入对比 ,91
地质学,吉林大学,503,507,青海,理科,2016,第一批,加入对比 ,91
测绘工程,吉林大学,505,507,青海,理科,2016,第一批,加入对比 ,91
土木工程,吉林大学,511,516,青海,理科,2016,第一批,加入对比 ,91
资源勘查工程,吉林大学,511,518,青海,理科,2016,第一批,加入对比 ,91
化学,吉林大学,512,513,青海,理科,2016,第一批,加入对比 ,91
信息管理与信息系统,吉林大学,512,513,青海,理科,2016,第一批,加入对比 ,91
工商管理,吉林大学,514,514,青海,理科,2016,第一批,加入对比 ,91
自动化,吉林大学,515,522,青海,理科,2016,第一批,加入对比 ,91
地质工程,吉林大学,516,526,青海,理科,2016,第一批,加入对比 ,91
测控技术与仪器,吉林大学,524,532,青海,理科,2016,第一批,加入对比 ,91
电子科学与技术,吉林大学,528,538,青海,理科,2016,第一批,加入对比 ,91
法学,吉林大学,528,530,青海,文科,2016,第一批,加入对比 ,91
软件工程,吉林大学,530,535,青海,理科,2016,第一批,加入对比 ,91
数学与应用数学,吉林大学,533,541,青海,理科,2016,第一批,加入对比 ,92
计算机科学与技术,吉林大学,535,547,青海,理科,2016,第一批,加入对比 ,92
机械工程,吉林大学,542,566,青海,理科,2016,第一批,加入对比 ,92
电气工程及其自动化,吉林大学,544,546,青海,理科,2016,第一批,加入对比 ,92
通信工程,吉林大学,553,565,青海,理科,2016,第一批,加入对比 ,92
车辆工程,吉林大学,560,567,青海,理科,2016,第一批,加入对比 ,92
食品质量与安全,吉林大学珠海学院,358,358,青海,理科,2016,第三批,加入对比 ,92
中药学,吉林大学珠海学院,361,361,青海,理科,2016,第三批,加入对比 ,92
网络工程,吉林大学珠海学院,378,391,青海,理科,2016,第三批,加入对比 ,92
广告学,吉林大学珠海学院,402,407,青海,文科,2016,第三批,加入对比 ,92
测绘工程,吉林大学,546,--,宁夏,理科,2016,第一批,加入对比 ,92
地质学,吉林大学,547,--,宁夏,理科,2016,第一批,加入对比 ,92
资源勘查工程,吉林大学,549,--,宁夏,理科,2016,第一批,加入对比 ,92
统计学,吉林大学,550,--,宁夏,理科,2016,第一批,加入对比 ,92
农业机械化及其自动化,吉林大学,550,--,宁夏,理科,2016,第一批,加入对比 ,92
信息管理与信息系统,吉林大学,554,--,宁夏,理科,2016,第一批,加入对比 ,92
生物制药,吉林大学,555,--,宁夏,理科,2016,第一批,加入对比 ,92
测控技术与仪器,吉林大学,555,--,宁夏,理科,2016,第一批,加入对比 ,92
材料科学与工程,吉林大学,555,--,宁夏,理科,2016,第一批,加入对比 ,92
交通运输,吉林大学,555,--,宁夏,理科,2016,第一批,加入对比 ,92
电子科学与技术,吉林大学,556,--,宁夏,理科,2016,第一批,加入对比 ,92
电子信息工程,吉林大学,557,--,宁夏,理科,2016,第一批,加入对比 ,92
水文与水资源工程,吉林大学,558,--,宁夏,理科,2016,第一批,加入对比 ,92
金融学,吉林大学,559,--,宁夏,理科,2016,第一批,加入对比 ,92
物理学,吉林大学,562,--,宁夏,理科,2016,第一批,加入对比 ,92
土木工程,吉林大学,562,--,宁夏,理科,2016,第一批,加入对比 ,92
计算机科学与技术,吉林大学,562,--,宁夏,理科,2016,第一批,加入对比 ,92
工商管理,吉林大学,562,--,宁夏,理科,2016,第一批,加入对比 ,92
化学,吉林大学,563,--,宁夏,理科,2016,第一批,加入对比 ,92
信息工程,吉林大学,563,--,宁夏,理科,2016,第一批,加入对比 ,92
电气工程及其自动化,吉林大学,563,--,宁夏,理科,2016,第一批,加入对比 ,92
材料成型及控制工程,吉林大学,565,--,宁夏,理科,2016,第一批,加入对比 ,92
自动化,吉林大学,565,--,宁夏,理科,2016,第一批,加入对比 ,92
软件工程,吉林大学,565,--,宁夏,理科,2016,第一批,加入对比 ,92
农林经济管理,吉林大学,566,--,宁夏,文科,2016,第一批,加入对比 ,92
能源与动力工程,吉林大学,566,--,宁夏,理科,2016,第一批,加入对比 ,92
通信工程,吉林大学,570,--,宁夏,理科,2016,第一批,加入对比 ,92
政治学与行政学,吉林大学,573,--,宁夏,文科,2016,第一批,加入对比 ,92
会计学,吉林大学,574,--,宁夏,理科,2016,第一批,加入对比 ,92
俄语,吉林大学,575,--,宁夏,文科,2016,第一批,加入对比 ,92
文物与博物馆学,吉林大学,577,--,宁夏,文科,2016,第一批,加入对比 ,92
英语,吉林大学,578,--,宁夏,文科,2016,第一批,加入对比 ,92
新闻学,吉林大学,582,--,宁夏,文科,2016,第一批,加入对比 ,92
车辆工程,吉林大学,592,--,宁夏,理科,2016,第一批,加入对比 ,92
法学,吉林大学,594,--,宁夏,文科,2016,第一批,加入对比 ,92
金融学,吉林大学珠海学院,469,--,宁夏,文科,2016,第三批,加入对比 ,92
汉语言文学,吉林大学珠海学院,479,--,宁夏,文科,2016,第三批,加入对比 ,92
会计学,吉林大学珠海学院,482,--,宁夏,文科,2016,第三批,加入对比 ,92
国际政治,吉林大学,570,--,江西,文科,2016,第一批,加入对比 ,92
日语,吉林大学,573,--,江西,文科,2016,第一批,加入对比 ,92
土木工程,吉林大学,562,--,宁夏,理科,2016,第一批,加入对比 ,93
计算机科学与技术,吉林大学,562,--,宁夏,理科,2016,第一批,加入对比 ,93
工商管理,吉林大学,562,--,宁夏,理科,2016,第一批,加入对比 ,93
化学,吉林大学,563,--,宁夏,理科,2016,第一批,加入对比 ,93
信息工程,吉林大学,563,--,宁夏,理科,2016,第一批,加入对比 ,93
电气工程及其自动化,吉林大学,563,--,宁夏,理科,2016,第一批,加入对比 ,93
材料成型及控制工程,吉林大学,565,--,宁夏,理科,2016,第一批,加入对比 ,93
自动化,吉林大学,565,--,宁夏,理科,2016,第一批,加入对比 ,93
软件工程,吉林大学,565,--,宁夏,理科,2016,第一批,加入对比 ,93
农林经济管理,吉林大学,566,--,宁夏,文科,2016,第一批,加入对比 ,93
能源与动力工程,吉林大学,566,--,宁夏,理科,2016,第一批,加入对比 ,93
通信工程,吉林大学,570,--,宁夏,理科,2016,第一批,加入对比 ,93
政治学与行政学,吉林大学,573,--,宁夏,文科,2016,第一批,加入对比 ,93
会计学,吉林大学,574,--,宁夏,理科,2016,第一批,加入对比 ,93
俄语,吉林大学,575,--,宁夏,文科,2016,第一批,加入对比 ,93
文物与博物馆学,吉林大学,577,--,宁夏,文科,2016,第一批,加入对比 ,93
英语,吉林大学,578,--,宁夏,文科,2016,第一批,加入对比 ,93
新闻学,吉林大学,582,--,宁夏,文科,2016,第一批,加入对比 ,93
车辆工程,吉林大学,592,--,宁夏,理科,2016,第一批,加入对比 ,93
法学,吉林大学,594,--,宁夏,文科,2016,第一批,加入对比 ,93
金融学,吉林大学珠海学院,469,--,宁夏,文科,2016,第三批,加入对比 ,93
汉语言文学,吉林大学珠海学院,479,--,宁夏,文科,2016,第三批,加入对比 ,93
会计学,吉林大学珠海学院,482,--,宁夏,文科,2016,第三批,加入对比 ,93
国际政治,吉林大学,570,--,江西,文科,2016,第一批,加入对比 ,93
日语,吉林大学,573,--,江西,文科,2016,第一批,加入对比 ,93
法学,吉林大学,574,--,江西,文科,2016,第一批,加入对比 ,93
土木工程,吉林大学,596,--,江西,理科,2016,第一批,加入对比 ,93
道路桥梁与渡河工程,吉林大学,596,--,江西,理科,2016,第一批,加入对比 ,93
预防医学,吉林大学,597,--,江西,理科,2016,第一批,加入对比 ,93
地理科学,吉林大学,597,--,江西,理科,2016,第一批,加入对比 ,93
生物制药,吉林大学,597,--,江西,理科,2016,第一批,加入对比 ,93
自动化,吉林大学,598,--,江西,理科,2016,第一批,加入对比 ,93
电子科学与技术,吉林大学,598,--,江西,理科,2016,第一批,加入对比 ,93
通信工程,吉林大学,598,--,江西,理科,2016,第一批,加入对比 ,93
食品质量与安全,吉林大学,598,--,江西,理科,2016,第一批,加入对比 ,93
资源勘查工程,吉林大学,598,--,江西,理科,2016,第一批,加入对比 ,93
材料化学,吉林大学,598,--,江西,理科,2016,第一批,加入对比 ,93
放射医学,吉林大学,599,--,江西,理科,2016,第一批,加入对比 ,93
英语,吉林大学,599,--,江西,理科,2016,第一批,加入对比 ,93
信息与计算科学,吉林大学,599,--,江西,理科,2016,第一批,加入对比 ,93
信息管理与信息系统,吉林大学,600,--,江西,理科,2016,第一批,加入对比 ,93
会计学,吉林大学,600,--,江西,理科,2016,第一批,加入对比 ,93
材料成型及控制工程,吉林大学,600,--,江西,理科,2016,第一批,加入对比 ,93
环境工程,吉林大学,600,--,江西,理科,2016,第一批,加入对比 ,93
计算机科学与技术,吉林大学,600,--,江西,理科,2016,第一批,加入对比 ,93
工商管理,吉林大学,601,--,江西,理科,2016,第一批,加入对比 ,93
材料物理,吉林大学,601,--,江西,理科,2016,第一批,加入对比 ,93
材料科学与工程,吉林大学,601,--,江西,理科,2016,第一批,加入对比 ,93
统计学,吉林大学,602,--,江西,理科,2016,第一批,加入对比 ,93
农业机械化及其自动化,吉林大学,602,--,江西,理科,2016,第一批,加入对比 ,93
软件工程,吉林大学,603,--,江西,理科,2016,第一批,加入对比 ,93
能源与动力工程,吉林大学,603,--,江西,理科,2016,第一批,加入对比 ,93
金融学,吉林大学,604,--,江西,理科,2016,第一批,加入对比 ,93
数学与应用数学,吉林大学,607,--,江西,理科,2016,第一批,加入对比 ,93
物理学,吉林大学,607,--,江西,理科,2016,第一批,加入对比 ,93
法学,吉林大学,607,--,江西,理科,2016,第一批,加入对比 ,93
车辆工程,吉林大学,613,--,江西,理科,2016,第一批,加入对比 ,93
网络工程,吉林大学珠海学院,479,--,江西,理科,2016,第二批,加入对比 ,93
自动化,吉林大学珠海学院,479,--,江西,理科,2016,第二批,加入对比 ,93
车辆工程,吉林大学珠海学院,482,--,江西,理科,2016,第二批,加入对比 ,93
食品质量与安全,吉林大学珠海学院,482,--,江西,理科,2016,第二批,加入对比 ,93
计算机科学与技术,吉林大学珠海学院,484,--,江西,理科,2016,第二批,加入对比 ,93
通信工程,吉林大学珠海学院,484,--,江西,理科,2016,第二批,加入对比 ,93
日语,吉林大学珠海学院,488,--,江西,文科,2016,第二批,加入对比 ,93
工商管理,吉林大学珠海学院,489,--,江西,文科,2016,第二批,加入对比 ,93
金融学,吉林大学珠海学院,493,--,江西,文科,2016,第二批,加入对比 ,93
金融学,吉林大学珠海学院,494,--,江西,理科,2016,第二批,加入对比 ,93
会计学,吉林大学珠海学院,497,--,江西,文科,2016,第二批,加入对比 ,93
会计学,吉林大学珠海学院,500,--,江西,理科,2016,第二批,加入对比 ,93
应用化学,吉林大学珠海学院,526,--,江西,理科,2016,第二批,加入对比 ,93
新闻学,吉林大学,627,628,北京,文科,2015,第一批,加入对比 ,93
日语,吉林大学,627,629,北京,文科,2015,第一批,加入对比 ,93
外交学,吉林大学,629,630,北京,文科,2015,第一批,加入对比 ,93
地下水科学与工程,吉林大学,631,631,北京,理科,2015,第一批,加入对比 ,93
考古学,吉林大学,631,639,北京,文科,2015,第一批,加入对比 ,93
法学,吉林大学,574,--,江西,文科,2016,第一批,加入对比 ,94
土木工程,吉林大学,596,--,江西,理科,2016,第一批,加入对比 ,94
道路桥梁与渡河工程,吉林大学,596,--,江西,理科,2016,第一批,加入对比 ,94
预防医学,吉林大学,597,--,江西,理科,2016,第一批,加入对比 ,94
地理科学,吉林大学,597,--,江西,理科,2016,第一批,加入对比 ,94
生物制药,吉林大学,597,--,江西,理科,2016,第一批,加入对比 ,94
自动化,吉林大学,598,--,江西,理科,2016,第一批,加入对比 ,94
电子科学与技术,吉林大学,598,--,江西,理科,2016,第一批,加入对比 ,94
通信工程,吉林大学,598,--,江西,理科,2016,第一批,加入对比 ,94
食品质量与安全,吉林大学,598,--,江西,理科,2016,第一批,加入对比 ,94
资源勘查工程,吉林大学,598,--,江西,理科,2016,第一批,加入对比 ,94
材料化学,吉林大学,598,--,江西,理科,2016,第一批,加入对比 ,94
放射医学,吉林大学,599,--,江西,理科,2016,第一批,加入对比 ,94
英语,吉林大学,599,--,江西,理科,2016,第一批,加入对比 ,94
信息与计算科学,吉林大学,599,--,江西,理科,2016,第一批,加入对比 ,94
信息管理与信息系统,吉林大学,600,--,江西,理科,2016,第一批,加入对比 ,94
会计学,吉林大学,600,--,江西,理科,2016,第一批,加入对比 ,94
材料成型及控制工程,吉林大学,600,--,江西,理科,2016,第一批,加入对比 ,94
环境工程,吉林大学,600,--,江西,理科,2016,第一批,加入对比 ,94
计算机科学与技术,吉林大学,600,--,江西,理科,2016,第一批,加入对比 ,94
工商管理,吉林大学,601,--,江西,理科,2016,第一批,加入对比 ,94
材料物理,吉林大学,601,--,江西,理科,2016,第一批,加入对比 ,94
材料科学与工程,吉林大学,601,--,江西,理科,2016,第一批,加入对比 ,94
统计学,吉林大学,602,--,江西,理科,2016,第一批,加入对比 ,94
农业机械化及其自动化,吉林大学,602,--,江西,理科,2016,第一批,加入对比 ,94
软件工程,吉林大学,603,--,江西,理科,2016,第一批,加入对比 ,94
能源与动力工程,吉林大学,603,--,江西,理科,2016,第一批,加入对比 ,94
金融学,吉林大学,604,--,江西,理科,2016,第一批,加入对比 ,94
数学与应用数学,吉林大学,607,--,江西,理科,2016,第一批,加入对比 ,94
物理学,吉林大学,607,--,江西,理科,2016,第一批,加入对比 ,94
法学,吉林大学,607,--,江西,理科,2016,第一批,加入对比 ,94
车辆工程,吉林大学,613,--,江西,理科,2016,第一批,加入对比 ,94
网络工程,吉林大学珠海学院,479,--,江西,理科,2016,第二批,加入对比 ,94
自动化,吉林大学珠海学院,479,--,江西,理科,2016,第二批,加入对比 ,94
车辆工程,吉林大学珠海学院,482,--,江西,理科,2016,第二批,加入对比 ,94
食品质量与安全,吉林大学珠海学院,482,--,江西,理科,2016,第二批,加入对比 ,94
计算机科学与技术,吉林大学珠海学院,484,--,江西,理科,2016,第二批,加入对比 ,94
通信工程,吉林大学珠海学院,484,--,江西,理科,2016,第二批,加入对比 ,94
日语,吉林大学珠海学院,488,--,江西,文科,2016,第二批,加入对比 ,94
工商管理,吉林大学珠海学院,489,--,江西,文科,2016,第二批,加入对比 ,94
金融学,吉林大学珠海学院,493,--,江西,文科,2016,第二批,加入对比 ,94
金融学,吉林大学珠海学院,494,--,江西,理科,2016,第二批,加入对比 ,94
会计学,吉林大学珠海学院,497,--,江西,文科,2016,第二批,加入对比 ,94
会计学,吉林大学珠海学院,500,--,江西,理科,2016,第二批,加入对比 ,94
应用化学,吉林大学珠海学院,526,--,江西,理科,2016,第二批,加入对比 ,94
新闻学,吉林大学,627,628,北京,文科,2015,第一批,加入对比 ,94
日语,吉林大学,627,629,北京,文科,2015,第一批,加入对比 ,94
外交学,吉林大学,629,630,北京,文科,2015,第一批,加入对比 ,94
地下水科学与工程,吉林大学,631,631,北京,理科,2015,第一批,加入对比 ,94
考古学,吉林大学,631,639,北京,文科,2015,第一批,加入对比 ,94
环境科学,吉林大学,633,635,北京,理科,2015,第一批,加入对比 ,94
资源勘查工程,吉林大学,633,636,北京,理科,2015,第一批,加入对比 ,94
物理学类,吉林大学,634,637,北京,理科,2015,第一批,加入对比 ,94
制药工程,吉林大学,636,636,北京,理科,2015,第一批,加入对比 ,94
高分子材料与工程,吉林大学,636,638,北京,理科,2015,第一批,加入对比 ,94
统计学,吉林大学,636,637,北京,理科,2015,第一批,加入对比 ,94
工商管理,吉林大学,637,638,北京,理科,2015,第一批,加入对比 ,94
通信工程,吉林大学,637,638,北京,理科,2015,第一批,加入对比 ,94
经济学,吉林大学,638,640,北京,理科,2015,第一批,加入对比 ,94
金融学,吉林大学,638,639,北京,文科,2015,第一批,加入对比 ,94
机械工程,吉林大学,639,642,北京,理科,2015,第一批,加入对比 ,94
计算机科学与技术,吉林大学,640,643,北京,理科,2015,第一批,加入对比 ,94
车辆工程,吉林大学,643,644,北京,理科,2015,第一批,加入对比 ,94
金融数学,吉林大学,646,649,北京,理科,2015,第一批,加入对比 ,94
化学,吉林大学,655,673,北京,理科,2015,第一批,加入对比 ,94
计算机科学与技术,吉林大学珠海学院,477,477,北京,理科,2015,第三批,加入对比 ,94
会计学,吉林大学珠海学院,500,500,北京,文科,2015,第三批,加入对比 ,94
物理学类,吉林大学,582,589,天津,理科,2015,第一批,加入对比 ,94
社会学,吉林大学,603,604,天津,文科,2015,第一批,加入对比 ,94
英语,吉林大学,604,604,天津,文科,2015,第一批,加入对比 ,94
广告学,吉林大学,605,606,天津,文科,2015,第一批,加入对比 ,94
哲学,吉林大学,605,611,天津,文科,2015,第一批,加入对比 ,94
经济学,吉林大学,607,608,天津,文科,2015,第一批,加入对比 ,94
金融学,吉林大学,611,614,天津,文科,2015,第一批,加入对比 ,94
外交学,吉林大学,612,612,天津,文科,2015,第一批,加入对比 ,94
汽车服务工程,吉林大学,613,614,天津,理科,2015,第一批,加入对比 ,94
法学,吉林大学,614,615,天津,文科,2015,第一批,加入对比 ,94
光电信息科学与工程,吉林大学,614,614,天津,理科,2015,第一批,加入对比 ,94
信息工程,吉林大学,614,614,天津,理科,2015,第一批,加入对比 ,94
材料成型及控制工程,吉林大学,614,615,天津,理科,2015,第一批,加入对比 ,94
地质工程,吉林大学,614,618,天津,理科,2015,第一批,加入对比 ,94
软件工程,吉林大学,615,618,天津,理科,2015,第一批,加入对比 ,94
工程管理,吉林大学,615,617,天津,理科,2015,第一批,加入对比 ,94
物联网工程,吉林大学,615,616,天津,理科,2015,第一批,加入对比 ,94
工业工程,吉林大学,615,615,天津,理科,2015,第一批,加入对比 ,94
无机非金属材料工程,吉林大学,616,617,天津,理科,2015,第一批,加入对比 ,94
制药工程,吉林大学,616,617,天津,理科,2015,第一批,加入对比 ,94
计算机科学与技术,吉林大学,616,618,天津,理科,2015,第一批,加入对比 ,94
物流工程,吉林大学,618,623,天津,理科,2015,第一批,加入对比 ,94
临床药学,吉林大学,618,621,天津,理科,2015,第一批,加入对比 ,94
电子科学与技术,吉林大学,618,618,天津,理科,2015,第一批,加入对比 ,94
土木工程,吉林大学,618,620,天津,理科,2015,第一批,加入对比 ,94
机械工程,吉林大学,619,622,天津,理科,2015,第一批,加入对比 ,94
通信工程,吉林大学,619,625,天津,理科,2015,第一批,加入对比 ,94
微电子科学与工程,吉林大学,619,620,天津,理科,2015,第一批,加入对比 ,94
材料科学与工程,吉林大学,619,626,天津,理科,2015,第一批,加入对比 ,94
自动化,吉林大学,620,625,天津,理科,2015,第一批,加入对比 ,94
电子信息工程,吉林大学,620,622,天津,理科,2015,第一批,加入对比 ,94
交通运输,吉林大学,622,628,天津,理科,2015,第一批,加入对比 ,94
统计学,吉林大学,622,623,天津,理科,2015,第一批,加入对比 ,94
软件工程,吉林大学,603,--,江西,理科,2016,第一批,加入对比 ,95
能源与动力工程,吉林大学,603,--,江西,理科,2016,第一批,加入对比 ,95
金融学,吉林大学,604,--,江西,理科,2016,第一批,加入对比 ,95
数学与应用数学,吉林大学,607,--,江西,理科,2016,第一批,加入对比 ,95
物理学,吉林大学,607,--,江西,理科,2016,第一批,加入对比 ,95
法学,吉林大学,607,--,江西,理科,2016,第一批,加入对比 ,95
车辆工程,吉林大学,613,--,江西,理科,2016,第一批,加入对比 ,95
网络工程,吉林大学珠海学院,479,--,江西,理科,2016,第二批,加入对比 ,95
自动化,吉林大学珠海学院,479,--,江西,理科,2016,第二批,加入对比 ,95
车辆工程,吉林大学珠海学院,482,--,江西,理科,2016,第二批,加入对比 ,95
食品质量与安全,吉林大学珠海学院,482,--,江西,理科,2016,第二批,加入对比 ,95
计算机科学与技术,吉林大学珠海学院,484,--,江西,理科,2016,第二批,加入对比 ,95
通信工程,吉林大学珠海学院,484,--,江西,理科,2016,第二批,加入对比 ,95
日语,吉林大学珠海学院,488,--,江西,文科,2016,第二批,加入对比 ,95
工商管理,吉林大学珠海学院,489,--,江西,文科,2016,第二批,加入对比 ,95
金融学,吉林大学珠海学院,493,--,江西,文科,2016,第二批,加入对比 ,95
金融学,吉林大学珠海学院,494,--,江西,理科,2016,第二批,加入对比 ,95
会计学,吉林大学珠海学院,497,--,江西,文科,2016,第二批,加入对比 ,95
会计学,吉林大学珠海学院,500,--,江西,理科,2016,第二批,加入对比 ,95
应用化学,吉林大学珠海学院,526,--,江西,理科,2016,第二批,加入对比 ,95
新闻学,吉林大学,627,628,北京,文科,2015,第一批,加入对比 ,95
日语,吉林大学,627,629,北京,文科,2015,第一批,加入对比 ,95
外交学,吉林大学,629,630,北京,文科,2015,第一批,加入对比 ,95
地下水科学与工程,吉林大学,631,631,北京,理科,2015,第一批,加入对比 ,95
考古学,吉林大学,631,639,北京,文科,2015,第一批,加入对比 ,95
环境科学,吉林大学,633,635,北京,理科,2015,第一批,加入对比 ,95
资源勘查工程,吉林大学,633,636,北京,理科,2015,第一批,加入对比 ,95
物理学类,吉林大学,634,637,北京,理科,2015,第一批,加入对比 ,95
制药工程,吉林大学,636,636,北京,理科,2015,第一批,加入对比 ,95
高分子材料与工程,吉林大学,636,638,北京,理科,2015,第一批,加入对比 ,95
统计学,吉林大学,636,637,北京,理科,2015,第一批,加入对比 ,95
工商管理,吉林大学,637,638,北京,理科,2015,第一批,加入对比 ,95
通信工程,吉林大学,637,638,北京,理科,2015,第一批,加入对比 ,95
经济学,吉林大学,638,640,北京,理科,2015,第一批,加入对比 ,95
金融学,吉林大学,638,639,北京,文科,2015,第一批,加入对比 ,95
机械工程,吉林大学,639,642,北京,理科,2015,第一批,加入对比 ,95
计算机科学与技术,吉林大学,640,643,北京,理科,2015,第一批,加入对比 ,95
车辆工程,吉林大学,643,644,北京,理科,2015,第一批,加入对比 ,95
金融数学,吉林大学,646,649,北京,理科,2015,第一批,加入对比 ,95
化学,吉林大学,655,673,北京,理科,2015,第一批,加入对比 ,95
计算机科学与技术,吉林大学珠海学院,477,477,北京,理科,2015,第三批,加入对比 ,95
会计学,吉林大学珠海学院,500,500,北京,文科,2015,第三批,加入对比 ,95
物理学类,吉林大学,582,589,天津,理科,2015,第一批,加入对比 ,95
社会学,吉林大学,603,604,天津,文科,2015,第一批,加入对比 ,95
英语,吉林大学,604,604,天津,文科,2015,第一批,加入对比 ,95
广告学,吉林大学,605,606,天津,文科,2015,第一批,加入对比 ,95
哲学,吉林大学,605,611,天津,文科,2015,第一批,加入对比 ,95
经济学,吉林大学,607,608,天津,文科,2015,第一批,加入对比 ,95
金融学,吉林大学,611,614,天津,文科,2015,第一批,加入对比 ,95
外交学,吉林大学,612,612,天津,文科,2015,第一批,加入对比 ,95
汽车服务工程,吉林大学,613,614,天津,理科,2015,第一批,加入对比 ,95
法学,吉林大学,614,615,天津,文科,2015,第一批,加入对比 ,95
光电信息科学与工程,吉林大学,614,614,天津,理科,2015,第一批,加入对比 ,95
信息工程,吉林大学,614,614,天津,理科,2015,第一批,加入对比 ,95
材料成型及控制工程,吉林大学,614,615,天津,理科,2015,第一批,加入对比 ,95
地质工程,吉林大学,614,618,天津,理科,2015,第一批,加入对比 ,95
软件工程,吉林大学,615,618,天津,理科,2015,第一批,加入对比 ,95
工程管理,吉林大学,615,617,天津,理科,2015,第一批,加入对比 ,95
物联网工程,吉林大学,615,616,天津,理科,2015,第一批,加入对比 ,95
工业工程,吉林大学,615,615,天津,理科,2015,第一批,加入对比 ,95
无机非金属材料工程,吉林大学,616,617,天津,理科,2015,第一批,加入对比 ,95
制药工程,吉林大学,616,617,天津,理科,2015,第一批,加入对比 ,95
计算机科学与技术,吉林大学,616,618,天津,理科,2015,第一批,加入对比 ,95
物流工程,吉林大学,618,623,天津,理科,2015,第一批,加入对比 ,95
临床药学,吉林大学,618,621,天津,理科,2015,第一批,加入对比 ,95
电子科学与技术,吉林大学,618,618,天津,理科,2015,第一批,加入对比 ,95
土木工程,吉林大学,618,620,天津,理科,2015,第一批,加入对比 ,95
机械工程,吉林大学,619,622,天津,理科,2015,第一批,加入对比 ,95
通信工程,吉林大学,619,625,天津,理科,2015,第一批,加入对比 ,95
微电子科学与工程,吉林大学,619,620,天津,理科,2015,第一批,加入对比 ,95
材料科学与工程,吉林大学,619,626,天津,理科,2015,第一批,加入对比 ,95
自动化,吉林大学,620,625,天津,理科,2015,第一批,加入对比 ,95
电子信息工程,吉林大学,620,622,天津,理科,2015,第一批,加入对比 ,95
交通运输,吉林大学,622,628,天津,理科,2015,第一批,加入对比 ,95
统计学,吉林大学,622,623,天津,理科,2015,第一批,加入对比 ,95
化学,吉林大学,623,626,天津,理科,2015,第一批,加入对比 ,95
信息与计算科学,吉林大学,625,632,天津,理科,2015,第一批,加入对比 ,95
财政学,吉林大学,625,632,天津,理科,2015,第一批,加入对比 ,95
车辆工程,吉林大学,628,636,天津,理科,2015,第一批,加入对比 ,95
金融学,吉林大学,629,630,天津,理科,2015,第一批,加入对比 ,95
会计学,吉林大学,629,630,天津,理科,2015,第一批,加入对比 ,95
汽车服务工程,吉林大学珠海学院,387,387,天津,理科,2015,第三批,加入对比 ,95
广告学,吉林大学珠海学院,393,393,天津,文科,2015,第三批,加入对比 ,95
药物制剂,吉林大学珠海学院,394,394,天津,理科,2015,第三批,加入对比 ,95
车辆工程,吉林大学珠海学院,394,394,天津,理科,2015,第三批,加入对比 ,95
化学工程与工艺,吉林大学珠海学院,395,395,天津,理科,2015,第三批,加入对比 ,95
微电子科学与工程,吉林大学珠海学院,396,396,天津,理科,2015,第三批,加入对比 ,95
通信工程,吉林大学珠海学院,396,396,天津,理科,2015,第三批,加入对比 ,95
制药工程,吉林大学珠海学院,402,402,天津,理科,2015,第三批,加入对比 ,95
软件工程,吉林大学珠海学院,402,407,天津,理科,2015,第三批,加入对比 ,95
机械设计制造及其自动化,吉林大学珠海学院,404,404,天津,理科,2015,第三批,加入对比 ,95
市场营销,吉林大学,408,417,辽宁,理科,2015,专科,加入对比 ,95
农业资源与环境,吉林大学,529,558,辽宁,理科,2015,第一批,加入对比 ,95
物理学类,吉林大学,530,563,辽宁,理科,2015,第一批,加入对比 ,95
农学,吉林大学,550,568,辽宁,理科,2015,第一批,加入对比 ,95
园艺,吉林大学,567,578,辽宁,理科,2015,第一批,加入对比 ,95
水文与水资源工程,吉林大学,576,580,辽宁,理科,2015,第一批,加入对比 ,95
软件工程,吉林大学,577,589,辽宁,理科,2015,第一批,加入对比 ,95
地质学,吉林大学,579,580,辽宁,理科,2015,第一批,加入对比 ,95
地球物理学,吉林大学,579,580,辽宁,理科,2015,第一批,加入对比 ,95
地理科学,吉林大学,579,580,辽宁,理科,2015,第一批,加入对比 ,95
勘查技术与工程,吉林大学,579,588,辽宁,理科,2015,第一批,加入对比 ,95
农林经济管理,吉林大学,579,580,辽宁,理科,2015,第一批,加入对比 ,95
地理信息科学,吉林大学,580,581,辽宁,理科,2015,第一批,加入对比 ,95
道路桥梁与渡河工程,吉林大学,580,582,辽宁,理科,2015,第一批,加入对比 ,95
环境科学,吉林大学,581,588,辽宁,理科,2015,第一批,加入对比 ,95
制药工程,吉林大学,581,582,辽宁,理科,2015,第一批,加入对比 ,95
物流工程,吉林大学,582,582,辽宁,理科,2015,第一批,加入对比 ,95
包装工程,吉林大学,582,583,辽宁,理科,2015,第一批,加入对比 ,95
核物理,吉林大学,582,584,辽宁,理科,2015,第一批,加入对比 ,95
测绘工程,吉林大学,582,587,辽宁,理科,2015,第一批,加入对比 ,95
测控技术与仪器,吉林大学,583,587,辽宁,理科,2015,第一批,加入对比 ,95
资源勘查工程,吉林大学,583,590,辽宁,理科,2015,第一批,加入对比 ,95
地下水科学与工程,吉林大学,583,588,辽宁,理科,2015,第一批,加入对比 ,95
环境工程,吉林大学,584,586,辽宁,理科,2015,第一批,加入对比 ,95
信息工程,吉林大学,584,588,辽宁,理科,2015,第一批,加入对比 ,95
无机非金属材料工程,吉林大学,585,585,辽宁,理科,2015,第一批,加入对比 ,95
应用物理学,吉林大学,586,590,辽宁,理科,2015,第一批,加入对比 ,95
日语,吉林大学,586,607,辽宁,理科,2015,第一批,加入对比 ,95
交通工程,吉林大学,586,591,辽宁,理科,2015,第一批,加入对比 ,95
工业工程,吉林大学,586,592,辽宁,理科,2015,第一批,加入对比 ,95
材料物理,吉林大学,586,587,辽宁,理科,2015,第一批,加入对比 ,95
食品质量与安全,吉林大学,586,589,辽宁,理科,2015,第一批,加入对比 ,95
工程管理,吉林大学,586,597,辽宁,理科,2015,第一批,加入对比 ,95
工程力学,吉林大学,587,591,辽宁,理科,2015,第一批,加入对比 ,95
环境科学,吉林大学,633,635,北京,理科,2015,第一批,加入对比 ,96
资源勘查工程,吉林大学,633,636,北京,理科,2015,第一批,加入对比 ,96
物理学类,吉林大学,634,637,北京,理科,2015,第一批,加入对比 ,96
制药工程,吉林大学,636,636,北京,理科,2015,第一批,加入对比 ,96
高分子材料与工程,吉林大学,636,638,北京,理科,2015,第一批,加入对比 ,96
统计学,吉林大学,636,637,北京,理科,2015,第一批,加入对比 ,96
工商管理,吉林大学,637,638,北京,理科,2015,第一批,加入对比 ,96
通信工程,吉林大学,637,638,北京,理科,2015,第一批,加入对比 ,96
经济学,吉林大学,638,640,北京,理科,2015,第一批,加入对比 ,96
金融学,吉林大学,638,639,北京,文科,2015,第一批,加入对比 ,96
机械工程,吉林大学,639,642,北京,理科,2015,第一批,加入对比 ,96
计算机科学与技术,吉林大学,640,643,北京,理科,2015,第一批,加入对比 ,96
车辆工程,吉林大学,643,644,北京,理科,2015,第一批,加入对比 ,96
金融数学,吉林大学,646,649,北京,理科,2015,第一批,加入对比 ,96
化学,吉林大学,655,673,北京,理科,2015,第一批,加入对比 ,96
计算机科学与技术,吉林大学珠海学院,477,477,北京,理科,2015,第三批,加入对比 ,96
会计学,吉林大学珠海学院,500,500,北京,文科,2015,第三批,加入对比 ,96
物理学类,吉林大学,582,589,天津,理科,2015,第一批,加入对比 ,96
社会学,吉林大学,603,604,天津,文科,2015,第一批,加入对比 ,96
英语,吉林大学,604,604,天津,文科,2015,第一批,加入对比 ,96
广告学,吉林大学,605,606,天津,文科,2015,第一批,加入对比 ,96
哲学,吉林大学,605,611,天津,文科,2015,第一批,加入对比 ,96
经济学,吉林大学,607,608,天津,文科,2015,第一批,加入对比 ,96
金融学,吉林大学,611,614,天津,文科,2015,第一批,加入对比 ,96
外交学,吉林大学,612,612,天津,文科,2015,第一批,加入对比 ,96
汽车服务工程,吉林大学,613,614,天津,理科,2015,第一批,加入对比 ,96
法学,吉林大学,614,615,天津,文科,2015,第一批,加入对比 ,96
光电信息科学与工程,吉林大学,614,614,天津,理科,2015,第一批,加入对比 ,96
信息工程,吉林大学,614,614,天津,理科,2015,第一批,加入对比 ,96
材料成型及控制工程,吉林大学,614,615,天津,理科,2015,第一批,加入对比 ,96
地质工程,吉林大学,614,618,天津,理科,2015,第一批,加入对比 ,96
软件工程,吉林大学,615,618,天津,理科,2015,第一批,加入对比 ,96
工程管理,吉林大学,615,617,天津,理科,2015,第一批,加入对比 ,96
物联网工程,吉林大学,615,616,天津,理科,2015,第一批,加入对比 ,96
工业工程,吉林大学,615,615,天津,理科,2015,第一批,加入对比 ,96
无机非金属材料工程,吉林大学,616,617,天津,理科,2015,第一批,加入对比 ,96
制药工程,吉林大学,616,617,天津,理科,2015,第一批,加入对比 ,96
计算机科学与技术,吉林大学,616,618,天津,理科,2015,第一批,加入对比 ,96
物流工程,吉林大学,618,623,天津,理科,2015,第一批,加入对比 ,96
临床药学,吉林大学,618,621,天津,理科,2015,第一批,加入对比 ,96
电子科学与技术,吉林大学,618,618,天津,理科,2015,第一批,加入对比 ,96
土木工程,吉林大学,618,620,天津,理科,2015,第一批,加入对比 ,96
机械工程,吉林大学,619,622,天津,理科,2015,第一批,加入对比 ,96
通信工程,吉林大学,619,625,天津,理科,2015,第一批,加入对比 ,96
微电子科学与工程,吉林大学,619,620,天津,理科,2015,第一批,加入对比 ,96
材料科学与工程,吉林大学,619,626,天津,理科,2015,第一批,加入对比 ,96
自动化,吉林大学,620,625,天津,理科,2015,第一批,加入对比 ,96
电子信息工程,吉林大学,620,622,天津,理科,2015,第一批,加入对比 ,96
交通运输,吉林大学,622,628,天津,理科,2015,第一批,加入对比 ,96
统计学,吉林大学,622,623,天津,理科,2015,第一批,加入对比 ,96
化学,吉林大学,623,626,天津,理科,2015,第一批,加入对比 ,96
信息与计算科学,吉林大学,625,632,天津,理科,2015,第一批,加入对比 ,96
财政学,吉林大学,625,632,天津,理科,2015,第一批,加入对比 ,96
车辆工程,吉林大学,628,636,天津,理科,2015,第一批,加入对比 ,96
金融学,吉林大学,629,630,天津,理科,2015,第一批,加入对比 ,96
会计学,吉林大学,629,630,天津,理科,2015,第一批,加入对比 ,96
汽车服务工程,吉林大学珠海学院,387,387,天津,理科,2015,第三批,加入对比 ,96
广告学,吉林大学珠海学院,393,393,天津,文科,2015,第三批,加入对比 ,96
药物制剂,吉林大学珠海学院,394,394,天津,理科,2015,第三批,加入对比 ,96
车辆工程,吉林大学珠海学院,394,394,天津,理科,2015,第三批,加入对比 ,96
化学工程与工艺,吉林大学珠海学院,395,395,天津,理科,2015,第三批,加入对比 ,96
微电子科学与工程,吉林大学珠海学院,396,396,天津,理科,2015,第三批,加入对比 ,96
通信工程,吉林大学珠海学院,396,396,天津,理科,2015,第三批,加入对比 ,96
制药工程,吉林大学珠海学院,402,402,天津,理科,2015,第三批,加入对比 ,96
软件工程,吉林大学珠海学院,402,407,天津,理科,2015,第三批,加入对比 ,96
机械设计制造及其自动化,吉林大学珠海学院,404,404,天津,理科,2015,第三批,加入对比 ,96
市场营销,吉林大学,408,417,辽宁,理科,2015,专科,加入对比 ,96
农业资源与环境,吉林大学,529,558,辽宁,理科,2015,第一批,加入对比 ,96
物理学类,吉林大学,530,563,辽宁,理科,2015,第一批,加入对比 ,96
农学,吉林大学,550,568,辽宁,理科,2015,第一批,加入对比 ,96
园艺,吉林大学,567,578,辽宁,理科,2015,第一批,加入对比 ,96
水文与水资源工程,吉林大学,576,580,辽宁,理科,2015,第一批,加入对比 ,96
软件工程,吉林大学,577,589,辽宁,理科,2015,第一批,加入对比 ,96
地质学,吉林大学,579,580,辽宁,理科,2015,第一批,加入对比 ,96
地球物理学,吉林大学,579,580,辽宁,理科,2015,第一批,加入对比 ,96
地理科学,吉林大学,579,580,辽宁,理科,2015,第一批,加入对比 ,96
勘查技术与工程,吉林大学,579,588,辽宁,理科,2015,第一批,加入对比 ,96
农林经济管理,吉林大学,579,580,辽宁,理科,2015,第一批,加入对比 ,96
地理信息科学,吉林大学,580,581,辽宁,理科,2015,第一批,加入对比 ,96
道路桥梁与渡河工程,吉林大学,580,582,辽宁,理科,2015,第一批,加入对比 ,96
环境科学,吉林大学,581,588,辽宁,理科,2015,第一批,加入对比 ,96
制药工程,吉林大学,581,582,辽宁,理科,2015,第一批,加入对比 ,96
物流工程,吉林大学,582,582,辽宁,理科,2015,第一批,加入对比 ,96
包装工程,吉林大学,582,583,辽宁,理科,2015,第一批,加入对比 ,96
核物理,吉林大学,582,584,辽宁,理科,2015,第一批,加入对比 ,96
测绘工程,吉林大学,582,587,辽宁,理科,2015,第一批,加入对比 ,96
测控技术与仪器,吉林大学,583,587,辽宁,理科,2015,第一批,加入对比 ,96
资源勘查工程,吉林大学,583,590,辽宁,理科,2015,第一批,加入对比 ,96
地下水科学与工程,吉林大学,583,588,辽宁,理科,2015,第一批,加入对比 ,96
环境工程,吉林大学,584,586,辽宁,理科,2015,第一批,加入对比 ,96
信息工程,吉林大学,584,588,辽宁,理科,2015,第一批,加入对比 ,96
无机非金属材料工程,吉林大学,585,585,辽宁,理科,2015,第一批,加入对比 ,96
应用物理学,吉林大学,586,590,辽宁,理科,2015,第一批,加入对比 ,96
日语,吉林大学,586,607,辽宁,理科,2015,第一批,加入对比 ,96
交通工程,吉林大学,586,591,辽宁,理科,2015,第一批,加入对比 ,96
工业工程,吉林大学,586,592,辽宁,理科,2015,第一批,加入对比 ,96
材料物理,吉林大学,586,587,辽宁,理科,2015,第一批,加入对比 ,96
食品质量与安全,吉林大学,586,589,辽宁,理科,2015,第一批,加入对比 ,96
工程管理,吉林大学,586,597,辽宁,理科,2015,第一批,加入对比 ,96
工程力学,吉林大学,587,591,辽宁,理科,2015,第一批,加入对比 ,96
广告学,吉林大学,588,596,辽宁,理科,2015,第一批,加入对比 ,96
食品科学与工程,吉林大学,588,589,辽宁,理科,2015,第一批,加入对比 ,96
土木工程,吉林大学,588,594,辽宁,理科,2015,第一批,加入对比 ,96
物联网工程,吉林大学,589,596,辽宁,理科,2015,第一批,加入对比 ,96
材料化学,吉林大学,589,592,辽宁,理科,2015,第一批,加入对比 ,96
生物科学,吉林大学,589,599,辽宁,理科,2015,第一批,加入对比 ,96
物理学,吉林大学,591,597,辽宁,理科,2015,第一批,加入对比 ,96
地质工程,吉林大学,591,602,辽宁,理科,2015,第一批,加入对比 ,96
高分子材料与工程,吉林大学,592,594,辽宁,理科,2015,第一批,加入对比 ,96
电子信息工程,吉林大学,593,597,辽宁,理科,2015,第一批,加入对比 ,96
自动化,吉林大学,593,607,辽宁,理科,2015,第一批,加入对比 ,96
药物制剂,吉林大学,593,600,辽宁,理科,2015,第一批,加入对比 ,96
应用化学,吉林大学,595,598,辽宁,理科,2015,第一批,加入对比 ,96
朝鲜语,吉林大学,596,598,辽宁,文科,2015,第一批,加入对比 ,96
工商管理,吉林大学,596,620,辽宁,理科,2015,第一批,加入对比 ,96
统计学,吉林大学,596,597,辽宁,理科,2015,第一批,加入对比 ,96
农林经济管理,吉林大学,597,597,辽宁,文科,2015,第一批,加入对比 ,96
俄语,吉林大学,597,599,辽宁,文科,2015,第一批,加入对比 ,96
机械工程,吉林大学,597,605,辽宁,理科,2015,第一批,加入对比 ,96
哲学,吉林大学,597,598,辽宁,文科,2015,第一批,加入对比 ,96
英语,吉林大学,598,602,辽宁,理科,2015,第一批,加入对比 ,96
文物与博物馆学,吉林大学,598,599,辽宁,文科,2015,第一批,加入对比 ,96
外交学,吉林大学,599,600,辽宁,文科,2015,第一批,加入对比 ,96
西班牙语,吉林大学,599,602,辽宁,文科,2015,第一批,加入对比 ,96
英语,吉林大学,599,601,辽宁,文科,2015,第一批,加入对比 ,96
汽车服务工程,吉林大学,613,614,天津,理科,2015,第一批,加入对比 ,97
法学,吉林大学,614,615,天津,文科,2015,第一批,加入对比 ,97
光电信息科学与工程,吉林大学,614,614,天津,理科,2015,第一批,加入对比 ,97
信息工程,吉林大学,614,614,天津,理科,2015,第一批,加入对比 ,97
材料成型及控制工程,吉林大学,614,615,天津,理科,2015,第一批,加入对比 ,97
地质工程,吉林大学,614,618,天津,理科,2015,第一批,加入对比 ,97
软件工程,吉林大学,615,618,天津,理科,2015,第一批,加入对比 ,97
工程管理,吉林大学,615,617,天津,理科,2015,第一批,加入对比 ,97
物联网工程,吉林大学,615,616,天津,理科,2015,第一批,加入对比 ,97
工业工程,吉林大学,615,615,天津,理科,2015,第一批,加入对比 ,97
无机非金属材料工程,吉林大学,616,617,天津,理科,2015,第一批,加入对比 ,97
制药工程,吉林大学,616,617,天津,理科,2015,第一批,加入对比 ,97
计算机科学与技术,吉林大学,616,618,天津,理科,2015,第一批,加入对比 ,97
物流工程,吉林大学,618,623,天津,理科,2015,第一批,加入对比 ,97
临床药学,吉林大学,618,621,天津,理科,2015,第一批,加入对比 ,97
电子科学与技术,吉林大学,618,618,天津,理科,2015,第一批,加入对比 ,97
土木工程,吉林大学,618,620,天津,理科,2015,第一批,加入对比 ,97
机械工程,吉林大学,619,622,天津,理科,2015,第一批,加入对比 ,97
通信工程,吉林大学,619,625,天津,理科,2015,第一批,加入对比 ,97
微电子科学与工程,吉林大学,619,620,天津,理科,2015,第一批,加入对比 ,97
材料科学与工程,吉林大学,619,626,天津,理科,2015,第一批,加入对比 ,97
自动化,吉林大学,620,625,天津,理科,2015,第一批,加入对比 ,97
电子信息工程,吉林大学,620,622,天津,理科,2015,第一批,加入对比 ,97
交通运输,吉林大学,622,628,天津,理科,2015,第一批,加入对比 ,97
统计学,吉林大学,622,623,天津,理科,2015,第一批,加入对比 ,97
化学,吉林大学,623,626,天津,理科,2015,第一批,加入对比 ,97
信息与计算科学,吉林大学,625,632,天津,理科,2015,第一批,加入对比 ,97
财政学,吉林大学,625,632,天津,理科,2015,第一批,加入对比 ,97
车辆工程,吉林大学,628,636,天津,理科,2015,第一批,加入对比 ,97
金融学,吉林大学,629,630,天津,理科,2015,第一批,加入对比 ,97
会计学,吉林大学,629,630,天津,理科,2015,第一批,加入对比 ,97
汽车服务工程,吉林大学珠海学院,387,387,天津,理科,2015,第三批,加入对比 ,97
广告学,吉林大学珠海学院,393,393,天津,文科,2015,第三批,加入对比 ,97
药物制剂,吉林大学珠海学院,394,394,天津,理科,2015,第三批,加入对比 ,97
车辆工程,吉林大学珠海学院,394,394,天津,理科,2015,第三批,加入对比 ,97
化学工程与工艺,吉林大学珠海学院,395,395,天津,理科,2015,第三批,加入对比 ,97
微电子科学与工程,吉林大学珠海学院,396,396,天津,理科,2015,第三批,加入对比 ,97
通信工程,吉林大学珠海学院,396,396,天津,理科,2015,第三批,加入对比 ,97
制药工程,吉林大学珠海学院,402,402,天津,理科,2015,第三批,加入对比 ,97
软件工程,吉林大学珠海学院,402,407,天津,理科,2015,第三批,加入对比 ,97
机械设计制造及其自动化,吉林大学珠海学院,404,404,天津,理科,2015,第三批,加入对比 ,97
市场营销,吉林大学,408,417,辽宁,理科,2015,专科,加入对比 ,97
农业资源与环境,吉林大学,529,558,辽宁,理科,2015,第一批,加入对比 ,97
物理学类,吉林大学,530,563,辽宁,理科,2015,第一批,加入对比 ,97
农学,吉林大学,550,568,辽宁,理科,2015,第一批,加入对比 ,97
园艺,吉林大学,567,578,辽宁,理科,2015,第一批,加入对比 ,97
水文与水资源工程,吉林大学,576,580,辽宁,理科,2015,第一批,加入对比 ,97
软件工程,吉林大学,577,589,辽宁,理科,2015,第一批,加入对比 ,97
地质学,吉林大学,579,580,辽宁,理科,2015,第一批,加入对比 ,97
地球物理学,吉林大学,579,580,辽宁,理科,2015,第一批,加入对比 ,97
地理科学,吉林大学,579,580,辽宁,理科,2015,第一批,加入对比 ,97
勘查技术与工程,吉林大学,579,588,辽宁,理科,2015,第一批,加入对比 ,97
农林经济管理,吉林大学,579,580,辽宁,理科,2015,第一批,加入对比 ,97
地理信息科学,吉林大学,580,581,辽宁,理科,2015,第一批,加入对比 ,97
道路桥梁与渡河工程,吉林大学,580,582,辽宁,理科,2015,第一批,加入对比 ,97
环境科学,吉林大学,581,588,辽宁,理科,2015,第一批,加入对比 ,97
制药工程,吉林大学,581,582,辽宁,理科,2015,第一批,加入对比 ,97
物流工程,吉林大学,582,582,辽宁,理科,2015,第一批,加入对比 ,97
包装工程,吉林大学,582,583,辽宁,理科,2015,第一批,加入对比 ,97
核物理,吉林大学,582,584,辽宁,理科,2015,第一批,加入对比 ,97
测绘工程,吉林大学,582,587,辽宁,理科,2015,第一批,加入对比 ,97
测控技术与仪器,吉林大学,583,587,辽宁,理科,2015,第一批,加入对比 ,97
资源勘查工程,吉林大学,583,590,辽宁,理科,2015,第一批,加入对比 ,97
地下水科学与工程,吉林大学,583,588,辽宁,理科,2015,第一批,加入对比 ,97
环境工程,吉林大学,584,586,辽宁,理科,2015,第一批,加入对比 ,97
信息工程,吉林大学,584,588,辽宁,理科,2015,第一批,加入对比 ,97
无机非金属材料工程,吉林大学,585,585,辽宁,理科,2015,第一批,加入对比 ,97
应用物理学,吉林大学,586,590,辽宁,理科,2015,第一批,加入对比 ,97
日语,吉林大学,586,607,辽宁,理科,2015,第一批,加入对比 ,97
交通工程,吉林大学,586,591,辽宁,理科,2015,第一批,加入对比 ,97
工业工程,吉林大学,586,592,辽宁,理科,2015,第一批,加入对比 ,97
材料物理,吉林大学,586,587,辽宁,理科,2015,第一批,加入对比 ,97
食品质量与安全,吉林大学,586,589,辽宁,理科,2015,第一批,加入对比 ,97
工程管理,吉林大学,586,597,辽宁,理科,2015,第一批,加入对比 ,97
工程力学,吉林大学,587,591,辽宁,理科,2015,第一批,加入对比 ,97
广告学,吉林大学,588,596,辽宁,理科,2015,第一批,加入对比 ,97
食品科学与工程,吉林大学,588,589,辽宁,理科,2015,第一批,加入对比 ,97
土木工程,吉林大学,588,594,辽宁,理科,2015,第一批,加入对比 ,97
物联网工程,吉林大学,589,596,辽宁,理科,2015,第一批,加入对比 ,97
材料化学,吉林大学,589,592,辽宁,理科,2015,第一批,加入对比 ,97
生物科学,吉林大学,589,599,辽宁,理科,2015,第一批,加入对比 ,97
物理学,吉林大学,591,597,辽宁,理科,2015,第一批,加入对比 ,97
地质工程,吉林大学,591,602,辽宁,理科,2015,第一批,加入对比 ,97
高分子材料与工程,吉林大学,592,594,辽宁,理科,2015,第一批,加入对比 ,97
电子信息工程,吉林大学,593,597,辽宁,理科,2015,第一批,加入对比 ,97
自动化,吉林大学,593,607,辽宁,理科,2015,第一批,加入对比 ,97
药物制剂,吉林大学,593,600,辽宁,理科,2015,第一批,加入对比 ,97
应用化学,吉林大学,595,598,辽宁,理科,2015,第一批,加入对比 ,97
朝鲜语,吉林大学,596,598,辽宁,文科,2015,第一批,加入对比 ,97
工商管理,吉林大学,596,620,辽宁,理科,2015,第一批,加入对比 ,97
统计学,吉林大学,596,597,辽宁,理科,2015,第一批,加入对比 ,97
农林经济管理,吉林大学,597,597,辽宁,文科,2015,第一批,加入对比 ,97
俄语,吉林大学,597,599,辽宁,文科,2015,第一批,加入对比 ,97
机械工程,吉林大学,597,605,辽宁,理科,2015,第一批,加入对比 ,97
哲学,吉林大学,597,598,辽宁,文科,2015,第一批,加入对比 ,97
英语,吉林大学,598,602,辽宁,理科,2015,第一批,加入对比 ,97
文物与博物馆学,吉林大学,598,599,辽宁,文科,2015,第一批,加入对比 ,97
外交学,吉林大学,599,600,辽宁,文科,2015,第一批,加入对比 ,97
西班牙语,吉林大学,599,602,辽宁,文科,2015,第一批,加入对比 ,97
英语,吉林大学,599,601,辽宁,文科,2015,第一批,加入对比 ,97
化学,吉林大学,623,626,天津,理科,2015,第一批,加入对比 ,98
信息与计算科学,吉林大学,625,632,天津,理科,2015,第一批,加入对比 ,98
财政学,吉林大学,625,632,天津,理科,2015,第一批,加入对比 ,98
车辆工程,吉林大学,628,636,天津,理科,2015,第一批,加入对比 ,98
金融学,吉林大学,629,630,天津,理科,2015,第一批,加入对比 ,98
会计学,吉林大学,629,630,天津,理科,2015,第一批,加入对比 ,98
汽车服务工程,吉林大学珠海学院,387,387,天津,理科,2015,第三批,加入对比 ,98
广告学,吉林大学珠海学院,393,393,天津,文科,2015,第三批,加入对比 ,98
药物制剂,吉林大学珠海学院,394,394,天津,理科,2015,第三批,加入对比 ,98
车辆工程,吉林大学珠海学院,394,394,天津,理科,2015,第三批,加入对比 ,98
化学工程与工艺,吉林大学珠海学院,395,395,天津,理科,2015,第三批,加入对比 ,98
微电子科学与工程,吉林大学珠海学院,396,396,天津,理科,2015,第三批,加入对比 ,98
通信工程,吉林大学珠海学院,396,396,天津,理科,2015,第三批,加入对比 ,98
制药工程,吉林大学珠海学院,402,402,天津,理科,2015,第三批,加入对比 ,98
软件工程,吉林大学珠海学院,402,407,天津,理科,2015,第三批,加入对比 ,98
机械设计制造及其自动化,吉林大学珠海学院,404,404,天津,理科,2015,第三批,加入对比 ,98
市场营销,吉林大学,408,417,辽宁,理科,2015,专科,加入对比 ,98
农业资源与环境,吉林大学,529,558,辽宁,理科,2015,第一批,加入对比 ,98
物理学类,吉林大学,530,563,辽宁,理科,2015,第一批,加入对比 ,98
农学,吉林大学,550,568,辽宁,理科,2015,第一批,加入对比 ,98
园艺,吉林大学,567,578,辽宁,理科,2015,第一批,加入对比 ,98
水文与水资源工程,吉林大学,576,580,辽宁,理科,2015,第一批,加入对比 ,98
软件工程,吉林大学,577,589,辽宁,理科,2015,第一批,加入对比 ,98
地质学,吉林大学,579,580,辽宁,理科,2015,第一批,加入对比 ,98
地球物理学,吉林大学,579,580,辽宁,理科,2015,第一批,加入对比 ,98
地理科学,吉林大学,579,580,辽宁,理科,2015,第一批,加入对比 ,98
勘查技术与工程,吉林大学,579,588,辽宁,理科,2015,第一批,加入对比 ,98
农林经济管理,吉林大学,579,580,辽宁,理科,2015,第一批,加入对比 ,98
地理信息科学,吉林大学,580,581,辽宁,理科,2015,第一批,加入对比 ,98
道路桥梁与渡河工程,吉林大学,580,582,辽宁,理科,2015,第一批,加入对比 ,98
环境科学,吉林大学,581,588,辽宁,理科,2015,第一批,加入对比 ,98
制药工程,吉林大学,581,582,辽宁,理科,2015,第一批,加入对比 ,98
物流工程,吉林大学,582,582,辽宁,理科,2015,第一批,加入对比 ,98
包装工程,吉林大学,582,583,辽宁,理科,2015,第一批,加入对比 ,98
核物理,吉林大学,582,584,辽宁,理科,2015,第一批,加入对比 ,98
测绘工程,吉林大学,582,587,辽宁,理科,2015,第一批,加入对比 ,98
测控技术与仪器,吉林大学,583,587,辽宁,理科,2015,第一批,加入对比 ,98
资源勘查工程,吉林大学,583,590,辽宁,理科,2015,第一批,加入对比 ,98
地下水科学与工程,吉林大学,583,588,辽宁,理科,2015,第一批,加入对比 ,98
环境工程,吉林大学,584,586,辽宁,理科,2015,第一批,加入对比 ,98
信息工程,吉林大学,584,588,辽宁,理科,2015,第一批,加入对比 ,98
无机非金属材料工程,吉林大学,585,585,辽宁,理科,2015,第一批,加入对比 ,98
应用物理学,吉林大学,586,590,辽宁,理科,2015,第一批,加入对比 ,98
日语,吉林大学,586,607,辽宁,理科,2015,第一批,加入对比 ,98
交通工程,吉林大学,586,591,辽宁,理科,2015,第一批,加入对比 ,98
工业工程,吉林大学,586,592,辽宁,理科,2015,第一批,加入对比 ,98
材料物理,吉林大学,586,587,辽宁,理科,2015,第一批,加入对比 ,98
食品质量与安全,吉林大学,586,589,辽宁,理科,2015,第一批,加入对比 ,98
工程管理,吉林大学,586,597,辽宁,理科,2015,第一批,加入对比 ,98
工程力学,吉林大学,587,591,辽宁,理科,2015,第一批,加入对比 ,98
广告学,吉林大学,588,596,辽宁,理科,2015,第一批,加入对比 ,98
食品科学与工程,吉林大学,588,589,辽宁,理科,2015,第一批,加入对比 ,98
土木工程,吉林大学,588,594,辽宁,理科,2015,第一批,加入对比 ,98
物联网工程,吉林大学,589,596,辽宁,理科,2015,第一批,加入对比 ,98
材料化学,吉林大学,589,592,辽宁,理科,2015,第一批,加入对比 ,98
生物科学,吉林大学,589,599,辽宁,理科,2015,第一批,加入对比 ,98
物理学,吉林大学,591,597,辽宁,理科,2015,第一批,加入对比 ,98
地质工程,吉林大学,591,602,辽宁,理科,2015,第一批,加入对比 ,98
高分子材料与工程,吉林大学,592,594,辽宁,理科,2015,第一批,加入对比 ,98
电子信息工程,吉林大学,593,597,辽宁,理科,2015,第一批,加入对比 ,98
自动化,吉林大学,593,607,辽宁,理科,2015,第一批,加入对比 ,98
药物制剂,吉林大学,593,600,辽宁,理科,2015,第一批,加入对比 ,98
应用化学,吉林大学,595,598,辽宁,理科,2015,第一批,加入对比 ,98
朝鲜语,吉林大学,596,598,辽宁,文科,2015,第一批,加入对比 ,98
工商管理,吉林大学,596,620,辽宁,理科,2015,第一批,加入对比 ,98
统计学,吉林大学,596,597,辽宁,理科,2015,第一批,加入对比 ,98
农林经济管理,吉林大学,597,597,辽宁,文科,2015,第一批,加入对比 ,98
俄语,吉林大学,597,599,辽宁,文科,2015,第一批,加入对比 ,98
机械工程,吉林大学,597,605,辽宁,理科,2015,第一批,加入对比 ,98
哲学,吉林大学,597,598,辽宁,文科,2015,第一批,加入对比 ,98
英语,吉林大学,598,602,辽宁,理科,2015,第一批,加入对比 ,98
文物与博物馆学,吉林大学,598,599,辽宁,文科,2015,第一批,加入对比 ,98
外交学,吉林大学,599,600,辽宁,文科,2015,第一批,加入对比 ,98
西班牙语,吉林大学,599,602,辽宁,文科,2015,第一批,加入对比 ,98
英语,吉林大学,599,601,辽宁,文科,2015,第一批,加入对比 ,98
地理科学,吉林大学,579,580,辽宁,理科,2015,第一批,加入对比 ,99
勘查技术与工程,吉林大学,579,588,辽宁,理科,2015,第一批,加入对比 ,99
农林经济管理,吉林大学,579,580,辽宁,理科,2015,第一批,加入对比 ,99
地理信息科学,吉林大学,580,581,辽宁,理科,2015,第一批,加入对比 ,99
道路桥梁与渡河工程,吉林大学,580,582,辽宁,理科,2015,第一批,加入对比 ,99
环境科学,吉林大学,581,588,辽宁,理科,2015,第一批,加入对比 ,99
制药工程,吉林大学,581,582,辽宁,理科,2015,第一批,加入对比 ,99
物流工程,吉林大学,582,582,辽宁,理科,2015,第一批,加入对比 ,99
包装工程,吉林大学,582,583,辽宁,理科,2015,第一批,加入对比 ,99
核物理,吉林大学,582,584,辽宁,理科,2015,第一批,加入对比 ,99
测绘工程,吉林大学,582,587,辽宁,理科,2015,第一批,加入对比 ,99
测控技术与仪器,吉林大学,583,587,辽宁,理科,2015,第一批,加入对比 ,99
资源勘查工程,吉林大学,583,590,辽宁,理科,2015,第一批,加入对比 ,99
地下水科学与工程,吉林大学,583,588,辽宁,理科,2015,第一批,加入对比 ,99
环境工程,吉林大学,584,586,辽宁,理科,2015,第一批,加入对比 ,99
信息工程,吉林大学,584,588,辽宁,理科,2015,第一批,加入对比 ,99
无机非金属材料工程,吉林大学,585,585,辽宁,理科,2015,第一批,加入对比 ,99
应用物理学,吉林大学,586,590,辽宁,理科,2015,第一批,加入对比 ,99
日语,吉林大学,586,607,辽宁,理科,2015,第一批,加入对比 ,99
交通工程,吉林大学,586,591,辽宁,理科,2015,第一批,加入对比 ,99
工业工程,吉林大学,586,592,辽宁,理科,2015,第一批,加入对比 ,99
材料物理,吉林大学,586,587,辽宁,理科,2015,第一批,加入对比 ,99
食品质量与安全,吉林大学,586,589,辽宁,理科,2015,第一批,加入对比 ,99
工程管理,吉林大学,586,597,辽宁,理科,2015,第一批,加入对比 ,99
工程力学,吉林大学,587,591,辽宁,理科,2015,第一批,加入对比 ,99
广告学,吉林大学,588,596,辽宁,理科,2015,第一批,加入对比 ,99
食品科学与工程,吉林大学,588,589,辽宁,理科,2015,第一批,加入对比 ,99
土木工程,吉林大学,588,594,辽宁,理科,2015,第一批,加入对比 ,99
物联网工程,吉林大学,589,596,辽宁,理科,2015,第一批,加入对比 ,99
材料化学,吉林大学,589,592,辽宁,理科,2015,第一批,加入对比 ,99
生物科学,吉林大学,589,599,辽宁,理科,2015,第一批,加入对比 ,99
物理学,吉林大学,591,597,辽宁,理科,2015,第一批,加入对比 ,99
地质工程,吉林大学,591,602,辽宁,理科,2015,第一批,加入对比 ,99
高分子材料与工程,吉林大学,592,594,辽宁,理科,2015,第一批,加入对比 ,99
电子信息工程,吉林大学,593,597,辽宁,理科,2015,第一批,加入对比 ,99
自动化,吉林大学,593,607,辽宁,理科,2015,第一批,加入对比 ,99
药物制剂,吉林大学,593,600,辽宁,理科,2015,第一批,加入对比 ,99
应用化学,吉林大学,595,598,辽宁,理科,2015,第一批,加入对比 ,99
朝鲜语,吉林大学,596,598,辽宁,文科,2015,第一批,加入对比 ,99
工商管理,吉林大学,596,620,辽宁,理科,2015,第一批,加入对比 ,99
统计学,吉林大学,596,597,辽宁,理科,2015,第一批,加入对比 ,99
农林经济管理,吉林大学,597,597,辽宁,文科,2015,第一批,加入对比 ,99
俄语,吉林大学,597,599,辽宁,文科,2015,第一批,加入对比 ,99
机械工程,吉林大学,597,605,辽宁,理科,2015,第一批,加入对比 ,99
哲学,吉林大学,597,598,辽宁,文科,2015,第一批,加入对比 ,99
英语,吉林大学,598,602,辽宁,理科,2015,第一批,加入对比 ,99
文物与博物馆学,吉林大学,598,599,辽宁,文科,2015,第一批,加入对比 ,99
外交学,吉林大学,599,600,辽宁,文科,2015,第一批,加入对比 ,99
西班牙语,吉林大学,599,602,辽宁,文科,2015,第一批,加入对比 ,99
英语,吉林大学,599,601,辽宁,文科,2015,第一批,加入对比 ,99
广告学,吉林大学,588,596,辽宁,理科,2015,第一批,加入对比 ,100
食品科学与工程,吉林大学,588,589,辽宁,理科,2015,第一批,加入对比 ,100
土木工程,吉林大学,588,594,辽宁,理科,2015,第一批,加入对比 ,100
物联网工程,吉林大学,589,596,辽宁,理科,2015,第一批,加入对比 ,100
材料化学,吉林大学,589,592,辽宁,理科,2015,第一批,加入对比 ,100
生物科学,吉林大学,589,599,辽宁,理科,2015,第一批,加入对比 ,100
物理学,吉林大学,591,597,辽宁,理科,2015,第一批,加入对比 ,100
地质工程,吉林大学,591,602,辽宁,理科,2015,第一批,加入对比 ,100
高分子材料与工程,吉林大学,592,594,辽宁,理科,2015,第一批,加入对比 ,100
电子信息工程,吉林大学,593,597,辽宁,理科,2015,第一批,加入对比 ,100
自动化,吉林大学,593,607,辽宁,理科,2015,第一批,加入对比 ,100
药物制剂,吉林大学,593,600,辽宁,理科,2015,第一批,加入对比 ,100
应用化学,吉林大学,595,598,辽宁,理科,2015,第一批,加入对比 ,100
朝鲜语,吉林大学,596,598,辽宁,文科,2015,第一批,加入对比 ,100
工商管理,吉林大学,596,620,辽宁,理科,2015,第一批,加入对比 ,100
统计学,吉林大学,596,597,辽宁,理科,2015,第一批,加入对比 ,100
农林经济管理,吉林大学,597,597,辽宁,文科,2015,第一批,加入对比 ,100
俄语,吉林大学,597,599,辽宁,文科,2015,第一批,加入对比 ,100
机械工程,吉林大学,597,605,辽宁,理科,2015,第一批,加入对比 ,100
哲学,吉林大学,597,598,辽宁,文科,2015,第一批,加入对比 ,100
英语,吉林大学,598,602,辽宁,理科,2015,第一批,加入对比 ,100
文物与博物馆学,吉林大学,598,599,辽宁,文科,2015,第一批,加入对比 ,100
外交学,吉林大学,599,600,辽宁,文科,2015,第一批,加入对比 ,100
西班牙语,吉林大学,599,602,辽宁,文科,2015,第一批,加入对比 ,100
英语,吉林大学,599,601,辽宁,文科,2015,第一批,加入对比 ,100
广告学,吉林大学,600,603,辽宁,文科,2015,第一批,加入对比 ,101
社会学,吉林大学,600,602,辽宁,文科,2015,第一批,加入对比 ,101
电气工程及其自动化,吉林大学,601,612,辽宁,理科,2015,第一批,加入对比 ,101
历史学,吉林大学,602,603,辽宁,文科,2015,第一批,加入对比 ,101
新闻学,吉林大学,602,604,辽宁,文科,2015,第一批,加入对比 ,101
能源与动力工程,吉林大学,602,610,辽宁,理科,2015,第一批,加入对比 ,101
日语,吉林大学,602,606,辽宁,文科,2015,第一批,加入对比 ,101
政治学与行政学,吉林大学,602,603,辽宁,文科,2015,第一批,加入对比 ,101
财政学,吉林大学,604,604,辽宁,理科,2015,第一批,加入对比 ,101
考古学,吉林大学,605,606,辽宁,文科,2015,第一批,加入对比 ,101
化学,吉林大学,605,618,辽宁,理科,2015,第一批,加入对比 ,101
数学与应用数学,吉林大学,605,608,辽宁,理科,2015,第一批,加入对比 ,101
汉语言文学,吉林大学,605,606,辽宁,文科,2015,第一批,加入对比 ,101
法学,吉林大学,606,609,辽宁,文科,2015,第一批,加入对比 ,101
财政学,吉林大学,606,607,辽宁,文科,2015,第一批,加入对比 ,101
经济学,吉林大学,609,610,辽宁,文科,2015,第一批,加入对比 ,101
会计学,吉林大学,610,616,辽宁,理科,2015,第一批,加入对比 ,101
金融学,吉林大学,610,610,辽宁,文科,2015,第一批,加入对比 ,101
经济学,吉林大学,611,617,辽宁,理科,2015,第一批,加入对比 ,101
法学,吉林大学,617,632,辽宁,理科,2015,第一批,加入对比 ,101
金融学,吉林大学,619,620,辽宁,理科,2015,第一批,加入对比 ,101
车辆工程,吉林大学,620,646,辽宁,理科,2015,第一批,加入对比 ,101
朝鲜语,吉林大学珠海学院,409,409,辽宁,理科,2015,第三批,加入对比 ,101
制药工程,吉林大学珠海学院,413,415,辽宁,理科,2015,第三批,加入对比 ,101
网络工程,吉林大学珠海学院,413,416,辽宁,理科,2015,第三批,加入对比 ,101
计算机科学与技术,吉林大学珠海学院,414,414,辽宁,理科,2015,第三批,加入对比 ,102
中药学,吉林大学珠海学院,416,419,辽宁,理科,2015,第三批,加入对比 ,102
汽车服务工程,吉林大学珠海学院,416,421,辽宁,理科,2015,第三批,加入对比 ,102
机械设计制造及其自动化,吉林大学珠海学院,416,417,辽宁,理科,2015,第三批,加入对比 ,102
日语,吉林大学珠海学院,416,416,辽宁,理科,2015,第三批,加入对比 ,102
日语,吉林大学珠海学院,456,456,辽宁,文科,2015,第三批,加入对比 ,102
工商管理,吉林大学珠海学院,458,458,辽宁,文科,2015,第三批,加入对比 ,102
广告学,吉林大学珠海学院,459,459,辽宁,文科,2015,第三批,加入对比 ,102
朝鲜语,吉林大学珠海学院,468,468,辽宁,文科,2015,第三批,加入对比 ,102
动物科学,吉林大学,544,582,吉林,理科,2015,第一批,加入对比 ,102
农业资源与环境,吉林大学,547,582,吉林,理科,2015,第一批,加入对比 ,102
物理学类,吉林大学,548,572,吉林,理科,2015,第一批,加入对比 ,102
农学,吉林大学,551,566,吉林,理科,2015,第一批,加入对比 ,102
生物技术,吉林大学,556,613,吉林,理科,2015,第一批,加入对比 ,102
园艺,吉林大学,558,570,吉林,理科,2015,第一批,加入对比 ,102
地理信息科学,吉林大学,565,569,吉林,理科,2015,第一批,加入对比 ,102
资源勘查工程,吉林大学,566,615,吉林,理科,2015,第一批,加入对比 ,102
地质工程,吉林大学,568,595,吉林,理科,2015,第一批,加入对比 ,102
土地资源管理,吉林大学,569,572,吉林,理科,2015,第一批,加入对比 ,102
地理科学,吉林大学,570,579,吉林,理科,2015,第一批,加入对比 ,102
日语,吉林大学,570,576,吉林,理科,2015,第一批,加入对比 ,102
包装工程,吉林大学,574,581,吉林,理科,2015,第一批,加入对比 ,102
地下水科学与工程,吉林大学,574,580,吉林,理科,2015,第一批,加入对比 ,102
道路桥梁与渡河工程,吉林大学,574,583,吉林,理科,2015,第一批,加入对比 ,102
地质学,吉林大学,574,581,吉林,理科,2015,第一批,加入对比 ,102
农林经济管理,吉林大学,575,584,吉林,理科,2015,第一批,加入对比 ,102
水文与水资源工程,吉林大学,575,591,吉林,理科,2015,第一批,加入对比 ,102
无机非金属材料工程,吉林大学,576,587,吉林,理科,2015,第一批,加入对比 ,102
测绘工程,吉林大学,576,584,吉林,理科,2015,第一批,加入对比 ,102
地球物理学,吉林大学,577,583,吉林,理科,2015,第一批,加入对比 ,102
勘查技术与工程,吉林大学,577,595,吉林,理科,2015,第一批,加入对比 ,102
材料物理,吉林大学,579,592,吉林,理科,2015,第一批,加入对比 ,102
食品质量与安全,吉林大学,579,587,吉林,理科,2015,第一批,加入对比 ,102
食品科学与工程,吉林大学,579,588,吉林,理科,2015,第一批,加入对比 ,102
工业工程,吉林大学,580,602,吉林,理科,2015,第一批,加入对比 ,102
预防医学,吉林大学,582,606,吉林,理科,2015,第一批,加入对比 ,102
环境科学,吉林大学,582,595,吉林,理科,2015,第一批,加入对比 ,102
文物与博物馆学,吉林大学,584,592,吉林,文科,2015,第一批,加入对比 ,102
物流工程,吉林大学,585,594,吉林,理科,2015,第一批,加入对比 ,102
农林经济管理,吉林大学,585,599,吉林,文科,2015,第一批,加入对比 ,102
测控技术与仪器,吉林大学,586,599,吉林,理科,2015,第一批,加入对比 ,102
信息工程,吉林大学,586,596,吉林,理科,2015,第一批,加入对比 ,102
历史学,吉林大学,586,590,吉林,文科,2015,第一批,加入对比 ,102
俄语,吉林大学,586,592,吉林,文科,2015,第一批,加入对比 ,102
交通运输,吉林大学,587,612,吉林,理科,2015,第一批,加入对比 ,102
汽车服务工程,吉林大学,588,594,吉林,理科,2015,第一批,加入对比 ,102
材料科学与工程,吉林大学,590,614,吉林,理科,2015,第一批,加入对比 ,102
考古学,吉林大学,590,591,吉林,文科,2015,第一批,加入对比 ,102
日语,吉林大学,590,596,吉林,文科,2015,第一批,加入对比 ,102
材料成型及控制工程,吉林大学,590,613,吉林,理科,2015,第一批,加入对比 ,102
农林经济管理,吉林大学,575,584,吉林,理科,2015,第一批,加入对比 ,103
水文与水资源工程,吉林大学,575,591,吉林,理科,2015,第一批,加入对比 ,103
无机非金属材料工程,吉林大学,576,587,吉林,理科,2015,第一批,加入对比 ,103
测绘工程,吉林大学,576,584,吉林,理科,2015,第一批,加入对比 ,103
地球物理学,吉林大学,577,583,吉林,理科,2015,第一批,加入对比 ,103
勘查技术与工程,吉林大学,577,595,吉林,理科,2015,第一批,加入对比 ,103
材料物理,吉林大学,579,592,吉林,理科,2015,第一批,加入对比 ,103
食品质量与安全,吉林大学,579,587,吉林,理科,2015,第一批,加入对比 ,103
食品科学与工程,吉林大学,579,588,吉林,理科,2015,第一批,加入对比 ,103
工业工程,吉林大学,580,602,吉林,理科,2015,第一批,加入对比 ,103
预防医学,吉林大学,582,606,吉林,理科,2015,第一批,加入对比 ,103
环境科学,吉林大学,582,595,吉林,理科,2015,第一批,加入对比 ,103
文物与博物馆学,吉林大学,584,592,吉林,文科,2015,第一批,加入对比 ,103
物流工程,吉林大学,585,594,吉林,理科,2015,第一批,加入对比 ,103
农林经济管理,吉林大学,585,599,吉林,文科,2015,第一批,加入对比 ,103
测控技术与仪器,吉林大学,586,599,吉林,理科,2015,第一批,加入对比 ,103
信息工程,吉林大学,586,596,吉林,理科,2015,第一批,加入对比 ,103
历史学,吉林大学,586,590,吉林,文科,2015,第一批,加入对比 ,103
俄语,吉林大学,586,592,吉林,文科,2015,第一批,加入对比 ,103
交通运输,吉林大学,587,612,吉林,理科,2015,第一批,加入对比 ,103
汽车服务工程,吉林大学,588,594,吉林,理科,2015,第一批,加入对比 ,103
材料科学与工程,吉林大学,590,614,吉林,理科,2015,第一批,加入对比 ,103
考古学,吉林大学,590,591,吉林,文科,2015,第一批,加入对比 ,103
日语,吉林大学,590,596,吉林,文科,2015,第一批,加入对比 ,103
材料成型及控制工程,吉林大学,590,613,吉林,理科,2015,第一批,加入对比 ,103
农业机械化及其自动化,吉林大学,590,599,吉林,理科,2015,第一批,加入对比 ,103
药物制剂,吉林大学,590,609,吉林,理科,2015,第一批,加入对比 ,103
工程管理,吉林大学,590,609,吉林,理科,2015,第一批,加入对比 ,103
临床药学,吉林大学,591,613,吉林,理科,2015,第一批,加入对比 ,103
政治学与行政学,吉林大学,591,602,吉林,文科,2015,第一批,加入对比 ,103
朝鲜语,吉林大学,591,601,吉林,文科,2015,第一批,加入对比 ,103
环境工程,吉林大学,591,600,吉林,理科,2015,第一批,加入对比 ,103
英语,吉林大学,591,595,吉林,文科,2015,第一批,加入对比 ,103
制药工程,吉林大学,592,602,吉林,理科,2015,第一批,加入对比 ,103
哲学,吉林大学,592,593,吉林,文科,2015,第一批,加入对比 ,103
工程力学,吉林大学,593,609,吉林,理科,2015,第一批,加入对比 ,103
应用物理学,吉林大学,594,610,吉林,理科,2015,第一批,加入对比 ,103
国际政治,吉林大学,594,600,吉林,文科,2015,第一批,加入对比 ,103
软件工程,吉林大学,595,617,吉林,理科,2015,第一批,加入对比 ,103
外交学,吉林大学,595,600,吉林,文科,2015,第一批,加入对比 ,103
物理学,吉林大学,596,618,吉林,理科,2015,第一批,加入对比 ,103
英语,吉林大学,597,604,吉林,理科,2015,第一批,加入对比 ,103
化学工程与工艺,吉林大学,598,601,吉林,理科,2015,第一批,加入对比 ,103
生物科学,吉林大学,598,611,吉林,理科,2015,第一批,加入对比 ,103
工商管理,吉林大学,598,613,吉林,理科,2015,第一批,加入对比 ,103
社会学,吉林大学,598,601,吉林,文科,2015,第一批,加入对比 ,103
新闻学,吉林大学,599,602,吉林,文科,2015,第一批,加入对比 ,103
计算机科学与技术,吉林大学,600,644,吉林,理科,2015,第一批,加入对比 ,103
光电信息科学与工程,吉林大学,600,618,吉林,理科,2015,第一批,加入对比 ,103
微电子科学与工程,吉林大学,600,615,吉林,理科,2015,第一批,加入对比 ,103
通信工程,吉林大学,600,623,吉林,理科,2015,第一批,加入对比 ,103
物联网工程,吉林大学,601,615,吉林,理科,2015,第一批,加入对比 ,103
电子科学与技术,吉林大学,601,616,吉林,理科,2015,第一批,加入对比 ,103
信息与计算科学,吉林大学,601,608,吉林,理科,2015,第一批,加入对比 ,103
汉语言文学,吉林大学,602,625,吉林,文科,2015,第一批,加入对比 ,103
经济学,吉林大学,603,604,吉林,文科,2015,第一批,加入对比 ,103
放射医学,吉林大学,603,610,吉林,理科,2015,第一批,加入对比 ,103
自动化,吉林大学,604,615,吉林,理科,2015,第一批,加入对比 ,103
财政学,吉林大学,604,606,吉林,文科,2015,第一批,加入对比 ,103
材料化学,吉林大学,606,616,吉林,理科,2015,第一批,加入对比 ,103
法学,吉林大学,608,612,吉林,文科,2015,第一批,加入对比 ,103
高分子材料与工程,吉林大学,610,618,吉林,理科,2015,第一批,加入对比 ,103
电气工程及其自动化,吉林大学,610,622,吉林,理科,2015,第一批,加入对比 ,103
能源与动力工程,吉林大学,611,625,吉林,理科,2015,第一批,加入对比 ,103
电子信息工程,吉林大学,611,618,吉林,理科,2015,第一批,加入对比 ,103
法学,吉林大学,611,617,吉林,理科,2015,第一批,加入对比 ,103
应用化学,吉林大学,611,618,吉林,理科,2015,第一批,加入对比 ,103
金融学,吉林大学,612,617,吉林,文科,2015,第一批,加入对比 ,103
财政学,吉林大学,615,618,吉林,理科,2015,第一批,加入对比 ,103
经济学,吉林大学,622,627,吉林,理科,2015,第一批,加入对比 ,103
化学,吉林大学,624,635,吉林,理科,2015,第一批,加入对比 ,103
会计学,吉林大学,625,642,吉林,理科,2015,第一批,加入对比 ,103
车辆工程,吉林大学,633,647,吉林,理科,2015,第一批,加入对比 ,103
测控技术与仪器,吉林大学珠海学院,384,386,吉林,理科,2015,第三批,加入对比 ,103
工业工程,吉林大学珠海学院,387,392,吉林,理科,2015,第三批,加入对比 ,103
农业机械化及其自动化,吉林大学,590,599,吉林,理科,2015,第一批,加入对比 ,104
药物制剂,吉林大学,590,609,吉林,理科,2015,第一批,加入对比 ,104
工程管理,吉林大学,590,609,吉林,理科,2015,第一批,加入对比 ,104
临床药学,吉林大学,591,613,吉林,理科,2015,第一批,加入对比 ,104
政治学与行政学,吉林大学,591,602,吉林,文科,2015,第一批,加入对比 ,104
朝鲜语,吉林大学,591,601,吉林,文科,2015,第一批,加入对比 ,104
环境工程,吉林大学,591,600,吉林,理科,2015,第一批,加入对比 ,104
英语,吉林大学,591,595,吉林,文科,2015,第一批,加入对比 ,104
制药工程,吉林大学,592,602,吉林,理科,2015,第一批,加入对比 ,104
哲学,吉林大学,592,593,吉林,文科,2015,第一批,加入对比 ,104
工程力学,吉林大学,593,609,吉林,理科,2015,第一批,加入对比 ,104
应用物理学,吉林大学,594,610,吉林,理科,2015,第一批,加入对比 ,104
国际政治,吉林大学,594,600,吉林,文科,2015,第一批,加入对比 ,104
软件工程,吉林大学,595,617,吉林,理科,2015,第一批,加入对比 ,104
外交学,吉林大学,595,600,吉林,文科,2015,第一批,加入对比 ,104
物理学,吉林大学,596,618,吉林,理科,2015,第一批,加入对比 ,104
英语,吉林大学,597,604,吉林,理科,2015,第一批,加入对比 ,104
化学工程与工艺,吉林大学,598,601,吉林,理科,2015,第一批,加入对比 ,104
生物科学,吉林大学,598,611,吉林,理科,2015,第一批,加入对比 ,104
工商管理,吉林大学,598,613,吉林,理科,2015,第一批,加入对比 ,104
社会学,吉林大学,598,601,吉林,文科,2015,第一批,加入对比 ,104
新闻学,吉林大学,599,602,吉林,文科,2015,第一批,加入对比 ,104
计算机科学与技术,吉林大学,600,644,吉林,理科,2015,第一批,加入对比 ,104
光电信息科学与工程,吉林大学,600,618,吉林,理科,2015,第一批,加入对比 ,104
微电子科学与工程,吉林大学,600,615,吉林,理科,2015,第一批,加入对比 ,104
通信工程,吉林大学,600,623,吉林,理科,2015,第一批,加入对比 ,104
物联网工程,吉林大学,601,615,吉林,理科,2015,第一批,加入对比 ,104
电子科学与技术,吉林大学,601,616,吉林,理科,2015,第一批,加入对比 ,104
信息与计算科学,吉林大学,601,608,吉林,理科,2015,第一批,加入对比 ,104
汉语言文学,吉林大学,602,625,吉林,文科,2015,第一批,加入对比 ,104
经济学,吉林大学,603,604,吉林,文科,2015,第一批,加入对比 ,104
放射医学,吉林大学,603,610,吉林,理科,2015,第一批,加入对比 ,104
自动化,吉林大学,604,615,吉林,理科,2015,第一批,加入对比 ,104
财政学,吉林大学,604,606,吉林,文科,2015,第一批,加入对比 ,104
材料化学,吉林大学,606,616,吉林,理科,2015,第一批,加入对比 ,104
法学,吉林大学,608,612,吉林,文科,2015,第一批,加入对比 ,104
高分子材料与工程,吉林大学,610,618,吉林,理科,2015,第一批,加入对比 ,104
电气工程及其自动化,吉林大学,610,622,吉林,理科,2015,第一批,加入对比 ,104
能源与动力工程,吉林大学,611,625,吉林,理科,2015,第一批,加入对比 ,104
电子信息工程,吉林大学,611,618,吉林,理科,2015,第一批,加入对比 ,104
法学,吉林大学,611,617,吉林,理科,2015,第一批,加入对比 ,104
应用化学,吉林大学,611,618,吉林,理科,2015,第一批,加入对比 ,104
金融学,吉林大学,612,617,吉林,文科,2015,第一批,加入对比 ,104
财政学,吉林大学,615,618,吉林,理科,2015,第一批,加入对比 ,104
经济学,吉林大学,622,627,吉林,理科,2015,第一批,加入对比 ,104
化学,吉林大学,624,635,吉林,理科,2015,第一批,加入对比 ,104
会计学,吉林大学,625,642,吉林,理科,2015,第一批,加入对比 ,104
车辆工程,吉林大学,633,647,吉林,理科,2015,第一批,加入对比 ,104
测控技术与仪器,吉林大学珠海学院,384,386,吉林,理科,2015,第三批,加入对比 ,104
工业工程,吉林大学珠海学院,387,392,吉林,理科,2015,第三批,加入对比 ,104
药物制剂,吉林大学珠海学院,387,390,吉林,理科,2015,第三批,加入对比 ,104
城乡规划,吉林大学珠海学院,387,387,吉林,理科,2015,第三批,加入对比 ,104
自动化,吉林大学珠海学院,388,396,吉林,理科,2015,第三批,加入对比 ,104
朝鲜语,吉林大学珠海学院,388,392,吉林,理科,2015,第三批,加入对比 ,104
应用化学,吉林大学珠海学院,389,404,吉林,理科,2015,第三批,加入对比 ,104
日语,吉林大学珠海学院,390,395,吉林,理科,2015,第三批,加入对比 ,104
制药工程,吉林大学珠海学院,393,405,吉林,理科,2015,第三批,加入对比 ,104
化学工程与工艺,吉林大学珠海学院,395,399,吉林,理科,2015,第三批,加入对比 ,104
网络工程,吉林大学珠海学院,396,398,吉林,理科,2015,第三批,加入对比 ,104
通信工程,吉林大学珠海学院,396,421,吉林,理科,2015,第三批,加入对比 ,104
建筑学,吉林大学珠海学院,396,397,吉林,理科,2015,第三批,加入对比 ,104
计算机科学与技术,吉林大学珠海学院,396,418,吉林,理科,2015,第三批,加入对比 ,104
中药学,吉林大学珠海学院,397,402,吉林,理科,2015,第三批,加入对比 ,104
汽车服务工程,吉林大学珠海学院,397,447,吉林,理科,2015,第三批,加入对比 ,104
微电子科学与工程,吉林大学珠海学院,398,426,吉林,理科,2015,第三批,加入对比 ,104
英语,吉林大学珠海学院,398,403,吉林,理科,2015,第三批,加入对比 ,104
车辆工程,吉林大学珠海学院,399,421,吉林,理科,2015,第三批,加入对比 ,104
广告学,吉林大学珠海学院,400,400,吉林,理科,2015,第三批,加入对比 ,104
金融学,吉林大学珠海学院,404,404,吉林,理科,2015,第三批,加入对比 ,104
机械设计制造及其自动化,吉林大学珠海学院,408,440,吉林,理科,2015,第三批,加入对比 ,104
工商管理,吉林大学珠海学院,409,409,吉林,理科,2015,第三批,加入对比 ,104
软件工程,吉林大学珠海学院,409,429,吉林,理科,2015,第三批,加入对比 ,104
朝鲜语,吉林大学珠海学院,419,425,吉林,文科,2015,第三批,加入对比 ,104
日语,吉林大学珠海学院,423,429,吉林,文科,2015,第三批,加入对比 ,104
英语,吉林大学珠海学院,427,439,吉林,文科,2015,第三批,加入对比 ,104
汉语国际教育,吉林大学珠海学院,428,432,吉林,文科,2015,第三批,加入对比 ,104
汉语言文学,吉林大学珠海学院,433,450,吉林,文科,2015,第三批,加入对比 ,104
广告学,吉林大学珠海学院,433,450,吉林,文科,2015,第三批,加入对比 ,104
工商管理,吉林大学珠海学院,436,450,吉林,文科,2015,第三批,加入对比 ,104
金融学,吉林大学珠海学院,441,451,吉林,文科,2015,第三批,加入对比 ,104
会计学,吉林大学珠海学院,442,442,吉林,理科,2015,第三批,加入对比 ,104
物理学类,吉林大学,519,544,黑龙江,理科,2015,第一批,加入对比 ,104
哲学,吉林大学,585,586,黑龙江,文科,2015,第一批,加入对比 ,104
文物与博物馆学,吉林大学,586,587,黑龙江,文科,2015,第一批,加入对比 ,104
国际政治,吉林大学,586,591,黑龙江,文科,2015,第一批,加入对比 ,104
朝鲜语,吉林大学,586,590,黑龙江,文科,2015,第一批,加入对比 ,104
社会学,吉林大学,587,590,黑龙江,文科,2015,第一批,加入对比 ,104
俄语,吉林大学,587,590,黑龙江,文科,2015,第一批,加入对比 ,104
英语,吉林大学,587,590,黑龙江,文科,2015,第一批,加入对比 ,104
政治学与行政学,吉林大学,588,594,黑龙江,文科,2015,第一批,加入对比 ,104
日语,吉林大学,588,589,黑龙江,文科,2015,第一批,加入对比 ,104
动物科学,吉林大学,588,589,黑龙江,理科,2015,第一批,加入对比 ,104
农林经济管理,吉林大学,588,590,黑龙江,文科,2015,第一批,加入对比 ,104
土地资源管理,吉林大学,589,590,黑龙江,理科,2015,第一批,加入对比 ,104
农业资源与环境,吉林大学,589,589,黑龙江,理科,2015,第一批,加入对比 ,104
汉语言文学,吉林大学,589,593,黑龙江,文科,2015,第一批,加入对比 ,104
资源勘查工程,吉林大学,589,590,黑龙江,理科,2015,第一批,加入对比 ,104
地下水科学与工程,吉林大学,590,591,黑龙江,理科,2015,第一批,加入对比 ,104
历史学,吉林大学,590,593,黑龙江,文科,2015,第一批,加入对比 ,104
测绘工程,吉林大学,590,591,黑龙江,理科,2015,第一批,加入对比 ,104
通信工程,吉林大学,600,623,吉林,理科,2015,第一批,加入对比 ,105
物联网工程,吉林大学,601,615,吉林,理科,2015,第一批,加入对比 ,105
电子科学与技术,吉林大学,601,616,吉林,理科,2015,第一批,加入对比 ,105
信息与计算科学,吉林大学,601,608,吉林,理科,2015,第一批,加入对比 ,105
汉语言文学,吉林大学,602,625,吉林,文科,2015,第一批,加入对比 ,105
经济学,吉林大学,603,604,吉林,文科,2015,第一批,加入对比 ,105
放射医学,吉林大学,603,610,吉林,理科,2015,第一批,加入对比 ,105
自动化,吉林大学,604,615,吉林,理科,2015,第一批,加入对比 ,105
财政学,吉林大学,604,606,吉林,文科,2015,第一批,加入对比 ,105
材料化学,吉林大学,606,616,吉林,理科,2015,第一批,加入对比 ,105
法学,吉林大学,608,612,吉林,文科,2015,第一批,加入对比 ,105
高分子材料与工程,吉林大学,610,618,吉林,理科,2015,第一批,加入对比 ,105
电气工程及其自动化,吉林大学,610,622,吉林,理科,2015,第一批,加入对比 ,105
能源与动力工程,吉林大学,611,625,吉林,理科,2015,第一批,加入对比 ,105
电子信息工程,吉林大学,611,618,吉林,理科,2015,第一批,加入对比 ,105
法学,吉林大学,611,617,吉林,理科,2015,第一批,加入对比 ,105
应用化学,吉林大学,611,618,吉林,理科,2015,第一批,加入对比 ,105
金融学,吉林大学,612,617,吉林,文科,2015,第一批,加入对比 ,105
财政学,吉林大学,615,618,吉林,理科,2015,第一批,加入对比 ,105
经济学,吉林大学,622,627,吉林,理科,2015,第一批,加入对比 ,105
化学,吉林大学,624,635,吉林,理科,2015,第一批,加入对比 ,105
会计学,吉林大学,625,642,吉林,理科,2015,第一批,加入对比 ,105
车辆工程,吉林大学,633,647,吉林,理科,2015,第一批,加入对比 ,105
测控技术与仪器,吉林大学珠海学院,384,386,吉林,理科,2015,第三批,加入对比 ,105
工业工程,吉林大学珠海学院,387,392,吉林,理科,2015,第三批,加入对比 ,105
药物制剂,吉林大学珠海学院,387,390,吉林,理科,2015,第三批,加入对比 ,105
城乡规划,吉林大学珠海学院,387,387,吉林,理科,2015,第三批,加入对比 ,105
自动化,吉林大学珠海学院,388,396,吉林,理科,2015,第三批,加入对比 ,105
朝鲜语,吉林大学珠海学院,388,392,吉林,理科,2015,第三批,加入对比 ,105
应用化学,吉林大学珠海学院,389,404,吉林,理科,2015,第三批,加入对比 ,105
日语,吉林大学珠海学院,390,395,吉林,理科,2015,第三批,加入对比 ,105
制药工程,吉林大学珠海学院,393,405,吉林,理科,2015,第三批,加入对比 ,105
化学工程与工艺,吉林大学珠海学院,395,399,吉林,理科,2015,第三批,加入对比 ,105
网络工程,吉林大学珠海学院,396,398,吉林,理科,2015,第三批,加入对比 ,105
通信工程,吉林大学珠海学院,396,421,吉林,理科,2015,第三批,加入对比 ,105
建筑学,吉林大学珠海学院,396,397,吉林,理科,2015,第三批,加入对比 ,105
计算机科学与技术,吉林大学珠海学院,396,418,吉林,理科,2015,第三批,加入对比 ,105
中药学,吉林大学珠海学院,397,402,吉林,理科,2015,第三批,加入对比 ,105
汽车服务工程,吉林大学珠海学院,397,447,吉林,理科,2015,第三批,加入对比 ,105
微电子科学与工程,吉林大学珠海学院,398,426,吉林,理科,2015,第三批,加入对比 ,105
英语,吉林大学珠海学院,398,403,吉林,理科,2015,第三批,加入对比 ,105
车辆工程,吉林大学珠海学院,399,421,吉林,理科,2015,第三批,加入对比 ,105
广告学,吉林大学珠海学院,400,400,吉林,理科,2015,第三批,加入对比 ,105
金融学,吉林大学珠海学院,404,404,吉林,理科,2015,第三批,加入对比 ,105
机械设计制造及其自动化,吉林大学珠海学院,408,440,吉林,理科,2015,第三批,加入对比 ,105
工商管理,吉林大学珠海学院,409,409,吉林,理科,2015,第三批,加入对比 ,105
软件工程,吉林大学珠海学院,409,429,吉林,理科,2015,第三批,加入对比 ,105
朝鲜语,吉林大学珠海学院,419,425,吉林,文科,2015,第三批,加入对比 ,105
日语,吉林大学珠海学院,423,429,吉林,文科,2015,第三批,加入对比 ,105
英语,吉林大学珠海学院,427,439,吉林,文科,2015,第三批,加入对比 ,105
汉语国际教育,吉林大学珠海学院,428,432,吉林,文科,2015,第三批,加入对比 ,105
汉语言文学,吉林大学珠海学院,433,450,吉林,文科,2015,第三批,加入对比 ,105
广告学,吉林大学珠海学院,433,450,吉林,文科,2015,第三批,加入对比 ,105
工商管理,吉林大学珠海学院,436,450,吉林,文科,2015,第三批,加入对比 ,105
金融学,吉林大学珠海学院,441,451,吉林,文科,2015,第三批,加入对比 ,105
会计学,吉林大学珠海学院,442,442,吉林,理科,2015,第三批,加入对比 ,105
物理学类,吉林大学,519,544,黑龙江,理科,2015,第一批,加入对比 ,105
哲学,吉林大学,585,586,黑龙江,文科,2015,第一批,加入对比 ,105
文物与博物馆学,吉林大学,586,587,黑龙江,文科,2015,第一批,加入对比 ,105
国际政治,吉林大学,586,591,黑龙江,文科,2015,第一批,加入对比 ,105
朝鲜语,吉林大学,586,590,黑龙江,文科,2015,第一批,加入对比 ,105
社会学,吉林大学,587,590,黑龙江,文科,2015,第一批,加入对比 ,105
俄语,吉林大学,587,590,黑龙江,文科,2015,第一批,加入对比 ,105
英语,吉林大学,587,590,黑龙江,文科,2015,第一批,加入对比 ,105
政治学与行政学,吉林大学,588,594,黑龙江,文科,2015,第一批,加入对比 ,105
日语,吉林大学,588,589,黑龙江,文科,2015,第一批,加入对比 ,105
动物科学,吉林大学,588,589,黑龙江,理科,2015,第一批,加入对比 ,105
农林经济管理,吉林大学,588,590,黑龙江,文科,2015,第一批,加入对比 ,105
土地资源管理,吉林大学,589,590,黑龙江,理科,2015,第一批,加入对比 ,105
农业资源与环境,吉林大学,589,589,黑龙江,理科,2015,第一批,加入对比 ,105
汉语言文学,吉林大学,589,593,黑龙江,文科,2015,第一批,加入对比 ,105
资源勘查工程,吉林大学,589,590,黑龙江,理科,2015,第一批,加入对比 ,105
地下水科学与工程,吉林大学,590,591,黑龙江,理科,2015,第一批,加入对比 ,105
历史学,吉林大学,590,593,黑龙江,文科,2015,第一批,加入对比 ,105
测绘工程,吉林大学,590,591,黑龙江,理科,2015,第一批,加入对比 ,105
工程力学,吉林大学,591,592,黑龙江,理科,2015,第一批,加入对比 ,105
地质学,吉林大学,591,593,黑龙江,理科,2015,第一批,加入对比 ,105
化学工程与工艺,吉林大学,591,592,黑龙江,理科,2015,第一批,加入对比 ,105
生物技术,吉林大学,591,595,黑龙江,理科,2015,第一批,加入对比 ,105
水文与水资源工程,吉林大学,591,591,黑龙江,理科,2015,第一批,加入对比 ,105
道路桥梁与渡河工程,吉林大学,591,596,黑龙江,理科,2015,第一批,加入对比 ,105
工业工程,吉林大学,591,594,黑龙江,理科,2015,第一批,加入对比 ,105
农林经济管理,吉林大学,592,593,黑龙江,理科,2015,第一批,加入对比 ,105
地球物理学,吉林大学,592,592,黑龙江,理科,2015,第一批,加入对比 ,105
生物医学工程,吉林大学,592,595,黑龙江,理科,2015,第一批,加入对比 ,105
药物制剂,吉林大学,592,596,黑龙江,理科,2015,第一批,加入对比 ,105
食品质量与安全,吉林大学,593,595,黑龙江,理科,2015,第一批,加入对比 ,105
应用物理学,吉林大学,593,597,黑龙江,理科,2015,第一批,加入对比 ,105
环境科学,吉林大学,593,596,黑龙江,理科,2015,第一批,加入对比 ,105
新闻学,吉林大学,593,594,黑龙江,文科,2015,第一批,加入对比 ,105
财政学,吉林大学,593,594,黑龙江,文科,2015,第一批,加入对比 ,105
农业机械化及其自动化,吉林大学,593,597,黑龙江,理科,2015,第一批,加入对比 ,105
地质工程,吉林大学,593,597,黑龙江,理科,2015,第一批,加入对比 ,105
日语,吉林大学,593,596,黑龙江,理科,2015,第一批,加入对比 ,105
广告学,吉林大学,593,593,黑龙江,理科,2015,第一批,加入对比 ,105
光电信息科学与工程,吉林大学,594,597,黑龙江,理科,2015,第一批,加入对比 ,105
信息管理与信息系统,吉林大学,594,598,黑龙江,理科,2015,第一批,加入对比 ,105
西班牙语,吉林大学,594,598,黑龙江,文科,2015,第一批,加入对比 ,105
生物科学,吉林大学,594,598,黑龙江,理科,2015,第一批,加入对比 ,105
勘查技术与工程,吉林大学,594,599,黑龙江,理科,2015,第一批,加入对比 ,105
外交学,吉林大学,594,594,黑龙江,文科,2015,第一批,加入对比 ,105
环境工程,吉林大学,595,602,黑龙江,理科,2015,第一批,加入对比 ,105
预防医学,吉林大学,595,601,黑龙江,理科,2015,第一批,加入对比 ,105
测控技术与仪器,吉林大学,595,602,黑龙江,理科,2015,第一批,加入对比 ,105
材料物理,吉林大学,595,598,黑龙江,理科,2015,第一批,加入对比 ,105
信息工程,吉林大学,595,598,黑龙江,理科,2015,第一批,加入对比 ,105
交通运输,吉林大学,596,601,黑龙江,理科,2015,第一批,加入对比 ,105
地理信息科学,吉林大学,596,600,黑龙江,理科,2015,第一批,加入对比 ,105
经济学,吉林大学,596,599,黑龙江,文科,2015,第一批,加入对比 ,105
制药工程,吉林大学,597,603,黑龙江,理科,2015,第一批,加入对比 ,105
无机非金属材料工程,吉林大学,597,606,黑龙江,理科,2015,第一批,加入对比 ,105
放射医学,吉林大学,598,610,黑龙江,理科,2015,第一批,加入对比 ,105
微电子科学与工程,吉林大学,598,603,黑龙江,理科,2015,第一批,加入对比 ,105
金融学,吉林大学,598,599,黑龙江,文科,2015,第一批,加入对比 ,105
信息与计算科学,吉林大学,598,602,黑龙江,理科,2015,第一批,加入对比 ,105
核物理,吉林大学,598,604,黑龙江,理科,2015,第一批,加入对比 ,105
物流工程,吉林大学,599,608,黑龙江,理科,2015,第一批,加入对比 ,105
计算机科学与技术,吉林大学,599,613,黑龙江,理科,2015,第一批,加入对比 ,105
材料成型及控制工程,吉林大学,599,603,黑龙江,理科,2015,第一批,加入对比 ,105
法学,吉林大学,599,602,黑龙江,文科,2015,第一批,加入对比 ,105
工商管理,吉林大学,599,604,黑龙江,理科,2015,第一批,加入对比 ,105
土木工程,吉林大学,600,610,黑龙江,理科,2015,第一批,加入对比 ,105
应用化学,吉林大学,600,604,黑龙江,理科,2015,第一批,加入对比 ,105
包装工程,吉林大学,601,605,黑龙江,理科,2015,第一批,加入对比 ,105
高分子材料与工程,吉林大学,601,605,黑龙江,理科,2015,第一批,加入对比 ,105
药物制剂,吉林大学珠海学院,387,390,吉林,理科,2015,第三批,加入对比 ,106
城乡规划,吉林大学珠海学院,387,387,吉林,理科,2015,第三批,加入对比 ,106
自动化,吉林大学珠海学院,388,396,吉林,理科,2015,第三批,加入对比 ,106
朝鲜语,吉林大学珠海学院,388,392,吉林,理科,2015,第三批,加入对比 ,106
应用化学,吉林大学珠海学院,389,404,吉林,理科,2015,第三批,加入对比 ,106
日语,吉林大学珠海学院,390,395,吉林,理科,2015,第三批,加入对比 ,106
制药工程,吉林大学珠海学院,393,405,吉林,理科,2015,第三批,加入对比 ,106
化学工程与工艺,吉林大学珠海学院,395,399,吉林,理科,2015,第三批,加入对比 ,106
网络工程,吉林大学珠海学院,396,398,吉林,理科,2015,第三批,加入对比 ,106
通信工程,吉林大学珠海学院,396,421,吉林,理科,2015,第三批,加入对比 ,106
建筑学,吉林大学珠海学院,396,397,吉林,理科,2015,第三批,加入对比 ,106
计算机科学与技术,吉林大学珠海学院,396,418,吉林,理科,2015,第三批,加入对比 ,106
中药学,吉林大学珠海学院,397,402,吉林,理科,2015,第三批,加入对比 ,106
汽车服务工程,吉林大学珠海学院,397,447,吉林,理科,2015,第三批,加入对比 ,106
微电子科学与工程,吉林大学珠海学院,398,426,吉林,理科,2015,第三批,加入对比 ,106
英语,吉林大学珠海学院,398,403,吉林,理科,2015,第三批,加入对比 ,106
车辆工程,吉林大学珠海学院,399,421,吉林,理科,2015,第三批,加入对比 ,106
广告学,吉林大学珠海学院,400,400,吉林,理科,2015,第三批,加入对比 ,106
金融学,吉林大学珠海学院,404,404,吉林,理科,2015,第三批,加入对比 ,106
机械设计制造及其自动化,吉林大学珠海学院,408,440,吉林,理科,2015,第三批,加入对比 ,106
工商管理,吉林大学珠海学院,409,409,吉林,理科,2015,第三批,加入对比 ,106
软件工程,吉林大学珠海学院,409,429,吉林,理科,2015,第三批,加入对比 ,106
朝鲜语,吉林大学珠海学院,419,425,吉林,文科,2015,第三批,加入对比 ,106
日语,吉林大学珠海学院,423,429,吉林,文科,2015,第三批,加入对比 ,106
英语,吉林大学珠海学院,427,439,吉林,文科,2015,第三批,加入对比 ,106
汉语国际教育,吉林大学珠海学院,428,432,吉林,文科,2015,第三批,加入对比 ,106
汉语言文学,吉林大学珠海学院,433,450,吉林,文科,2015,第三批,加入对比 ,106
广告学,吉林大学珠海学院,433,450,吉林,文科,2015,第三批,加入对比 ,106
工商管理,吉林大学珠海学院,436,450,吉林,文科,2015,第三批,加入对比 ,106
金融学,吉林大学珠海学院,441,451,吉林,文科,2015,第三批,加入对比 ,106
会计学,吉林大学珠海学院,442,442,吉林,理科,2015,第三批,加入对比 ,106
物理学类,吉林大学,519,544,黑龙江,理科,2015,第一批,加入对比 ,106
哲学,吉林大学,585,586,黑龙江,文科,2015,第一批,加入对比 ,106
文物与博物馆学,吉林大学,586,587,黑龙江,文科,2015,第一批,加入对比 ,106
国际政治,吉林大学,586,591,黑龙江,文科,2015,第一批,加入对比 ,106
朝鲜语,吉林大学,586,590,黑龙江,文科,2015,第一批,加入对比 ,106
社会学,吉林大学,587,590,黑龙江,文科,2015,第一批,加入对比 ,106
俄语,吉林大学,587,590,黑龙江,文科,2015,第一批,加入对比 ,106
英语,吉林大学,587,590,黑龙江,文科,2015,第一批,加入对比 ,106
政治学与行政学,吉林大学,588,594,黑龙江,文科,2015,第一批,加入对比 ,106
日语,吉林大学,588,589,黑龙江,文科,2015,第一批,加入对比 ,106
动物科学,吉林大学,588,589,黑龙江,理科,2015,第一批,加入对比 ,106
农林经济管理,吉林大学,588,590,黑龙江,文科,2015,第一批,加入对比 ,106
土地资源管理,吉林大学,589,590,黑龙江,理科,2015,第一批,加入对比 ,106
农业资源与环境,吉林大学,589,589,黑龙江,理科,2015,第一批,加入对比 ,106
汉语言文学,吉林大学,589,593,黑龙江,文科,2015,第一批,加入对比 ,106
资源勘查工程,吉林大学,589,590,黑龙江,理科,2015,第一批,加入对比 ,106
地下水科学与工程,吉林大学,590,591,黑龙江,理科,2015,第一批,加入对比 ,106
历史学,吉林大学,590,593,黑龙江,文科,2015,第一批,加入对比 ,106
测绘工程,吉林大学,590,591,黑龙江,理科,2015,第一批,加入对比 ,106
工程力学,吉林大学,591,592,黑龙江,理科,2015,第一批,加入对比 ,106
地质学,吉林大学,591,593,黑龙江,理科,2015,第一批,加入对比 ,106
化学工程与工艺,吉林大学,591,592,黑龙江,理科,2015,第一批,加入对比 ,106
生物技术,吉林大学,591,595,黑龙江,理科,2015,第一批,加入对比 ,106
水文与水资源工程,吉林大学,591,591,黑龙江,理科,2015,第一批,加入对比 ,106
道路桥梁与渡河工程,吉林大学,591,596,黑龙江,理科,2015,第一批,加入对比 ,106
工业工程,吉林大学,591,594,黑龙江,理科,2015,第一批,加入对比 ,106
农林经济管理,吉林大学,592,593,黑龙江,理科,2015,第一批,加入对比 ,106
地球物理学,吉林大学,592,592,黑龙江,理科,2015,第一批,加入对比 ,106
生物医学工程,吉林大学,592,595,黑龙江,理科,2015,第一批,加入对比 ,106
药物制剂,吉林大学,592,596,黑龙江,理科,2015,第一批,加入对比 ,106
食品质量与安全,吉林大学,593,595,黑龙江,理科,2015,第一批,加入对比 ,106
应用物理学,吉林大学,593,597,黑龙江,理科,2015,第一批,加入对比 ,106
环境科学,吉林大学,593,596,黑龙江,理科,2015,第一批,加入对比 ,106
新闻学,吉林大学,593,594,黑龙江,文科,2015,第一批,加入对比 ,106
财政学,吉林大学,593,594,黑龙江,文科,2015,第一批,加入对比 ,106
农业机械化及其自动化,吉林大学,593,597,黑龙江,理科,2015,第一批,加入对比 ,106
地质工程,吉林大学,593,597,黑龙江,理科,2015,第一批,加入对比 ,106
日语,吉林大学,593,596,黑龙江,理科,2015,第一批,加入对比 ,106
广告学,吉林大学,593,593,黑龙江,理科,2015,第一批,加入对比 ,106
光电信息科学与工程,吉林大学,594,597,黑龙江,理科,2015,第一批,加入对比 ,106
信息管理与信息系统,吉林大学,594,598,黑龙江,理科,2015,第一批,加入对比 ,106
西班牙语,吉林大学,594,598,黑龙江,文科,2015,第一批,加入对比 ,106
生物科学,吉林大学,594,598,黑龙江,理科,2015,第一批,加入对比 ,106
勘查技术与工程,吉林大学,594,599,黑龙江,理科,2015,第一批,加入对比 ,106
外交学,吉林大学,594,594,黑龙江,文科,2015,第一批,加入对比 ,106
环境工程,吉林大学,595,602,黑龙江,理科,2015,第一批,加入对比 ,106
预防医学,吉林大学,595,601,黑龙江,理科,2015,第一批,加入对比 ,106
测控技术与仪器,吉林大学,595,602,黑龙江,理科,2015,第一批,加入对比 ,106
材料物理,吉林大学,595,598,黑龙江,理科,2015,第一批,加入对比 ,106
信息工程,吉林大学,595,598,黑龙江,理科,2015,第一批,加入对比 ,106
交通运输,吉林大学,596,601,黑龙江,理科,2015,第一批,加入对比 ,106
地理信息科学,吉林大学,596,600,黑龙江,理科,2015,第一批,加入对比 ,106
经济学,吉林大学,596,599,黑龙江,文科,2015,第一批,加入对比 ,106
制药工程,吉林大学,597,603,黑龙江,理科,2015,第一批,加入对比 ,106
无机非金属材料工程,吉林大学,597,606,黑龙江,理科,2015,第一批,加入对比 ,106
放射医学,吉林大学,598,610,黑龙江,理科,2015,第一批,加入对比 ,106
微电子科学与工程,吉林大学,598,603,黑龙江,理科,2015,第一批,加入对比 ,106
金融学,吉林大学,598,599,黑龙江,文科,2015,第一批,加入对比 ,106
信息与计算科学,吉林大学,598,602,黑龙江,理科,2015,第一批,加入对比 ,106
核物理,吉林大学,598,604,黑龙江,理科,2015,第一批,加入对比 ,106
物流工程,吉林大学,599,608,黑龙江,理科,2015,第一批,加入对比 ,106
计算机科学与技术,吉林大学,599,613,黑龙江,理科,2015,第一批,加入对比 ,106
材料成型及控制工程,吉林大学,599,603,黑龙江,理科,2015,第一批,加入对比 ,106
法学,吉林大学,599,602,黑龙江,文科,2015,第一批,加入对比 ,106
工商管理,吉林大学,599,604,黑龙江,理科,2015,第一批,加入对比 ,106
土木工程,吉林大学,600,610,黑龙江,理科,2015,第一批,加入对比 ,106
应用化学,吉林大学,600,604,黑龙江,理科,2015,第一批,加入对比 ,106
包装工程,吉林大学,601,605,黑龙江,理科,2015,第一批,加入对比 ,106
高分子材料与工程,吉林大学,601,605,黑龙江,理科,2015,第一批,加入对比 ,106
材料科学与工程,吉林大学,601,603,黑龙江,理科,2015,第一批,加入对比 ,106
汽车服务工程,吉林大学,602,613,黑龙江,理科,2015,第一批,加入对比 ,106
电子科学与技术,吉林大学,602,627,黑龙江,理科,2015,第一批,加入对比 ,106
统计学,吉林大学,603,606,黑龙江,理科,2015,第一批,加入对比 ,106
通信工程,吉林大学,603,614,黑龙江,理科,2015,第一批,加入对比 ,106
档案学,吉林大学,604,606,黑龙江,理科,2015,第一批,加入对比 ,106
化学,吉林大学,604,613,黑龙江,理科,2015,第一批,加入对比 ,106
电气工程及其自动化,吉林大学,604,611,黑龙江,理科,2015,第一批,加入对比 ,106
工程管理,吉林大学,605,606,黑龙江,理科,2015,第一批,加入对比 ,106
临床药学,吉林大学,605,609,黑龙江,理科,2015,第一批,加入对比 ,106
数学与应用数学,吉林大学,606,613,黑龙江,理科,2015,第一批,加入对比 ,106
物理学,吉林大学,607,614,黑龙江,理科,2015,第一批,加入对比 ,106
能源与动力工程,吉林大学,608,614,黑龙江,理科,2015,第一批,加入对比 ,106
财政学,吉林大学,608,608,黑龙江,理科,2015,第一批,加入对比 ,106
机械工程,吉林大学,609,615,黑龙江,理科,2015,第一批,加入对比 ,106
金融数学,吉林大学,609,611,黑龙江,理科,2015,第一批,加入对比 ,106
经济学,吉林大学,610,612,黑龙江,理科,2015,第一批,加入对比 ,106
电子信息工程,吉林大学,611,612,黑龙江,理科,2015,第一批,加入对比 ,106
法学,吉林大学,611,614,黑龙江,理科,2015,第一批,加入对比 ,106
会计学,吉林大学,613,617,黑龙江,理科,2015,第一批,加入对比 ,106
金融学,吉林大学,621,624,黑龙江,理科,2015,第一批,加入对比 ,106
物流工程,吉林大学,423,424,上海,理科,2015,第一批,加入对比 ,106
临床药学,吉林大学,424,424,上海,理科,2015,第一批,加入对比 ,106
药物制剂,吉林大学,425,429,上海,理科,2015,第一批,加入对比 ,106
环境工程,吉林大学,425,426,上海,理科,2015,第一批,加入对比 ,106
汉语国际教育,吉林大学珠海学院,428,432,吉林,文科,2015,第三批,加入对比 ,107
汉语言文学,吉林大学珠海学院,433,450,吉林,文科,2015,第三批,加入对比 ,107
广告学,吉林大学珠海学院,433,450,吉林,文科,2015,第三批,加入对比 ,107
工商管理,吉林大学珠海学院,436,450,吉林,文科,2015,第三批,加入对比 ,107
金融学,吉林大学珠海学院,441,451,吉林,文科,2015,第三批,加入对比 ,107
会计学,吉林大学珠海学院,442,442,吉林,理科,2015,第三批,加入对比 ,107
物理学类,吉林大学,519,544,黑龙江,理科,2015,第一批,加入对比 ,107
哲学,吉林大学,585,586,黑龙江,文科,2015,第一批,加入对比 ,107
文物与博物馆学,吉林大学,586,587,黑龙江,文科,2015,第一批,加入对比 ,107
国际政治,吉林大学,586,591,黑龙江,文科,2015,第一批,加入对比 ,107
朝鲜语,吉林大学,586,590,黑龙江,文科,2015,第一批,加入对比 ,107
社会学,吉林大学,587,590,黑龙江,文科,2015,第一批,加入对比 ,107
俄语,吉林大学,587,590,黑龙江,文科,2015,第一批,加入对比 ,107
英语,吉林大学,587,590,黑龙江,文科,2015,第一批,加入对比 ,107
政治学与行政学,吉林大学,588,594,黑龙江,文科,2015,第一批,加入对比 ,107
日语,吉林大学,588,589,黑龙江,文科,2015,第一批,加入对比 ,107
动物科学,吉林大学,588,589,黑龙江,理科,2015,第一批,加入对比 ,107
农林经济管理,吉林大学,588,590,黑龙江,文科,2015,第一批,加入对比 ,107
土地资源管理,吉林大学,589,590,黑龙江,理科,2015,第一批,加入对比 ,107
农业资源与环境,吉林大学,589,589,黑龙江,理科,2015,第一批,加入对比 ,107
汉语言文学,吉林大学,589,593,黑龙江,文科,2015,第一批,加入对比 ,107
资源勘查工程,吉林大学,589,590,黑龙江,理科,2015,第一批,加入对比 ,107
地下水科学与工程,吉林大学,590,591,黑龙江,理科,2015,第一批,加入对比 ,107
历史学,吉林大学,590,593,黑龙江,文科,2015,第一批,加入对比 ,107
测绘工程,吉林大学,590,591,黑龙江,理科,2015,第一批,加入对比 ,107
工程力学,吉林大学,591,592,黑龙江,理科,2015,第一批,加入对比 ,107
地质学,吉林大学,591,593,黑龙江,理科,2015,第一批,加入对比 ,107
化学工程与工艺,吉林大学,591,592,黑龙江,理科,2015,第一批,加入对比 ,107
生物技术,吉林大学,591,595,黑龙江,理科,2015,第一批,加入对比 ,107
水文与水资源工程,吉林大学,591,591,黑龙江,理科,2015,第一批,加入对比 ,107
道路桥梁与渡河工程,吉林大学,591,596,黑龙江,理科,2015,第一批,加入对比 ,107
工业工程,吉林大学,591,594,黑龙江,理科,2015,第一批,加入对比 ,107
农林经济管理,吉林大学,592,593,黑龙江,理科,2015,第一批,加入对比 ,107
地球物理学,吉林大学,592,592,黑龙江,理科,2015,第一批,加入对比 ,107
生物医学工程,吉林大学,592,595,黑龙江,理科,2015,第一批,加入对比 ,107
药物制剂,吉林大学,592,596,黑龙江,理科,2015,第一批,加入对比 ,107
食品质量与安全,吉林大学,593,595,黑龙江,理科,2015,第一批,加入对比 ,107
应用物理学,吉林大学,593,597,黑龙江,理科,2015,第一批,加入对比 ,107
环境科学,吉林大学,593,596,黑龙江,理科,2015,第一批,加入对比 ,107
新闻学,吉林大学,593,594,黑龙江,文科,2015,第一批,加入对比 ,107
财政学,吉林大学,593,594,黑龙江,文科,2015,第一批,加入对比 ,107
农业机械化及其自动化,吉林大学,593,597,黑龙江,理科,2015,第一批,加入对比 ,107
地质工程,吉林大学,593,597,黑龙江,理科,2015,第一批,加入对比 ,107
日语,吉林大学,593,596,黑龙江,理科,2015,第一批,加入对比 ,107
广告学,吉林大学,593,593,黑龙江,理科,2015,第一批,加入对比 ,107
光电信息科学与工程,吉林大学,594,597,黑龙江,理科,2015,第一批,加入对比 ,107
信息管理与信息系统,吉林大学,594,598,黑龙江,理科,2015,第一批,加入对比 ,107
西班牙语,吉林大学,594,598,黑龙江,文科,2015,第一批,加入对比 ,107
生物科学,吉林大学,594,598,黑龙江,理科,2015,第一批,加入对比 ,107
勘查技术与工程,吉林大学,594,599,黑龙江,理科,2015,第一批,加入对比 ,107
外交学,吉林大学,594,594,黑龙江,文科,2015,第一批,加入对比 ,107
环境工程,吉林大学,595,602,黑龙江,理科,2015,第一批,加入对比 ,107
预防医学,吉林大学,595,601,黑龙江,理科,2015,第一批,加入对比 ,107
测控技术与仪器,吉林大学,595,602,黑龙江,理科,2015,第一批,加入对比 ,107
材料物理,吉林大学,595,598,黑龙江,理科,2015,第一批,加入对比 ,107
信息工程,吉林大学,595,598,黑龙江,理科,2015,第一批,加入对比 ,107
交通运输,吉林大学,596,601,黑龙江,理科,2015,第一批,加入对比 ,107
地理信息科学,吉林大学,596,600,黑龙江,理科,2015,第一批,加入对比 ,107
经济学,吉林大学,596,599,黑龙江,文科,2015,第一批,加入对比 ,107
制药工程,吉林大学,597,603,黑龙江,理科,2015,第一批,加入对比 ,107
无机非金属材料工程,吉林大学,597,606,黑龙江,理科,2015,第一批,加入对比 ,107
放射医学,吉林大学,598,610,黑龙江,理科,2015,第一批,加入对比 ,107
微电子科学与工程,吉林大学,598,603,黑龙江,理科,2015,第一批,加入对比 ,107
金融学,吉林大学,598,599,黑龙江,文科,2015,第一批,加入对比 ,107
信息与计算科学,吉林大学,598,602,黑龙江,理科,2015,第一批,加入对比 ,107
核物理,吉林大学,598,604,黑龙江,理科,2015,第一批,加入对比 ,107
物流工程,吉林大学,599,608,黑龙江,理科,2015,第一批,加入对比 ,107
计算机科学与技术,吉林大学,599,613,黑龙江,理科,2015,第一批,加入对比 ,107
材料成型及控制工程,吉林大学,599,603,黑龙江,理科,2015,第一批,加入对比 ,107
法学,吉林大学,599,602,黑龙江,文科,2015,第一批,加入对比 ,107
工商管理,吉林大学,599,604,黑龙江,理科,2015,第一批,加入对比 ,107
土木工程,吉林大学,600,610,黑龙江,理科,2015,第一批,加入对比 ,107
应用化学,吉林大学,600,604,黑龙江,理科,2015,第一批,加入对比 ,107
包装工程,吉林大学,601,605,黑龙江,理科,2015,第一批,加入对比 ,107
高分子材料与工程,吉林大学,601,605,黑龙江,理科,2015,第一批,加入对比 ,107
材料科学与工程,吉林大学,601,603,黑龙江,理科,2015,第一批,加入对比 ,107
汽车服务工程,吉林大学,602,613,黑龙江,理科,2015,第一批,加入对比 ,107
电子科学与技术,吉林大学,602,627,黑龙江,理科,2015,第一批,加入对比 ,107
统计学,吉林大学,603,606,黑龙江,理科,2015,第一批,加入对比 ,107
通信工程,吉林大学,603,614,黑龙江,理科,2015,第一批,加入对比 ,107
档案学,吉林大学,604,606,黑龙江,理科,2015,第一批,加入对比 ,107
化学,吉林大学,604,613,黑龙江,理科,2015,第一批,加入对比 ,107
电气工程及其自动化,吉林大学,604,611,黑龙江,理科,2015,第一批,加入对比 ,107
工程管理,吉林大学,605,606,黑龙江,理科,2015,第一批,加入对比 ,107
临床药学,吉林大学,605,609,黑龙江,理科,2015,第一批,加入对比 ,107
数学与应用数学,吉林大学,606,613,黑龙江,理科,2015,第一批,加入对比 ,107
物理学,吉林大学,607,614,黑龙江,理科,2015,第一批,加入对比 ,107
能源与动力工程,吉林大学,608,614,黑龙江,理科,2015,第一批,加入对比 ,107
财政学,吉林大学,608,608,黑龙江,理科,2015,第一批,加入对比 ,107
机械工程,吉林大学,609,615,黑龙江,理科,2015,第一批,加入对比 ,107
金融数学,吉林大学,609,611,黑龙江,理科,2015,第一批,加入对比 ,107
经济学,吉林大学,610,612,黑龙江,理科,2015,第一批,加入对比 ,107
电子信息工程,吉林大学,611,612,黑龙江,理科,2015,第一批,加入对比 ,107
法学,吉林大学,611,614,黑龙江,理科,2015,第一批,加入对比 ,107
会计学,吉林大学,613,617,黑龙江,理科,2015,第一批,加入对比 ,107
金融学,吉林大学,621,624,黑龙江,理科,2015,第一批,加入对比 ,107
物流工程,吉林大学,423,424,上海,理科,2015,第一批,加入对比 ,107
临床药学,吉林大学,424,424,上海,理科,2015,第一批,加入对比 ,107
药物制剂,吉林大学,425,429,上海,理科,2015,第一批,加入对比 ,107
环境工程,吉林大学,425,426,上海,理科,2015,第一批,加入对比 ,107
工程力学,吉林大学,591,592,黑龙江,理科,2015,第一批,加入对比 ,108
地质学,吉林大学,591,593,黑龙江,理科,2015,第一批,加入对比 ,108
化学工程与工艺,吉林大学,591,592,黑龙江,理科,2015,第一批,加入对比 ,108
生物技术,吉林大学,591,595,黑龙江,理科,2015,第一批,加入对比 ,108
水文与水资源工程,吉林大学,591,591,黑龙江,理科,2015,第一批,加入对比 ,108
道路桥梁与渡河工程,吉林大学,591,596,黑龙江,理科,2015,第一批,加入对比 ,108
工业工程,吉林大学,591,594,黑龙江,理科,2015,第一批,加入对比 ,108
农林经济管理,吉林大学,592,593,黑龙江,理科,2015,第一批,加入对比 ,108
地球物理学,吉林大学,592,592,黑龙江,理科,2015,第一批,加入对比 ,108
生物医学工程,吉林大学,592,595,黑龙江,理科,2015,第一批,加入对比 ,108
药物制剂,吉林大学,592,596,黑龙江,理科,2015,第一批,加入对比 ,108
食品质量与安全,吉林大学,593,595,黑龙江,理科,2015,第一批,加入对比 ,108
应用物理学,吉林大学,593,597,黑龙江,理科,2015,第一批,加入对比 ,108
环境科学,吉林大学,593,596,黑龙江,理科,2015,第一批,加入对比 ,108
新闻学,吉林大学,593,594,黑龙江,文科,2015,第一批,加入对比 ,108
财政学,吉林大学,593,594,黑龙江,文科,2015,第一批,加入对比 ,108
农业机械化及其自动化,吉林大学,593,597,黑龙江,理科,2015,第一批,加入对比 ,108
地质工程,吉林大学,593,597,黑龙江,理科,2015,第一批,加入对比 ,108
日语,吉林大学,593,596,黑龙江,理科,2015,第一批,加入对比 ,108
广告学,吉林大学,593,593,黑龙江,理科,2015,第一批,加入对比 ,108
光电信息科学与工程,吉林大学,594,597,黑龙江,理科,2015,第一批,加入对比 ,108
信息管理与信息系统,吉林大学,594,598,黑龙江,理科,2015,第一批,加入对比 ,108
西班牙语,吉林大学,594,598,黑龙江,文科,2015,第一批,加入对比 ,108
生物科学,吉林大学,594,598,黑龙江,理科,2015,第一批,加入对比 ,108
勘查技术与工程,吉林大学,594,599,黑龙江,理科,2015,第一批,加入对比 ,108
外交学,吉林大学,594,594,黑龙江,文科,2015,第一批,加入对比 ,108
环境工程,吉林大学,595,602,黑龙江,理科,2015,第一批,加入对比 ,108
预防医学,吉林大学,595,601,黑龙江,理科,2015,第一批,加入对比 ,108
测控技术与仪器,吉林大学,595,602,黑龙江,理科,2015,第一批,加入对比 ,108
材料物理,吉林大学,595,598,黑龙江,理科,2015,第一批,加入对比 ,108
信息工程,吉林大学,595,598,黑龙江,理科,2015,第一批,加入对比 ,108
交通运输,吉林大学,596,601,黑龙江,理科,2015,第一批,加入对比 ,108
地理信息科学,吉林大学,596,600,黑龙江,理科,2015,第一批,加入对比 ,108
经济学,吉林大学,596,599,黑龙江,文科,2015,第一批,加入对比 ,108
制药工程,吉林大学,597,603,黑龙江,理科,2015,第一批,加入对比 ,108
无机非金属材料工程,吉林大学,597,606,黑龙江,理科,2015,第一批,加入对比 ,108
放射医学,吉林大学,598,610,黑龙江,理科,2015,第一批,加入对比 ,108
微电子科学与工程,吉林大学,598,603,黑龙江,理科,2015,第一批,加入对比 ,108
金融学,吉林大学,598,599,黑龙江,文科,2015,第一批,加入对比 ,108
信息与计算科学,吉林大学,598,602,黑龙江,理科,2015,第一批,加入对比 ,108
核物理,吉林大学,598,604,黑龙江,理科,2015,第一批,加入对比 ,108
物流工程,吉林大学,599,608,黑龙江,理科,2015,第一批,加入对比 ,108
计算机科学与技术,吉林大学,599,613,黑龙江,理科,2015,第一批,加入对比 ,108
材料成型及控制工程,吉林大学,599,603,黑龙江,理科,2015,第一批,加入对比 ,108
法学,吉林大学,599,602,黑龙江,文科,2015,第一批,加入对比 ,108
工商管理,吉林大学,599,604,黑龙江,理科,2015,第一批,加入对比 ,108
土木工程,吉林大学,600,610,黑龙江,理科,2015,第一批,加入对比 ,108
应用化学,吉林大学,600,604,黑龙江,理科,2015,第一批,加入对比 ,108
包装工程,吉林大学,601,605,黑龙江,理科,2015,第一批,加入对比 ,108
高分子材料与工程,吉林大学,601,605,黑龙江,理科,2015,第一批,加入对比 ,108
材料科学与工程,吉林大学,601,603,黑龙江,理科,2015,第一批,加入对比 ,108
汽车服务工程,吉林大学,602,613,黑龙江,理科,2015,第一批,加入对比 ,108
电子科学与技术,吉林大学,602,627,黑龙江,理科,2015,第一批,加入对比 ,108
统计学,吉林大学,603,606,黑龙江,理科,2015,第一批,加入对比 ,108
通信工程,吉林大学,603,614,黑龙江,理科,2015,第一批,加入对比 ,108
档案学,吉林大学,604,606,黑龙江,理科,2015,第一批,加入对比 ,108
化学,吉林大学,604,613,黑龙江,理科,2015,第一批,加入对比 ,108
电气工程及其自动化,吉林大学,604,611,黑龙江,理科,2015,第一批,加入对比 ,108
工程管理,吉林大学,605,606,黑龙江,理科,2015,第一批,加入对比 ,108
临床药学,吉林大学,605,609,黑龙江,理科,2015,第一批,加入对比 ,108
数学与应用数学,吉林大学,606,613,黑龙江,理科,2015,第一批,加入对比 ,108
物理学,吉林大学,607,614,黑龙江,理科,2015,第一批,加入对比 ,108
能源与动力工程,吉林大学,608,614,黑龙江,理科,2015,第一批,加入对比 ,108
财政学,吉林大学,608,608,黑龙江,理科,2015,第一批,加入对比 ,108
机械工程,吉林大学,609,615,黑龙江,理科,2015,第一批,加入对比 ,108
金融数学,吉林大学,609,611,黑龙江,理科,2015,第一批,加入对比 ,108
经济学,吉林大学,610,612,黑龙江,理科,2015,第一批,加入对比 ,108
电子信息工程,吉林大学,611,612,黑龙江,理科,2015,第一批,加入对比 ,108
法学,吉林大学,611,614,黑龙江,理科,2015,第一批,加入对比 ,108
会计学,吉林大学,613,617,黑龙江,理科,2015,第一批,加入对比 ,108
金融学,吉林大学,621,624,黑龙江,理科,2015,第一批,加入对比 ,108
物流工程,吉林大学,423,424,上海,理科,2015,第一批,加入对比 ,108
临床药学,吉林大学,424,424,上海,理科,2015,第一批,加入对比 ,108
药物制剂,吉林大学,425,429,上海,理科,2015,第一批,加入对比 ,108
环境工程,吉林大学,425,426,上海,理科,2015,第一批,加入对比 ,108
外交学,吉林大学,594,594,黑龙江,文科,2015,第一批,加入对比 ,109
环境工程,吉林大学,595,602,黑龙江,理科,2015,第一批,加入对比 ,109
预防医学,吉林大学,595,601,黑龙江,理科,2015,第一批,加入对比 ,109
测控技术与仪器,吉林大学,595,602,黑龙江,理科,2015,第一批,加入对比 ,109
材料物理,吉林大学,595,598,黑龙江,理科,2015,第一批,加入对比 ,109
信息工程,吉林大学,595,598,黑龙江,理科,2015,第一批,加入对比 ,109
交通运输,吉林大学,596,601,黑龙江,理科,2015,第一批,加入对比 ,109
地理信息科学,吉林大学,596,600,黑龙江,理科,2015,第一批,加入对比 ,109
经济学,吉林大学,596,599,黑龙江,文科,2015,第一批,加入对比 ,109
制药工程,吉林大学,597,603,黑龙江,理科,2015,第一批,加入对比 ,109
无机非金属材料工程,吉林大学,597,606,黑龙江,理科,2015,第一批,加入对比 ,109
放射医学,吉林大学,598,610,黑龙江,理科,2015,第一批,加入对比 ,109
微电子科学与工程,吉林大学,598,603,黑龙江,理科,2015,第一批,加入对比 ,109
金融学,吉林大学,598,599,黑龙江,文科,2015,第一批,加入对比 ,109
信息与计算科学,吉林大学,598,602,黑龙江,理科,2015,第一批,加入对比 ,109
核物理,吉林大学,598,604,黑龙江,理科,2015,第一批,加入对比 ,109
物流工程,吉林大学,599,608,黑龙江,理科,2015,第一批,加入对比 ,109
计算机科学与技术,吉林大学,599,613,黑龙江,理科,2015,第一批,加入对比 ,109
材料成型及控制工程,吉林大学,599,603,黑龙江,理科,2015,第一批,加入对比 ,109
法学,吉林大学,599,602,黑龙江,文科,2015,第一批,加入对比 ,109
工商管理,吉林大学,599,604,黑龙江,理科,2015,第一批,加入对比 ,109
土木工程,吉林大学,600,610,黑龙江,理科,2015,第一批,加入对比 ,109
应用化学,吉林大学,600,604,黑龙江,理科,2015,第一批,加入对比 ,109
包装工程,吉林大学,601,605,黑龙江,理科,2015,第一批,加入对比 ,109
高分子材料与工程,吉林大学,601,605,黑龙江,理科,2015,第一批,加入对比 ,109
材料科学与工程,吉林大学,601,603,黑龙江,理科,2015,第一批,加入对比 ,109
汽车服务工程,吉林大学,602,613,黑龙江,理科,2015,第一批,加入对比 ,109
电子科学与技术,吉林大学,602,627,黑龙江,理科,2015,第一批,加入对比 ,109
统计学,吉林大学,603,606,黑龙江,理科,2015,第一批,加入对比 ,109
通信工程,吉林大学,603,614,黑龙江,理科,2015,第一批,加入对比 ,109
档案学,吉林大学,604,606,黑龙江,理科,2015,第一批,加入对比 ,109
化学,吉林大学,604,613,黑龙江,理科,2015,第一批,加入对比 ,109
电气工程及其自动化,吉林大学,604,611,黑龙江,理科,2015,第一批,加入对比 ,109
工程管理,吉林大学,605,606,黑龙江,理科,2015,第一批,加入对比 ,109
临床药学,吉林大学,605,609,黑龙江,理科,2015,第一批,加入对比 ,109
数学与应用数学,吉林大学,606,613,黑龙江,理科,2015,第一批,加入对比 ,109
物理学,吉林大学,607,614,黑龙江,理科,2015,第一批,加入对比 ,109
能源与动力工程,吉林大学,608,614,黑龙江,理科,2015,第一批,加入对比 ,109
财政学,吉林大学,608,608,黑龙江,理科,2015,第一批,加入对比 ,109
机械工程,吉林大学,609,615,黑龙江,理科,2015,第一批,加入对比 ,109
金融数学,吉林大学,609,611,黑龙江,理科,2015,第一批,加入对比 ,109
经济学,吉林大学,610,612,黑龙江,理科,2015,第一批,加入对比 ,109
电子信息工程,吉林大学,611,612,黑龙江,理科,2015,第一批,加入对比 ,109
法学,吉林大学,611,614,黑龙江,理科,2015,第一批,加入对比 ,109
会计学,吉林大学,613,617,黑龙江,理科,2015,第一批,加入对比 ,109
金融学,吉林大学,621,624,黑龙江,理科,2015,第一批,加入对比 ,109
物流工程,吉林大学,423,424,上海,理科,2015,第一批,加入对比 ,109
临床药学,吉林大学,424,424,上海,理科,2015,第一批,加入对比 ,109
药物制剂,吉林大学,425,429,上海,理科,2015,第一批,加入对比 ,109
环境工程,吉林大学,425,426,上海,理科,2015,第一批,加入对比 ,109
材料科学与工程,吉林大学,601,603,黑龙江,理科,2015,第一批,加入对比 ,110
汽车服务工程,吉林大学,602,613,黑龙江,理科,2015,第一批,加入对比 ,110
电子科学与技术,吉林大学,602,627,黑龙江,理科,2015,第一批,加入对比 ,110
统计学,吉林大学,603,606,黑龙江,理科,2015,第一批,加入对比 ,110
通信工程,吉林大学,603,614,黑龙江,理科,2015,第一批,加入对比 ,110
档案学,吉林大学,604,606,黑龙江,理科,2015,第一批,加入对比 ,110
化学,吉林大学,604,613,黑龙江,理科,2015,第一批,加入对比 ,110
电气工程及其自动化,吉林大学,604,611,黑龙江,理科,2015,第一批,加入对比 ,110
工程管理,吉林大学,605,606,黑龙江,理科,2015,第一批,加入对比 ,110
临床药学,吉林大学,605,609,黑龙江,理科,2015,第一批,加入对比 ,110
数学与应用数学,吉林大学,606,613,黑龙江,理科,2015,第一批,加入对比 ,110
物理学,吉林大学,607,614,黑龙江,理科,2015,第一批,加入对比 ,110
能源与动力工程,吉林大学,608,614,黑龙江,理科,2015,第一批,加入对比 ,110
财政学,吉林大学,608,608,黑龙江,理科,2015,第一批,加入对比 ,110
机械工程,吉林大学,609,615,黑龙江,理科,2015,第一批,加入对比 ,110
金融数学,吉林大学,609,611,黑龙江,理科,2015,第一批,加入对比 ,110
经济学,吉林大学,610,612,黑龙江,理科,2015,第一批,加入对比 ,110
电子信息工程,吉林大学,611,612,黑龙江,理科,2015,第一批,加入对比 ,110
法学,吉林大学,611,614,黑龙江,理科,2015,第一批,加入对比 ,110
会计学,吉林大学,613,617,黑龙江,理科,2015,第一批,加入对比 ,110
金融学,吉林大学,621,624,黑龙江,理科,2015,第一批,加入对比 ,110
物流工程,吉林大学,423,424,上海,理科,2015,第一批,加入对比 ,110
临床药学,吉林大学,424,424,上海,理科,2015,第一批,加入对比 ,110
药物制剂,吉林大学,425,429,上海,理科,2015,第一批,加入对比 ,110
环境工程,吉林大学,425,426,上海,理科,2015,第一批,加入对比 ,110
土木工程,吉林大学,431,433,上海,理科,2015,第一批,加入对比 ,111
汽车服务工程,吉林大学,436,440,上海,理科,2015,第一批,加入对比 ,111
社会学,吉林大学,438,439,上海,文科,2015,第一批,加入对比 ,111
新闻学,吉林大学,440,444,上海,文科,2015,第一批,加入对比 ,111
化学工程与工艺,吉林大学,441,445,上海,理科,2015,第一批,加入对比 ,111
计算机科学与技术,吉林大学,445,446,上海,理科,2015,第一批,加入对比 ,111
通信工程,吉林大学,448,449,上海,理科,2015,第一批,加入对比 ,111
法学,吉林大学,455,461,上海,文科,2015,第一批,加入对比 ,111
车辆工程,吉林大学,460,464,上海,理科,2015,第一批,加入对比 ,111
通信工程,吉林大学珠海学院,359,359,上海,理科,2015,第二批,加入对比 ,111
地质工程,吉林大学,359,361,江苏,理科,2015,第一批,加入对比 ,111
药物制剂,吉林大学,360,363,江苏,理科,2015,第一批,加入对比 ,111
档案学,吉林大学,361,362,江苏,理科,2015,第一批,加入对比 ,111
食品质量与安全,吉林大学,361,362,江苏,理科,2015,第一批,加入对比 ,111
生物医学工程,吉林大学,361,363,江苏,理科,2015,第一批,加入对比 ,111
地理信息科学,吉林大学,361,364,江苏,理科,2015,第一批,加入对比 ,111
地理科学,吉林大学,361,361,江苏,理科,2015,第一批,加入对比 ,111
土地资源管理,吉林大学,362,364,江苏,理科,2015,第一批,加入对比 ,111
临床药学,吉林大学,362,364,江苏,理科,2015,第一批,加入对比 ,111
食品科学与工程,吉林大学,362,363,江苏,理科,2015,第一批,加入对比 ,111
交通工程,吉林大学,362,365,江苏,理科,2015,第一批,加入对比 ,111
交通运输,吉林大学,362,366,江苏,理科,2015,第一批,加入对比 ,111
测绘工程,吉林大学,362,363,江苏,理科,2015,第一批,加入对比 ,111
水文与水资源工程,吉林大学,362,364,江苏,理科,2015,第一批,加入对比 ,111
预防医学,吉林大学,363,366,江苏,理科,2015,第一批,加入对比 ,111
环境科学,吉林大学,363,365,江苏,理科,2015,第一批,加入对比 ,112
农业机械化及其自动化,吉林大学,363,363,江苏,理科,2015,第一批,加入对比 ,112
地下水科学与工程,吉林大学,363,365,江苏,理科,2015,第一批,加入对比 ,112
无机非金属材料工程,吉林大学,363,364,江苏,理科,2015,第一批,加入对比 ,112
工程管理,吉林大学,364,366,江苏,理科,2015,第一批,加入对比 ,112
信息管理与信息系统,吉林大学,364,366,江苏,理科,2015,第一批,加入对比 ,112
环境工程,吉林大学,364,366,江苏,理科,2015,第一批,加入对比 ,112
道路桥梁与渡河工程,吉林大学,364,364,江苏,理科,2015,第一批,加入对比 ,112
信息工程,吉林大学,364,367,江苏,理科,2015,第一批,加入对比 ,112
材料物理,吉林大学,364,364,江苏,理科,2015,第一批,加入对比 ,112
汽车服务工程,吉林大学,364,364,江苏,理科,2015,第一批,加入对比 ,112
生物技术,吉林大学,364,366,江苏,理科,2015,第一批,加入对比 ,112
广告学,吉林大学,364,365,江苏,理科,2015,第一批,加入对比 ,112
汉语言文学,吉林大学,364,365,江苏,文科,2015,第一批,加入对比 ,112
工业工程,吉林大学,364,365,江苏,理科,2015,第一批,加入对比 ,112
物流工程,吉林大学,364,364,江苏,理科,2015,第一批,加入对比 ,112
制药工程,吉林大学,365,366,江苏,理科,2015,第一批,加入对比 ,112
化学工程与工艺,吉林大学,365,366,江苏,理科,2015,第一批,加入对比 ,112
地质学,吉林大学,365,366,江苏,理科,2015,第一批,加入对比 ,112
外交学,吉林大学,365,365,江苏,文科,2015,第一批,加入对比 ,112
测控技术与仪器,吉林大学,366,367,江苏,理科,2015,第一批,加入对比 ,112
材料成型及控制工程,吉林大学,366,368,江苏,理科,2015,第一批,加入对比 ,112
生物科学,吉林大学,366,367,江苏,理科,2015,第一批,加入对比 ,112
新闻学,吉林大学,366,366,江苏,文科,2015,第一批,加入对比 ,112
土木工程,吉林大学,366,367,江苏,理科,2015,第一批,加入对比 ,112
电子科学与技术,吉林大学,366,368,江苏,理科,2015,第一批,加入对比 ,112
自动化,吉林大学,367,368,江苏,理科,2015,第一批,加入对比 ,112
电子信息工程,吉林大学,367,368,江苏,理科,2015,第一批,加入对比 ,112
材料化学,吉林大学,367,369,江苏,理科,2015,第一批,加入对比 ,112
核物理,吉林大学,367,368,江苏,理科,2015,第一批,加入对比 ,112
信息与计算科学,吉林大学,367,370,江苏,理科,2015,第一批,加入对比 ,112
金融数学,吉林大学,367,370,江苏,理科,2015,第一批,加入对比 ,112
工程力学,吉林大学,367,368,江苏,理科,2015,第一批,加入对比 ,112
通信工程,吉林大学,367,369,江苏,理科,2015,第一批,加入对比 ,112
金融学,吉林大学,368,369,江苏,文科,2015,第一批,加入对比 ,112
材料科学与工程,吉林大学,368,368,江苏,理科,2015,第一批,加入对比 ,112
化学,吉林大学,368,370,江苏,理科,2015,第一批,加入对比 ,112
微电子科学与工程,吉林大学,369,370,江苏,理科,2015,第一批,加入对比 ,112
法学,吉林大学,369,369,江苏,理科,2015,第一批,加入对比 ,112
统计学,吉林大学,370,371,江苏,理科,2015,第一批,加入对比 ,112
财政学,吉林大学,370,371,江苏,理科,2015,第一批,加入对比 ,112
电气工程及其自动化,吉林大学,370,372,江苏,理科,2015,第一批,加入对比 ,112
物联网工程,吉林大学,370,373,江苏,理科,2015,第一批,加入对比 ,112
数学与应用数学,吉林大学,370,370,江苏,理科,2015,第一批,加入对比 ,112
物理学,吉林大学,372,374,江苏,理科,2015,第一批,加入对比 ,112
会计学,吉林大学,373,376,江苏,理科,2015,第一批,加入对比 ,112
金融学,吉林大学,374,375,江苏,理科,2015,第一批,加入对比 ,112
工程力学,吉林大学,632,633,安徽,理科,2015,第一批,加入对比 ,112
地球物理学,吉林大学,632,632,安徽,理科,2015,第一批,加入对比 ,112
地理信息科学,吉林大学,632,633,安徽,理科,2015,第一批,加入对比 ,112
电子科学与技术,吉林大学,366,368,江苏,理科,2015,第一批,加入对比 ,113
自动化,吉林大学,367,368,江苏,理科,2015,第一批,加入对比 ,113
电子信息工程,吉林大学,367,368,江苏,理科,2015,第一批,加入对比 ,113
材料化学,吉林大学,367,369,江苏,理科,2015,第一批,加入对比 ,113
核物理,吉林大学,367,368,江苏,理科,2015,第一批,加入对比 ,113
信息与计算科学,吉林大学,367,370,江苏,理科,2015,第一批,加入对比 ,113
金融数学,吉林大学,367,370,江苏,理科,2015,第一批,加入对比 ,113
工程力学,吉林大学,367,368,江苏,理科,2015,第一批,加入对比 ,113
通信工程,吉林大学,367,369,江苏,理科,2015,第一批,加入对比 ,113
金融学,吉林大学,368,369,江苏,文科,2015,第一批,加入对比 ,113
材料科学与工程,吉林大学,368,368,江苏,理科,2015,第一批,加入对比 ,113
化学,吉林大学,368,370,江苏,理科,2015,第一批,加入对比 ,113
微电子科学与工程,吉林大学,369,370,江苏,理科,2015,第一批,加入对比 ,113
法学,吉林大学,369,369,江苏,理科,2015,第一批,加入对比 ,113
统计学,吉林大学,370,371,江苏,理科,2015,第一批,加入对比 ,113
财政学,吉林大学,370,371,江苏,理科,2015,第一批,加入对比 ,113
电气工程及其自动化,吉林大学,370,372,江苏,理科,2015,第一批,加入对比 ,113
物联网工程,吉林大学,370,373,江苏,理科,2015,第一批,加入对比 ,113
数学与应用数学,吉林大学,370,370,江苏,理科,2015,第一批,加入对比 ,113
物理学,吉林大学,372,374,江苏,理科,2015,第一批,加入对比 ,113
会计学,吉林大学,373,376,江苏,理科,2015,第一批,加入对比 ,113
金融学,吉林大学,374,375,江苏,理科,2015,第一批,加入对比 ,113
工程力学,吉林大学,632,633,安徽,理科,2015,第一批,加入对比 ,113
地球物理学,吉林大学,632,632,安徽,理科,2015,第一批,加入对比 ,113
地理信息科学,吉林大学,632,633,安徽,理科,2015,第一批,加入对比 ,113
工商管理,吉林大学,633,634,安徽,理科,2015,第一批,加入对比 ,113
地质学,吉林大学,633,634,安徽,理科,2015,第一批,加入对比 ,113
农业机械化及其自动化,吉林大学,633,633,安徽,理科,2015,第一批,加入对比 ,113
交通工程,吉林大学,633,633,安徽,理科,2015,第一批,加入对比 ,113
生物医学工程,吉林大学,633,635,安徽,理科,2015,第一批,加入对比 ,113
测绘工程,吉林大学,633,635,安徽,理科,2015,第一批,加入对比 ,113
工业工程,吉林大学,633,633,安徽,理科,2015,第一批,加入对比 ,113
制药工程,吉林大学,634,636,安徽,理科,2015,第一批,加入对比 ,113
汽车服务工程,吉林大学,634,635,安徽,理科,2015,第一批,加入对比 ,113
材料化学,吉林大学,634,635,安徽,理科,2015,第一批,加入对比 ,113
信息与计算科学,吉林大学,635,636,安徽,理科,2015,第一批,加入对比 ,113
应用物理学,吉林大学,635,636,安徽,理科,2015,第一批,加入对比 ,113
材料科学与工程,吉林大学,635,635,安徽,理科,2015,第一批,加入对比 ,113
会计学,吉林大学,635,637,安徽,理科,2015,第一批,加入对比 ,113
物理学,吉林大学,636,637,安徽,理科,2015,第一批,加入对比 ,113
土木工程,吉林大学,636,637,安徽,理科,2015,第一批,加入对比 ,113
材料成型及控制工程,吉林大学,636,637,安徽,理科,2015,第一批,加入对比 ,113
统计学,吉林大学,636,636,安徽,理科,2015,第一批,加入对比 ,113
电子信息工程,吉林大学,637,638,安徽,理科,2015,第一批,加入对比 ,113
法学,吉林大学,637,640,安徽,理科,2015,第一批,加入对比 ,113
数学与应用数学,吉林大学,637,638,安徽,理科,2015,第一批,加入对比 ,113
能源与动力工程,吉林大学,637,639,安徽,理科,2015,第一批,加入对比 ,113
电气工程及其自动化,吉林大学,638,639,安徽,理科,2015,第一批,加入对比 ,113
电子科学与技术,吉林大学,639,642,安徽,理科,2015,第一批,加入对比 ,113
机械工程,吉林大学,639,641,安徽,理科,2015,第一批,加入对比 ,113
化学,吉林大学,639,641,安徽,理科,2015,第一批,加入对比 ,113
金融学,吉林大学,640,643,安徽,理科,2015,第一批,加入对比 ,113
微电子科学与工程,吉林大学,641,646,安徽,理科,2015,第一批,加入对比 ,113
车辆工程,吉林大学,644,647,安徽,理科,2015,第一批,加入对比 ,113
哲学,吉林大学,647,647,安徽,文科,2015,第一批,加入对比 ,113
政治学与行政学,吉林大学,647,647,安徽,文科,2015,第一批,加入对比 ,113
西班牙语,吉林大学,647,647,安徽,文科,2015,第一批,加入对比 ,113
金融学,吉林大学,648,650,安徽,文科,2015,第一批,加入对比 ,113
日语,吉林大学,648,648,安徽,文科,2015,第一批,加入对比 ,113
经济学,吉林大学,649,650,安徽,文科,2015,第一批,加入对比 ,113
法学,吉林大学,650,650,安徽,文科,2015,第一批,加入对比 ,113
汉语言文学,吉林大学,622,626,山东,文科,2015,第一批,加入对比 ,113
政治学与行政学,吉林大学,622,626,山东,文科,2015,第一批,加入对比 ,113
文物与博物馆学,吉林大学,624,624,山东,文科,2015,第一批,加入对比 ,113
西班牙语,吉林大学,624,626,山东,文科,2015,第一批,加入对比 ,113
英语,吉林大学,625,625,山东,文科,2015,第一批,加入对比 ,113
软件工程,吉林大学,626,647,山东,理科,2015,第一批,加入对比 ,113
法学,吉林大学,628,633,山东,文科,2015,第一批,加入对比 ,113
金融学,吉林大学,629,630,山东,文科,2015,第一批,加入对比 ,113
经济学,吉林大学,632,633,山东,文科,2015,第一批,加入对比 ,113
地质工程,吉林大学,632,633,山东,理科,2015,第一批,加入对比 ,113
农林经济管理,吉林大学,633,633,山东,理科,2015,第一批,加入对比 ,113
资源勘查工程,吉林大学,633,636,山东,理科,2015,第一批,加入对比 ,113
广告学,吉林大学,633,635,山东,理科,2015,第一批,加入对比 ,113
水文与水资源工程,吉林大学,633,635,山东,理科,2015,第一批,加入对比 ,113
工商管理,吉林大学,633,634,安徽,理科,2015,第一批,加入对比 ,114
地质学,吉林大学,633,634,安徽,理科,2015,第一批,加入对比 ,114
农业机械化及其自动化,吉林大学,633,633,安徽,理科,2015,第一批,加入对比 ,114
交通工程,吉林大学,633,633,安徽,理科,2015,第一批,加入对比 ,114
生物医学工程,吉林大学,633,635,安徽,理科,2015,第一批,加入对比 ,114
测绘工程,吉林大学,633,635,安徽,理科,2015,第一批,加入对比 ,114
工业工程,吉林大学,633,633,安徽,理科,2015,第一批,加入对比 ,114
制药工程,吉林大学,634,636,安徽,理科,2015,第一批,加入对比 ,114
汽车服务工程,吉林大学,634,635,安徽,理科,2015,第一批,加入对比 ,114
材料化学,吉林大学,634,635,安徽,理科,2015,第一批,加入对比 ,114
信息与计算科学,吉林大学,635,636,安徽,理科,2015,第一批,加入对比 ,114
应用物理学,吉林大学,635,636,安徽,理科,2015,第一批,加入对比 ,114
材料科学与工程,吉林大学,635,635,安徽,理科,2015,第一批,加入对比 ,114
会计学,吉林大学,635,637,安徽,理科,2015,第一批,加入对比 ,114
物理学,吉林大学,636,637,安徽,理科,2015,第一批,加入对比 ,114
土木工程,吉林大学,636,637,安徽,理科,2015,第一批,加入对比 ,114
材料成型及控制工程,吉林大学,636,637,安徽,理科,2015,第一批,加入对比 ,114
统计学,吉林大学,636,636,安徽,理科,2015,第一批,加入对比 ,114
电子信息工程,吉林大学,637,638,安徽,理科,2015,第一批,加入对比 ,114
法学,吉林大学,637,640,安徽,理科,2015,第一批,加入对比 ,114
数学与应用数学,吉林大学,637,638,安徽,理科,2015,第一批,加入对比 ,114
能源与动力工程,吉林大学,637,639,安徽,理科,2015,第一批,加入对比 ,114
电气工程及其自动化,吉林大学,638,639,安徽,理科,2015,第一批,加入对比 ,114
电子科学与技术,吉林大学,639,642,安徽,理科,2015,第一批,加入对比 ,114
机械工程,吉林大学,639,641,安徽,理科,2015,第一批,加入对比 ,114
化学,吉林大学,639,641,安徽,理科,2015,第一批,加入对比 ,114
金融学,吉林大学,640,643,安徽,理科,2015,第一批,加入对比 ,114
微电子科学与工程,吉林大学,641,646,安徽,理科,2015,第一批,加入对比 ,114
车辆工程,吉林大学,644,647,安徽,理科,2015,第一批,加入对比 ,114
哲学,吉林大学,647,647,安徽,文科,2015,第一批,加入对比 ,114
政治学与行政学,吉林大学,647,647,安徽,文科,2015,第一批,加入对比 ,114
西班牙语,吉林大学,647,647,安徽,文科,2015,第一批,加入对比 ,114
金融学,吉林大学,648,650,安徽,文科,2015,第一批,加入对比 ,114
日语,吉林大学,648,648,安徽,文科,2015,第一批,加入对比 ,114
经济学,吉林大学,649,650,安徽,文科,2015,第一批,加入对比 ,114
法学,吉林大学,650,650,安徽,文科,2015,第一批,加入对比 ,114
汉语言文学,吉林大学,622,626,山东,文科,2015,第一批,加入对比 ,114
政治学与行政学,吉林大学,622,626,山东,文科,2015,第一批,加入对比 ,114
文物与博物馆学,吉林大学,624,624,山东,文科,2015,第一批,加入对比 ,114
西班牙语,吉林大学,624,626,山东,文科,2015,第一批,加入对比 ,114
英语,吉林大学,625,625,山东,文科,2015,第一批,加入对比 ,114
软件工程,吉林大学,626,647,山东,理科,2015,第一批,加入对比 ,114
法学,吉林大学,628,633,山东,文科,2015,第一批,加入对比 ,114
金融学,吉林大学,629,630,山东,文科,2015,第一批,加入对比 ,114
经济学,吉林大学,632,633,山东,文科,2015,第一批,加入对比 ,114
地质工程,吉林大学,632,633,山东,理科,2015,第一批,加入对比 ,114
农林经济管理,吉林大学,633,633,山东,理科,2015,第一批,加入对比 ,114
资源勘查工程,吉林大学,633,636,山东,理科,2015,第一批,加入对比 ,114
广告学,吉林大学,633,635,山东,理科,2015,第一批,加入对比 ,114
水文与水资源工程,吉林大学,633,635,山东,理科,2015,第一批,加入对比 ,114
地理信息科学,吉林大学,633,633,山东,理科,2015,第一批,加入对比 ,114
地下水科学与工程,吉林大学,634,638,山东,理科,2015,第一批,加入对比 ,114
测绘工程,吉林大学,634,636,山东,理科,2015,第一批,加入对比 ,114
道路桥梁与渡河工程,吉林大学,634,637,山东,理科,2015,第一批,加入对比 ,114
食品质量与安全,吉林大学,634,638,山东,理科,2015,第一批,加入对比 ,114
工程管理,吉林大学,636,640,山东,理科,2015,第一批,加入对比 ,114
测控技术与仪器,吉林大学,636,641,山东,理科,2015,第一批,加入对比 ,114
电子科学与技术,吉林大学,637,641,山东,理科,2015,第一批,加入对比 ,114
档案学,吉林大学,637,638,山东,理科,2015,第一批,加入对比 ,114
药物制剂,吉林大学,637,638,山东,理科,2015,第一批,加入对比 ,114
生物医学工程,吉林大学,637,641,山东,理科,2015,第一批,加入对比 ,114
材料成型及控制工程,吉林大学,637,640,山东,理科,2015,第一批,加入对比 ,114
食品科学与工程,吉林大学,637,640,山东,理科,2015,第一批,加入对比 ,114
汽车服务工程,吉林大学,637,642,山东,理科,2015,第一批,加入对比 ,114
勘查技术与工程,吉林大学,638,652,山东,理科,2015,第一批,加入对比 ,114
微电子科学与工程,吉林大学,638,643,山东,理科,2015,第一批,加入对比 ,114
环境工程,吉林大学,638,640,山东,理科,2015,第一批,加入对比 ,114
农业机械化及其自动化,吉林大学,638,640,山东,理科,2015,第一批,加入对比 ,114
物流工程,吉林大学,639,641,山东,理科,2015,第一批,加入对比 ,114
工业工程,吉林大学,639,642,山东,理科,2015,第一批,加入对比 ,114
无机非金属材料工程,吉林大学,639,639,山东,理科,2015,第一批,加入对比 ,114
包装工程,吉林大学,639,640,山东,理科,2015,第一批,加入对比 ,114
材料科学与工程,吉林大学,639,641,山东,理科,2015,第一批,加入对比 ,114
地质学,吉林大学,639,649,山东,理科,2015,第一批,加入对比 ,114
通信工程,吉林大学,640,647,山东,理科,2015,第一批,加入对比 ,114
土地资源管理,吉林大学,640,640,山东,理科,2015,第一批,加入对比 ,114
土木工程,吉林大学,640,647,山东,理科,2015,第一批,加入对比 ,114
物联网工程,吉林大学,641,643,山东,理科,2015,第一批,加入对比 ,114
信息与计算科学,吉林大学,641,644,山东,理科,2015,第一批,加入对比 ,114
预防医学,吉林大学,641,648,山东,理科,2015,第一批,加入对比 ,114
材料物理,吉林大学,641,642,山东,理科,2015,第一批,加入对比 ,114
英语,吉林大学,641,642,山东,理科,2015,第一批,加入对比 ,114
自动化,吉林大学,642,646,山东,理科,2015,第一批,加入对比 ,114
应用化学,吉林大学,642,646,山东,理科,2015,第一批,加入对比 ,114
信息工程,吉林大学,642,656,山东,理科,2015,第一批,加入对比 ,114
物理学,吉林大学,642,649,山东,理科,2015,第一批,加入对比 ,114
交通工程,吉林大学,643,646,山东,理科,2015,第一批,加入对比 ,114
光电信息科学与工程,吉林大学,643,648,山东,理科,2015,第一批,加入对比 ,114
制药工程,吉林大学,643,650,山东,理科,2015,第一批,加入对比 ,114
生物科学,吉林大学,644,648,山东,理科,2015,第一批,加入对比 ,114
电子信息工程,吉林大学,644,652,山东,理科,2015,第一批,加入对比 ,114
电气工程及其自动化,吉林大学,644,648,山东,理科,2015,第一批,加入对比 ,114
计算机科学与技术,吉林大学,645,656,山东,理科,2015,第一批,加入对比 ,114
统计学,吉林大学,645,652,山东,理科,2015,第一批,加入对比 ,114
工商管理,吉林大学,645,653,山东,理科,2015,第一批,加入对比 ,114
临床药学,吉林大学,645,649,山东,理科,2015,第一批,加入对比 ,114
高分子材料与工程,吉林大学,645,647,山东,理科,2015,第一批,加入对比 ,114
机械工程,吉林大学,647,654,山东,理科,2015,第一批,加入对比 ,114
财政学,吉林大学,647,647,山东,理科,2015,第一批,加入对比 ,114
能源与动力工程,吉林大学,647,655,山东,理科,2015,第一批,加入对比 ,114
化学,吉林大学,639,641,安徽,理科,2015,第一批,加入对比 ,115
金融学,吉林大学,640,643,安徽,理科,2015,第一批,加入对比 ,115
微电子科学与工程,吉林大学,641,646,安徽,理科,2015,第一批,加入对比 ,115
车辆工程,吉林大学,644,647,安徽,理科,2015,第一批,加入对比 ,115
哲学,吉林大学,647,647,安徽,文科,2015,第一批,加入对比 ,115
政治学与行政学,吉林大学,647,647,安徽,文科,2015,第一批,加入对比 ,115
西班牙语,吉林大学,647,647,安徽,文科,2015,第一批,加入对比 ,115
金融学,吉林大学,648,650,安徽,文科,2015,第一批,加入对比 ,115
日语,吉林大学,648,648,安徽,文科,2015,第一批,加入对比 ,115
经济学,吉林大学,649,650,安徽,文科,2015,第一批,加入对比 ,115
法学,吉林大学,650,650,安徽,文科,2015,第一批,加入对比 ,115
汉语言文学,吉林大学,622,626,山东,文科,2015,第一批,加入对比 ,115
政治学与行政学,吉林大学,622,626,山东,文科,2015,第一批,加入对比 ,115
文物与博物馆学,吉林大学,624,624,山东,文科,2015,第一批,加入对比 ,115
西班牙语,吉林大学,624,626,山东,文科,2015,第一批,加入对比 ,115
英语,吉林大学,625,625,山东,文科,2015,第一批,加入对比 ,115
软件工程,吉林大学,626,647,山东,理科,2015,第一批,加入对比 ,115
法学,吉林大学,628,633,山东,文科,2015,第一批,加入对比 ,115
金融学,吉林大学,629,630,山东,文科,2015,第一批,加入对比 ,115
经济学,吉林大学,632,633,山东,文科,2015,第一批,加入对比 ,115
地质工程,吉林大学,632,633,山东,理科,2015,第一批,加入对比 ,115
农林经济管理,吉林大学,633,633,山东,理科,2015,第一批,加入对比 ,115
资源勘查工程,吉林大学,633,636,山东,理科,2015,第一批,加入对比 ,115
广告学,吉林大学,633,635,山东,理科,2015,第一批,加入对比 ,115
水文与水资源工程,吉林大学,633,635,山东,理科,2015,第一批,加入对比 ,115
地理信息科学,吉林大学,633,633,山东,理科,2015,第一批,加入对比 ,115
地下水科学与工程,吉林大学,634,638,山东,理科,2015,第一批,加入对比 ,115
测绘工程,吉林大学,634,636,山东,理科,2015,第一批,加入对比 ,115
道路桥梁与渡河工程,吉林大学,634,637,山东,理科,2015,第一批,加入对比 ,115
食品质量与安全,吉林大学,634,638,山东,理科,2015,第一批,加入对比 ,115
工程管理,吉林大学,636,640,山东,理科,2015,第一批,加入对比 ,115
测控技术与仪器,吉林大学,636,641,山东,理科,2015,第一批,加入对比 ,115
电子科学与技术,吉林大学,637,641,山东,理科,2015,第一批,加入对比 ,115
档案学,吉林大学,637,638,山东,理科,2015,第一批,加入对比 ,115
药物制剂,吉林大学,637,638,山东,理科,2015,第一批,加入对比 ,115
生物医学工程,吉林大学,637,641,山东,理科,2015,第一批,加入对比 ,115
材料成型及控制工程,吉林大学,637,640,山东,理科,2015,第一批,加入对比 ,115
食品科学与工程,吉林大学,637,640,山东,理科,2015,第一批,加入对比 ,115
汽车服务工程,吉林大学,637,642,山东,理科,2015,第一批,加入对比 ,115
勘查技术与工程,吉林大学,638,652,山东,理科,2015,第一批,加入对比 ,115
微电子科学与工程,吉林大学,638,643,山东,理科,2015,第一批,加入对比 ,115
环境工程,吉林大学,638,640,山东,理科,2015,第一批,加入对比 ,115
农业机械化及其自动化,吉林大学,638,640,山东,理科,2015,第一批,加入对比 ,115
物流工程,吉林大学,639,641,山东,理科,2015,第一批,加入对比 ,115
工业工程,吉林大学,639,642,山东,理科,2015,第一批,加入对比 ,115
无机非金属材料工程,吉林大学,639,639,山东,理科,2015,第一批,加入对比 ,115
包装工程,吉林大学,639,640,山东,理科,2015,第一批,加入对比 ,115
材料科学与工程,吉林大学,639,641,山东,理科,2015,第一批,加入对比 ,115
地质学,吉林大学,639,649,山东,理科,2015,第一批,加入对比 ,115
通信工程,吉林大学,640,647,山东,理科,2015,第一批,加入对比 ,115
土地资源管理,吉林大学,640,640,山东,理科,2015,第一批,加入对比 ,115
土木工程,吉林大学,640,647,山东,理科,2015,第一批,加入对比 ,115
物联网工程,吉林大学,641,643,山东,理科,2015,第一批,加入对比 ,115
信息与计算科学,吉林大学,641,644,山东,理科,2015,第一批,加入对比 ,115
预防医学,吉林大学,641,648,山东,理科,2015,第一批,加入对比 ,115
材料物理,吉林大学,641,642,山东,理科,2015,第一批,加入对比 ,115
英语,吉林大学,641,642,山东,理科,2015,第一批,加入对比 ,115
自动化,吉林大学,642,646,山东,理科,2015,第一批,加入对比 ,115
应用化学,吉林大学,642,646,山东,理科,2015,第一批,加入对比 ,115
信息工程,吉林大学,642,656,山东,理科,2015,第一批,加入对比 ,115
物理学,吉林大学,642,649,山东,理科,2015,第一批,加入对比 ,115
交通工程,吉林大学,643,646,山东,理科,2015,第一批,加入对比 ,115
光电信息科学与工程,吉林大学,643,648,山东,理科,2015,第一批,加入对比 ,115
制药工程,吉林大学,643,650,山东,理科,2015,第一批,加入对比 ,115
生物科学,吉林大学,644,648,山东,理科,2015,第一批,加入对比 ,115
电子信息工程,吉林大学,644,652,山东,理科,2015,第一批,加入对比 ,115
电气工程及其自动化,吉林大学,644,648,山东,理科,2015,第一批,加入对比 ,115
计算机科学与技术,吉林大学,645,656,山东,理科,2015,第一批,加入对比 ,115
统计学,吉林大学,645,652,山东,理科,2015,第一批,加入对比 ,115
工商管理,吉林大学,645,653,山东,理科,2015,第一批,加入对比 ,115
临床药学,吉林大学,645,649,山东,理科,2015,第一批,加入对比 ,115
高分子材料与工程,吉林大学,645,647,山东,理科,2015,第一批,加入对比 ,115
机械工程,吉林大学,647,654,山东,理科,2015,第一批,加入对比 ,115
财政学,吉林大学,647,647,山东,理科,2015,第一批,加入对比 ,115
能源与动力工程,吉林大学,647,655,山东,理科,2015,第一批,加入对比 ,115
法学,吉林大学,648,650,山东,理科,2015,第一批,加入对比 ,115
材料化学,吉林大学,648,650,山东,理科,2015,第一批,加入对比 ,115
放射医学,吉林大学,648,651,山东,理科,2015,第一批,加入对比 ,115
金融学,吉林大学,650,652,山东,理科,2015,第一批,加入对比 ,115
金融数学,吉林大学,652,658,山东,理科,2015,第一批,加入对比 ,115
化学,吉林大学,655,665,山东,理科,2015,第一批,加入对比 ,115
车辆工程,吉林大学,658,663,山东,理科,2015,第一批,加入对比 ,115
社会学,吉林大学,558,559,湖北,文科,2015,第一批,加入对比 ,115
农林经济管理,吉林大学,559,563,湖北,文科,2015,第一批,加入对比 ,115
哲学,吉林大学,560,563,湖北,文科,2015,第一批,加入对比 ,115
文物与博物馆学,吉林大学,561,566,湖北,文科,2015,第一批,加入对比 ,115
英语,吉林大学,563,566,湖北,文科,2015,第一批,加入对比 ,115
国际政治,吉林大学,566,569,湖北,文科,2015,第一批,加入对比 ,115
考古学,吉林大学,568,568,湖北,文科,2015,第一批,加入对比 ,115
西班牙语,吉林大学,568,572,湖北,文科,2015,第一批,加入对比 ,115
汉语言文学,吉林大学,568,570,湖北,文科,2015,第一批,加入对比 ,115
金融学,吉林大学,570,571,湖北,文科,2015,第一批,加入对比 ,115
历史学,吉林大学,571,573,湖北,文科,2015,第一批,加入对比 ,115
经济学,吉林大学,573,575,湖北,文科,2015,第一批,加入对比 ,115
新闻学,吉林大学,573,574,湖北,文科,2015,第一批,加入对比 ,115
法学,吉林大学,573,574,湖北,文科,2015,第一批,加入对比 ,115
物理学类,吉林大学,577,586,湖北,理科,2015,第一批,加入对比 ,115
食品科学与工程,吉林大学,590,592,湖北,理科,2015,第一批,加入对比 ,115
广告学,吉林大学,591,592,湖北,理科,2015,第一批,加入对比 ,115
临床药学,吉林大学,591,592,湖北,理科,2015,第一批,加入对比 ,115
食品质量与安全,吉林大学,591,604,湖北,理科,2015,第一批,加入对比 ,115
农业机械化及其自动化,吉林大学,591,591,湖北,理科,2015,第一批,加入对比 ,115
地质学,吉林大学,592,595,湖北,理科,2015,第一批,加入对比 ,115
环境科学,吉林大学,592,596,湖北,理科,2015,第一批,加入对比 ,115
地质工程,吉林大学,592,595,湖北,理科,2015,第一批,加入对比 ,115
信息工程,吉林大学,593,594,湖北,理科,2015,第一批,加入对比 ,115
地球物理学,吉林大学,593,596,湖北,理科,2015,第一批,加入对比 ,115
信息管理与信息系统,吉林大学,593,595,湖北,理科,2015,第一批,加入对比 ,115
工程力学,吉林大学,593,597,湖北,理科,2015,第一批,加入对比 ,115
制药工程,吉林大学,593,594,湖北,理科,2015,第一批,加入对比 ,115
档案学,吉林大学,593,595,湖北,理科,2015,第一批,加入对比 ,115
生物医学工程,吉林大学,594,595,湖北,理科,2015,第一批,加入对比 ,115
统计学,吉林大学,594,597,湖北,理科,2015,第一批,加入对比 ,115
应用物理学,吉林大学,594,595,湖北,理科,2015,第一批,加入对比 ,115
交通运输,吉林大学,594,598,湖北,理科,2015,第一批,加入对比 ,115
包装工程,吉林大学,594,596,湖北,理科,2015,第一批,加入对比 ,115
工程管理,吉林大学,594,597,湖北,理科,2015,第一批,加入对比 ,115
预防医学,吉林大学,594,595,湖北,理科,2015,第一批,加入对比 ,115
放射医学,吉林大学,594,597,湖北,理科,2015,第一批,加入对比 ,115
工商管理,吉林大学,594,596,湖北,理科,2015,第一批,加入对比 ,115
物流工程,吉林大学,595,596,湖北,理科,2015,第一批,加入对比 ,115
金融数学,吉林大学,595,595,湖北,理科,2015,第一批,加入对比 ,115
交通工程,吉林大学,595,597,湖北,理科,2015,第一批,加入对比 ,115
应用化学,吉林大学,595,596,湖北,理科,2015,第一批,加入对比 ,115
物联网工程,吉林大学,595,599,湖北,理科,2015,第一批,加入对比 ,115
地理信息科学,吉林大学,633,633,山东,理科,2015,第一批,加入对比 ,116
地下水科学与工程,吉林大学,634,638,山东,理科,2015,第一批,加入对比 ,116
测绘工程,吉林大学,634,636,山东,理科,2015,第一批,加入对比 ,116
道路桥梁与渡河工程,吉林大学,634,637,山东,理科,2015,第一批,加入对比 ,116
食品质量与安全,吉林大学,634,638,山东,理科,2015,第一批,加入对比 ,116
工程管理,吉林大学,636,640,山东,理科,2015,第一批,加入对比 ,116
测控技术与仪器,吉林大学,636,641,山东,理科,2015,第一批,加入对比 ,116
电子科学与技术,吉林大学,637,641,山东,理科,2015,第一批,加入对比 ,116
档案学,吉林大学,637,638,山东,理科,2015,第一批,加入对比 ,116
药物制剂,吉林大学,637,638,山东,理科,2015,第一批,加入对比 ,116
生物医学工程,吉林大学,637,641,山东,理科,2015,第一批,加入对比 ,116
材料成型及控制工程,吉林大学,637,640,山东,理科,2015,第一批,加入对比 ,116
食品科学与工程,吉林大学,637,640,山东,理科,2015,第一批,加入对比 ,116
汽车服务工程,吉林大学,637,642,山东,理科,2015,第一批,加入对比 ,116
勘查技术与工程,吉林大学,638,652,山东,理科,2015,第一批,加入对比 ,116
微电子科学与工程,吉林大学,638,643,山东,理科,2015,第一批,加入对比 ,116
环境工程,吉林大学,638,640,山东,理科,2015,第一批,加入对比 ,116
农业机械化及其自动化,吉林大学,638,640,山东,理科,2015,第一批,加入对比 ,116
物流工程,吉林大学,639,641,山东,理科,2015,第一批,加入对比 ,116
工业工程,吉林大学,639,642,山东,理科,2015,第一批,加入对比 ,116
无机非金属材料工程,吉林大学,639,639,山东,理科,2015,第一批,加入对比 ,116
包装工程,吉林大学,639,640,山东,理科,2015,第一批,加入对比 ,116
材料科学与工程,吉林大学,639,641,山东,理科,2015,第一批,加入对比 ,116
地质学,吉林大学,639,649,山东,理科,2015,第一批,加入对比 ,116
通信工程,吉林大学,640,647,山东,理科,2015,第一批,加入对比 ,116
土地资源管理,吉林大学,640,640,山东,理科,2015,第一批,加入对比 ,116
土木工程,吉林大学,640,647,山东,理科,2015,第一批,加入对比 ,116
物联网工程,吉林大学,641,643,山东,理科,2015,第一批,加入对比 ,116
信息与计算科学,吉林大学,641,644,山东,理科,2015,第一批,加入对比 ,116
预防医学,吉林大学,641,648,山东,理科,2015,第一批,加入对比 ,116
材料物理,吉林大学,641,642,山东,理科,2015,第一批,加入对比 ,116
英语,吉林大学,641,642,山东,理科,2015,第一批,加入对比 ,116
自动化,吉林大学,642,646,山东,理科,2015,第一批,加入对比 ,116
应用化学,吉林大学,642,646,山东,理科,2015,第一批,加入对比 ,116
信息工程,吉林大学,642,656,山东,理科,2015,第一批,加入对比 ,116
物理学,吉林大学,642,649,山东,理科,2015,第一批,加入对比 ,116
交通工程,吉林大学,643,646,山东,理科,2015,第一批,加入对比 ,116
光电信息科学与工程,吉林大学,643,648,山东,理科,2015,第一批,加入对比 ,116
制药工程,吉林大学,643,650,山东,理科,2015,第一批,加入对比 ,116
生物科学,吉林大学,644,648,山东,理科,2015,第一批,加入对比 ,116
电子信息工程,吉林大学,644,652,山东,理科,2015,第一批,加入对比 ,116
电气工程及其自动化,吉林大学,644,648,山东,理科,2015,第一批,加入对比 ,116
计算机科学与技术,吉林大学,645,656,山东,理科,2015,第一批,加入对比 ,116
统计学,吉林大学,645,652,山东,理科,2015,第一批,加入对比 ,116
工商管理,吉林大学,645,653,山东,理科,2015,第一批,加入对比 ,116
临床药学,吉林大学,645,649,山东,理科,2015,第一批,加入对比 ,116
高分子材料与工程,吉林大学,645,647,山东,理科,2015,第一批,加入对比 ,116
机械工程,吉林大学,647,654,山东,理科,2015,第一批,加入对比 ,116
财政学,吉林大学,647,647,山东,理科,2015,第一批,加入对比 ,116
能源与动力工程,吉林大学,647,655,山东,理科,2015,第一批,加入对比 ,116
法学,吉林大学,648,650,山东,理科,2015,第一批,加入对比 ,116
材料化学,吉林大学,648,650,山东,理科,2015,第一批,加入对比 ,116
放射医学,吉林大学,648,651,山东,理科,2015,第一批,加入对比 ,116
金融学,吉林大学,650,652,山东,理科,2015,第一批,加入对比 ,116
金融数学,吉林大学,652,658,山东,理科,2015,第一批,加入对比 ,116
化学,吉林大学,655,665,山东,理科,2015,第一批,加入对比 ,116
车辆工程,吉林大学,658,663,山东,理科,2015,第一批,加入对比 ,116
社会学,吉林大学,558,559,湖北,文科,2015,第一批,加入对比 ,116
农林经济管理,吉林大学,559,563,湖北,文科,2015,第一批,加入对比 ,116
哲学,吉林大学,560,563,湖北,文科,2015,第一批,加入对比 ,116
文物与博物馆学,吉林大学,561,566,湖北,文科,2015,第一批,加入对比 ,116
英语,吉林大学,563,566,湖北,文科,2015,第一批,加入对比 ,116
国际政治,吉林大学,566,569,湖北,文科,2015,第一批,加入对比 ,116
考古学,吉林大学,568,568,湖北,文科,2015,第一批,加入对比 ,116
西班牙语,吉林大学,568,572,湖北,文科,2015,第一批,加入对比 ,116
汉语言文学,吉林大学,568,570,湖北,文科,2015,第一批,加入对比 ,116
金融学,吉林大学,570,571,湖北,文科,2015,第一批,加入对比 ,116
历史学,吉林大学,571,573,湖北,文科,2015,第一批,加入对比 ,116
经济学,吉林大学,573,575,湖北,文科,2015,第一批,加入对比 ,116
新闻学,吉林大学,573,574,湖北,文科,2015,第一批,加入对比 ,116
法学,吉林大学,573,574,湖北,文科,2015,第一批,加入对比 ,116
物理学类,吉林大学,577,586,湖北,理科,2015,第一批,加入对比 ,116
食品科学与工程,吉林大学,590,592,湖北,理科,2015,第一批,加入对比 ,116
广告学,吉林大学,591,592,湖北,理科,2015,第一批,加入对比 ,116
临床药学,吉林大学,591,592,湖北,理科,2015,第一批,加入对比 ,116
食品质量与安全,吉林大学,591,604,湖北,理科,2015,第一批,加入对比 ,116
农业机械化及其自动化,吉林大学,591,591,湖北,理科,2015,第一批,加入对比 ,116
地质学,吉林大学,592,595,湖北,理科,2015,第一批,加入对比 ,116
环境科学,吉林大学,592,596,湖北,理科,2015,第一批,加入对比 ,116
地质工程,吉林大学,592,595,湖北,理科,2015,第一批,加入对比 ,116
信息工程,吉林大学,593,594,湖北,理科,2015,第一批,加入对比 ,116
地球物理学,吉林大学,593,596,湖北,理科,2015,第一批,加入对比 ,116
信息管理与信息系统,吉林大学,593,595,湖北,理科,2015,第一批,加入对比 ,116
工程力学,吉林大学,593,597,湖北,理科,2015,第一批,加入对比 ,116
制药工程,吉林大学,593,594,湖北,理科,2015,第一批,加入对比 ,116
档案学,吉林大学,593,595,湖北,理科,2015,第一批,加入对比 ,116
生物医学工程,吉林大学,594,595,湖北,理科,2015,第一批,加入对比 ,116
统计学,吉林大学,594,597,湖北,理科,2015,第一批,加入对比 ,116
应用物理学,吉林大学,594,595,湖北,理科,2015,第一批,加入对比 ,116
交通运输,吉林大学,594,598,湖北,理科,2015,第一批,加入对比 ,116
包装工程,吉林大学,594,596,湖北,理科,2015,第一批,加入对比 ,116
工程管理,吉林大学,594,597,湖北,理科,2015,第一批,加入对比 ,116
预防医学,吉林大学,594,595,湖北,理科,2015,第一批,加入对比 ,116
放射医学,吉林大学,594,597,湖北,理科,2015,第一批,加入对比 ,116
工商管理,吉林大学,594,596,湖北,理科,2015,第一批,加入对比 ,116
物流工程,吉林大学,595,596,湖北,理科,2015,第一批,加入对比 ,116
金融数学,吉林大学,595,595,湖北,理科,2015,第一批,加入对比 ,116
交通工程,吉林大学,595,597,湖北,理科,2015,第一批,加入对比 ,116
应用化学,吉林大学,595,596,湖北,理科,2015,第一批,加入对比 ,116
物联网工程,吉林大学,595,599,湖北,理科,2015,第一批,加入对比 ,116
汽车服务工程,吉林大学,595,599,湖北,理科,2015,第一批,加入对比 ,116
软件工程,吉林大学,596,601,湖北,理科,2015,第一批,加入对比 ,116
核物理,吉林大学,596,598,湖北,理科,2015,第一批,加入对比 ,116
勘查技术与工程,吉林大学,596,601,湖北,理科,2015,第一批,加入对比 ,116
光电信息科学与工程,吉林大学,596,597,湖北,理科,2015,第一批,加入对比 ,116
通信工程,吉林大学,597,600,湖北,理科,2015,第一批,加入对比 ,116
法学,吉林大学,597,598,湖北,理科,2015,第一批,加入对比 ,116
生物技术,吉林大学,597,599,湖北,理科,2015,第一批,加入对比 ,116
道路桥梁与渡河工程,吉林大学,597,600,湖北,理科,2015,第一批,加入对比 ,116
物理学,吉林大学,597,602,湖北,理科,2015,第一批,加入对比 ,116
计算机科学与技术,吉林大学,598,604,湖北,理科,2015,第一批,加入对比 ,116
电子科学与技术,吉林大学,598,600,湖北,理科,2015,第一批,加入对比 ,116
会计学,吉林大学,598,599,湖北,理科,2015,第一批,加入对比 ,116
电子信息工程,吉林大学,598,600,湖北,理科,2015,第一批,加入对比 ,116
能源与动力工程,吉林大学,599,602,湖北,理科,2015,第一批,加入对比 ,116
自动化,吉林大学,599,601,湖北,理科,2015,第一批,加入对比 ,116
测控技术与仪器,吉林大学,599,603,湖北,理科,2015,第一批,加入对比 ,116
资源勘查工程,吉林大学,599,607,湖北,理科,2015,第一批,加入对比 ,116
信息与计算科学,吉林大学,599,601,湖北,理科,2015,第一批,加入对比 ,116
材料物理,吉林大学,600,607,湖北,理科,2015,第一批,加入对比 ,116
电气工程及其自动化,吉林大学,600,601,湖北,理科,2015,第一批,加入对比 ,116
材料科学与工程,吉林大学,601,601,湖北,理科,2015,第一批,加入对比 ,116
材料化学,吉林大学,601,605,湖北,理科,2015,第一批,加入对比 ,116
微电子科学与工程,吉林大学,602,606,湖北,理科,2015,第一批,加入对比 ,116
金融学,吉林大学,602,603,湖北,理科,2015,第一批,加入对比 ,116
土地资源管理,吉林大学,640,640,山东,理科,2015,第一批,加入对比 ,117
土木工程,吉林大学,640,647,山东,理科,2015,第一批,加入对比 ,117
物联网工程,吉林大学,641,643,山东,理科,2015,第一批,加入对比 ,117
信息与计算科学,吉林大学,641,644,山东,理科,2015,第一批,加入对比 ,117
预防医学,吉林大学,641,648,山东,理科,2015,第一批,加入对比 ,117
材料物理,吉林大学,641,642,山东,理科,2015,第一批,加入对比 ,117
英语,吉林大学,641,642,山东,理科,2015,第一批,加入对比 ,117
自动化,吉林大学,642,646,山东,理科,2015,第一批,加入对比 ,117
应用化学,吉林大学,642,646,山东,理科,2015,第一批,加入对比 ,117
信息工程,吉林大学,642,656,山东,理科,2015,第一批,加入对比 ,117
物理学,吉林大学,642,649,山东,理科,2015,第一批,加入对比 ,117
交通工程,吉林大学,643,646,山东,理科,2015,第一批,加入对比 ,117
光电信息科学与工程,吉林大学,643,648,山东,理科,2015,第一批,加入对比 ,117
制药工程,吉林大学,643,650,山东,理科,2015,第一批,加入对比 ,117
生物科学,吉林大学,644,648,山东,理科,2015,第一批,加入对比 ,117
电子信息工程,吉林大学,644,652,山东,理科,2015,第一批,加入对比 ,117
电气工程及其自动化,吉林大学,644,648,山东,理科,2015,第一批,加入对比 ,117
计算机科学与技术,吉林大学,645,656,山东,理科,2015,第一批,加入对比 ,117
统计学,吉林大学,645,652,山东,理科,2015,第一批,加入对比 ,117
工商管理,吉林大学,645,653,山东,理科,2015,第一批,加入对比 ,117
临床药学,吉林大学,645,649,山东,理科,2015,第一批,加入对比 ,117
高分子材料与工程,吉林大学,645,647,山东,理科,2015,第一批,加入对比 ,117
机械工程,吉林大学,647,654,山东,理科,2015,第一批,加入对比 ,117
财政学,吉林大学,647,647,山东,理科,2015,第一批,加入对比 ,117
能源与动力工程,吉林大学,647,655,山东,理科,2015,第一批,加入对比 ,117
法学,吉林大学,648,650,山东,理科,2015,第一批,加入对比 ,117
材料化学,吉林大学,648,650,山东,理科,2015,第一批,加入对比 ,117
放射医学,吉林大学,648,651,山东,理科,2015,第一批,加入对比 ,117
金融学,吉林大学,650,652,山东,理科,2015,第一批,加入对比 ,117
金融数学,吉林大学,652,658,山东,理科,2015,第一批,加入对比 ,117
化学,吉林大学,655,665,山东,理科,2015,第一批,加入对比 ,117
车辆工程,吉林大学,658,663,山东,理科,2015,第一批,加入对比 ,117
社会学,吉林大学,558,559,湖北,文科,2015,第一批,加入对比 ,117
农林经济管理,吉林大学,559,563,湖北,文科,2015,第一批,加入对比 ,117
哲学,吉林大学,560,563,湖北,文科,2015,第一批,加入对比 ,117
文物与博物馆学,吉林大学,561,566,湖北,文科,2015,第一批,加入对比 ,117
英语,吉林大学,563,566,湖北,文科,2015,第一批,加入对比 ,117
国际政治,吉林大学,566,569,湖北,文科,2015,第一批,加入对比 ,117
考古学,吉林大学,568,568,湖北,文科,2015,第一批,加入对比 ,117
西班牙语,吉林大学,568,572,湖北,文科,2015,第一批,加入对比 ,117
汉语言文学,吉林大学,568,570,湖北,文科,2015,第一批,加入对比 ,117
金融学,吉林大学,570,571,湖北,文科,2015,第一批,加入对比 ,117
历史学,吉林大学,571,573,湖北,文科,2015,第一批,加入对比 ,117
经济学,吉林大学,573,575,湖北,文科,2015,第一批,加入对比 ,117
新闻学,吉林大学,573,574,湖北,文科,2015,第一批,加入对比 ,117
法学,吉林大学,573,574,湖北,文科,2015,第一批,加入对比 ,117
物理学类,吉林大学,577,586,湖北,理科,2015,第一批,加入对比 ,117
食品科学与工程,吉林大学,590,592,湖北,理科,2015,第一批,加入对比 ,117
广告学,吉林大学,591,592,湖北,理科,2015,第一批,加入对比 ,117
临床药学,吉林大学,591,592,湖北,理科,2015,第一批,加入对比 ,117
食品质量与安全,吉林大学,591,604,湖北,理科,2015,第一批,加入对比 ,117
农业机械化及其自动化,吉林大学,591,591,湖北,理科,2015,第一批,加入对比 ,117
地质学,吉林大学,592,595,湖北,理科,2015,第一批,加入对比 ,117
环境科学,吉林大学,592,596,湖北,理科,2015,第一批,加入对比 ,117
地质工程,吉林大学,592,595,湖北,理科,2015,第一批,加入对比 ,117
信息工程,吉林大学,593,594,湖北,理科,2015,第一批,加入对比 ,117
地球物理学,吉林大学,593,596,湖北,理科,2015,第一批,加入对比 ,117
信息管理与信息系统,吉林大学,593,595,湖北,理科,2015,第一批,加入对比 ,117
工程力学,吉林大学,593,597,湖北,理科,2015,第一批,加入对比 ,117
制药工程,吉林大学,593,594,湖北,理科,2015,第一批,加入对比 ,117
档案学,吉林大学,593,595,湖北,理科,2015,第一批,加入对比 ,117
生物医学工程,吉林大学,594,595,湖北,理科,2015,第一批,加入对比 ,117
统计学,吉林大学,594,597,湖北,理科,2015,第一批,加入对比 ,117
应用物理学,吉林大学,594,595,湖北,理科,2015,第一批,加入对比 ,117
交通运输,吉林大学,594,598,湖北,理科,2015,第一批,加入对比 ,117
包装工程,吉林大学,594,596,湖北,理科,2015,第一批,加入对比 ,117
工程管理,吉林大学,594,597,湖北,理科,2015,第一批,加入对比 ,117
预防医学,吉林大学,594,595,湖北,理科,2015,第一批,加入对比 ,117
放射医学,吉林大学,594,597,湖北,理科,2015,第一批,加入对比 ,117
工商管理,吉林大学,594,596,湖北,理科,2015,第一批,加入对比 ,117
物流工程,吉林大学,595,596,湖北,理科,2015,第一批,加入对比 ,117
金融数学,吉林大学,595,595,湖北,理科,2015,第一批,加入对比 ,117
交通工程,吉林大学,595,597,湖北,理科,2015,第一批,加入对比 ,117
应用化学,吉林大学,595,596,湖北,理科,2015,第一批,加入对比 ,117
物联网工程,吉林大学,595,599,湖北,理科,2015,第一批,加入对比 ,117
汽车服务工程,吉林大学,595,599,湖北,理科,2015,第一批,加入对比 ,117
软件工程,吉林大学,596,601,湖北,理科,2015,第一批,加入对比 ,117
核物理,吉林大学,596,598,湖北,理科,2015,第一批,加入对比 ,117
勘查技术与工程,吉林大学,596,601,湖北,理科,2015,第一批,加入对比 ,117
光电信息科学与工程,吉林大学,596,597,湖北,理科,2015,第一批,加入对比 ,117
通信工程,吉林大学,597,600,湖北,理科,2015,第一批,加入对比 ,117
法学,吉林大学,597,598,湖北,理科,2015,第一批,加入对比 ,117
生物技术,吉林大学,597,599,湖北,理科,2015,第一批,加入对比 ,117
道路桥梁与渡河工程,吉林大学,597,600,湖北,理科,2015,第一批,加入对比 ,117
物理学,吉林大学,597,602,湖北,理科,2015,第一批,加入对比 ,117
计算机科学与技术,吉林大学,598,604,湖北,理科,2015,第一批,加入对比 ,117
电子科学与技术,吉林大学,598,600,湖北,理科,2015,第一批,加入对比 ,117
会计学,吉林大学,598,599,湖北,理科,2015,第一批,加入对比 ,117
电子信息工程,吉林大学,598,600,湖北,理科,2015,第一批,加入对比 ,117
能源与动力工程,吉林大学,599,602,湖北,理科,2015,第一批,加入对比 ,117
自动化,吉林大学,599,601,湖北,理科,2015,第一批,加入对比 ,117
测控技术与仪器,吉林大学,599,603,湖北,理科,2015,第一批,加入对比 ,117
资源勘查工程,吉林大学,599,607,湖北,理科,2015,第一批,加入对比 ,117
信息与计算科学,吉林大学,599,601,湖北,理科,2015,第一批,加入对比 ,117
材料物理,吉林大学,600,607,湖北,理科,2015,第一批,加入对比 ,117
电气工程及其自动化,吉林大学,600,601,湖北,理科,2015,第一批,加入对比 ,117
材料科学与工程,吉林大学,601,601,湖北,理科,2015,第一批,加入对比 ,117
材料化学,吉林大学,601,605,湖北,理科,2015,第一批,加入对比 ,117
微电子科学与工程,吉林大学,602,606,湖北,理科,2015,第一批,加入对比 ,117
金融学,吉林大学,602,603,湖北,理科,2015,第一批,加入对比 ,117
法学,吉林大学,648,650,山东,理科,2015,第一批,加入对比 ,118
材料化学,吉林大学,648,650,山东,理科,2015,第一批,加入对比 ,118
放射医学,吉林大学,648,651,山东,理科,2015,第一批,加入对比 ,118
金融学,吉林大学,650,652,山东,理科,2015,第一批,加入对比 ,118
金融数学,吉林大学,652,658,山东,理科,2015,第一批,加入对比 ,118
化学,吉林大学,655,665,山东,理科,2015,第一批,加入对比 ,118
车辆工程,吉林大学,658,663,山东,理科,2015,第一批,加入对比 ,118
社会学,吉林大学,558,559,湖北,文科,2015,第一批,加入对比 ,118
农林经济管理,吉林大学,559,563,湖北,文科,2015,第一批,加入对比 ,118
哲学,吉林大学,560,563,湖北,文科,2015,第一批,加入对比 ,118
文物与博物馆学,吉林大学,561,566,湖北,文科,2015,第一批,加入对比 ,118
英语,吉林大学,563,566,湖北,文科,2015,第一批,加入对比 ,118
国际政治,吉林大学,566,569,湖北,文科,2015,第一批,加入对比 ,118
考古学,吉林大学,568,568,湖北,文科,2015,第一批,加入对比 ,118
西班牙语,吉林大学,568,572,湖北,文科,2015,第一批,加入对比 ,118
汉语言文学,吉林大学,568,570,湖北,文科,2015,第一批,加入对比 ,118
金融学,吉林大学,570,571,湖北,文科,2015,第一批,加入对比 ,118
历史学,吉林大学,571,573,湖北,文科,2015,第一批,加入对比 ,118
经济学,吉林大学,573,575,湖北,文科,2015,第一批,加入对比 ,118
新闻学,吉林大学,573,574,湖北,文科,2015,第一批,加入对比 ,118
法学,吉林大学,573,574,湖北,文科,2015,第一批,加入对比 ,118
物理学类,吉林大学,577,586,湖北,理科,2015,第一批,加入对比 ,118
食品科学与工程,吉林大学,590,592,湖北,理科,2015,第一批,加入对比 ,118
广告学,吉林大学,591,592,湖北,理科,2015,第一批,加入对比 ,118
临床药学,吉林大学,591,592,湖北,理科,2015,第一批,加入对比 ,118
食品质量与安全,吉林大学,591,604,湖北,理科,2015,第一批,加入对比 ,118
农业机械化及其自动化,吉林大学,591,591,湖北,理科,2015,第一批,加入对比 ,118
地质学,吉林大学,592,595,湖北,理科,2015,第一批,加入对比 ,118
环境科学,吉林大学,592,596,湖北,理科,2015,第一批,加入对比 ,118
地质工程,吉林大学,592,595,湖北,理科,2015,第一批,加入对比 ,118
信息工程,吉林大学,593,594,湖北,理科,2015,第一批,加入对比 ,118
地球物理学,吉林大学,593,596,湖北,理科,2015,第一批,加入对比 ,118
信息管理与信息系统,吉林大学,593,595,湖北,理科,2015,第一批,加入对比 ,118
工程力学,吉林大学,593,597,湖北,理科,2015,第一批,加入对比 ,118
制药工程,吉林大学,593,594,湖北,理科,2015,第一批,加入对比 ,118
档案学,吉林大学,593,595,湖北,理科,2015,第一批,加入对比 ,118
生物医学工程,吉林大学,594,595,湖北,理科,2015,第一批,加入对比 ,118
统计学,吉林大学,594,597,湖北,理科,2015,第一批,加入对比 ,118
应用物理学,吉林大学,594,595,湖北,理科,2015,第一批,加入对比 ,118
交通运输,吉林大学,594,598,湖北,理科,2015,第一批,加入对比 ,118
包装工程,吉林大学,594,596,湖北,理科,2015,第一批,加入对比 ,118
工程管理,吉林大学,594,597,湖北,理科,2015,第一批,加入对比 ,118
预防医学,吉林大学,594,595,湖北,理科,2015,第一批,加入对比 ,118
放射医学,吉林大学,594,597,湖北,理科,2015,第一批,加入对比 ,118
工商管理,吉林大学,594,596,湖北,理科,2015,第一批,加入对比 ,118
物流工程,吉林大学,595,596,湖北,理科,2015,第一批,加入对比 ,118
金融数学,吉林大学,595,595,湖北,理科,2015,第一批,加入对比 ,118
交通工程,吉林大学,595,597,湖北,理科,2015,第一批,加入对比 ,118
应用化学,吉林大学,595,596,湖北,理科,2015,第一批,加入对比 ,118
物联网工程,吉林大学,595,599,湖北,理科,2015,第一批,加入对比 ,118
汽车服务工程,吉林大学,595,599,湖北,理科,2015,第一批,加入对比 ,118
软件工程,吉林大学,596,601,湖北,理科,2015,第一批,加入对比 ,118
核物理,吉林大学,596,598,湖北,理科,2015,第一批,加入对比 ,118
勘查技术与工程,吉林大学,596,601,湖北,理科,2015,第一批,加入对比 ,118
光电信息科学与工程,吉林大学,596,597,湖北,理科,2015,第一批,加入对比 ,118
通信工程,吉林大学,597,600,湖北,理科,2015,第一批,加入对比 ,118
法学,吉林大学,597,598,湖北,理科,2015,第一批,加入对比 ,118
生物技术,吉林大学,597,599,湖北,理科,2015,第一批,加入对比 ,118
道路桥梁与渡河工程,吉林大学,597,600,湖北,理科,2015,第一批,加入对比 ,118
物理学,吉林大学,597,602,湖北,理科,2015,第一批,加入对比 ,118
计算机科学与技术,吉林大学,598,604,湖北,理科,2015,第一批,加入对比 ,118
电子科学与技术,吉林大学,598,600,湖北,理科,2015,第一批,加入对比 ,118
会计学,吉林大学,598,599,湖北,理科,2015,第一批,加入对比 ,118
电子信息工程,吉林大学,598,600,湖北,理科,2015,第一批,加入对比 ,118
能源与动力工程,吉林大学,599,602,湖北,理科,2015,第一批,加入对比 ,118
自动化,吉林大学,599,601,湖北,理科,2015,第一批,加入对比 ,118
测控技术与仪器,吉林大学,599,603,湖北,理科,2015,第一批,加入对比 ,118
资源勘查工程,吉林大学,599,607,湖北,理科,2015,第一批,加入对比 ,118
信息与计算科学,吉林大学,599,601,湖北,理科,2015,第一批,加入对比 ,118
材料物理,吉林大学,600,607,湖北,理科,2015,第一批,加入对比 ,118
电气工程及其自动化,吉林大学,600,601,湖北,理科,2015,第一批,加入对比 ,118
材料科学与工程,吉林大学,601,601,湖北,理科,2015,第一批,加入对比 ,118
材料化学,吉林大学,601,605,湖北,理科,2015,第一批,加入对比 ,118
微电子科学与工程,吉林大学,602,606,湖北,理科,2015,第一批,加入对比 ,118
金融学,吉林大学,602,603,湖北,理科,2015,第一批,加入对比 ,118
食品质量与安全,吉林大学,591,604,湖北,理科,2015,第一批,加入对比 ,119
农业机械化及其自动化,吉林大学,591,591,湖北,理科,2015,第一批,加入对比 ,119
地质学,吉林大学,592,595,湖北,理科,2015,第一批,加入对比 ,119
环境科学,吉林大学,592,596,湖北,理科,2015,第一批,加入对比 ,119
地质工程,吉林大学,592,595,湖北,理科,2015,第一批,加入对比 ,119
信息工程,吉林大学,593,594,湖北,理科,2015,第一批,加入对比 ,119
地球物理学,吉林大学,593,596,湖北,理科,2015,第一批,加入对比 ,119
信息管理与信息系统,吉林大学,593,595,湖北,理科,2015,第一批,加入对比 ,119
工程力学,吉林大学,593,597,湖北,理科,2015,第一批,加入对比 ,119
制药工程,吉林大学,593,594,湖北,理科,2015,第一批,加入对比 ,119
档案学,吉林大学,593,595,湖北,理科,2015,第一批,加入对比 ,119
生物医学工程,吉林大学,594,595,湖北,理科,2015,第一批,加入对比 ,119
统计学,吉林大学,594,597,湖北,理科,2015,第一批,加入对比 ,119
应用物理学,吉林大学,594,595,湖北,理科,2015,第一批,加入对比 ,119
交通运输,吉林大学,594,598,湖北,理科,2015,第一批,加入对比 ,119
包装工程,吉林大学,594,596,湖北,理科,2015,第一批,加入对比 ,119
工程管理,吉林大学,594,597,湖北,理科,2015,第一批,加入对比 ,119
预防医学,吉林大学,594,595,湖北,理科,2015,第一批,加入对比 ,119
放射医学,吉林大学,594,597,湖北,理科,2015,第一批,加入对比 ,119
工商管理,吉林大学,594,596,湖北,理科,2015,第一批,加入对比 ,119
物流工程,吉林大学,595,596,湖北,理科,2015,第一批,加入对比 ,119
金融数学,吉林大学,595,595,湖北,理科,2015,第一批,加入对比 ,119
交通工程,吉林大学,595,597,湖北,理科,2015,第一批,加入对比 ,119
应用化学,吉林大学,595,596,湖北,理科,2015,第一批,加入对比 ,119
物联网工程,吉林大学,595,599,湖北,理科,2015,第一批,加入对比 ,119
汽车服务工程,吉林大学,595,599,湖北,理科,2015,第一批,加入对比 ,119
软件工程,吉林大学,596,601,湖北,理科,2015,第一批,加入对比 ,119
核物理,吉林大学,596,598,湖北,理科,2015,第一批,加入对比 ,119
勘查技术与工程,吉林大学,596,601,湖北,理科,2015,第一批,加入对比 ,119
光电信息科学与工程,吉林大学,596,597,湖北,理科,2015,第一批,加入对比 ,119
通信工程,吉林大学,597,600,湖北,理科,2015,第一批,加入对比 ,119
法学,吉林大学,597,598,湖北,理科,2015,第一批,加入对比 ,119
生物技术,吉林大学,597,599,湖北,理科,2015,第一批,加入对比 ,119
道路桥梁与渡河工程,吉林大学,597,600,湖北,理科,2015,第一批,加入对比 ,119
物理学,吉林大学,597,602,湖北,理科,2015,第一批,加入对比 ,119
计算机科学与技术,吉林大学,598,604,湖北,理科,2015,第一批,加入对比 ,119
电子科学与技术,吉林大学,598,600,湖北,理科,2015,第一批,加入对比 ,119
会计学,吉林大学,598,599,湖北,理科,2015,第一批,加入对比 ,119
电子信息工程,吉林大学,598,600,湖北,理科,2015,第一批,加入对比 ,119
能源与动力工程,吉林大学,599,602,湖北,理科,2015,第一批,加入对比 ,119
自动化,吉林大学,599,601,湖北,理科,2015,第一批,加入对比 ,119
测控技术与仪器,吉林大学,599,603,湖北,理科,2015,第一批,加入对比 ,119
资源勘查工程,吉林大学,599,607,湖北,理科,2015,第一批,加入对比 ,119
信息与计算科学,吉林大学,599,601,湖北,理科,2015,第一批,加入对比 ,119
材料物理,吉林大学,600,607,湖北,理科,2015,第一批,加入对比 ,119
电气工程及其自动化,吉林大学,600,601,湖北,理科,2015,第一批,加入对比 ,119
材料科学与工程,吉林大学,601,601,湖北,理科,2015,第一批,加入对比 ,119
材料化学,吉林大学,601,605,湖北,理科,2015,第一批,加入对比 ,119
微电子科学与工程,吉林大学,602,606,湖北,理科,2015,第一批,加入对比 ,119
金融学,吉林大学,602,603,湖北,理科,2015,第一批,加入对比 ,119
汽车服务工程,吉林大学,595,599,湖北,理科,2015,第一批,加入对比 ,120
软件工程,吉林大学,596,601,湖北,理科,2015,第一批,加入对比 ,120
核物理,吉林大学,596,598,湖北,理科,2015,第一批,加入对比 ,120
勘查技术与工程,吉林大学,596,601,湖北,理科,2015,第一批,加入对比 ,120
光电信息科学与工程,吉林大学,596,597,湖北,理科,2015,第一批,加入对比 ,120
通信工程,吉林大学,597,600,湖北,理科,2015,第一批,加入对比 ,120
法学,吉林大学,597,598,湖北,理科,2015,第一批,加入对比 ,120
生物技术,吉林大学,597,599,湖北,理科,2015,第一批,加入对比 ,120
道路桥梁与渡河工程,吉林大学,597,600,湖北,理科,2015,第一批,加入对比 ,120
物理学,吉林大学,597,602,湖北,理科,2015,第一批,加入对比 ,120
计算机科学与技术,吉林大学,598,604,湖北,理科,2015,第一批,加入对比 ,120
电子科学与技术,吉林大学,598,600,湖北,理科,2015,第一批,加入对比 ,120
会计学,吉林大学,598,599,湖北,理科,2015,第一批,加入对比 ,120
电子信息工程,吉林大学,598,600,湖北,理科,2015,第一批,加入对比 ,120
能源与动力工程,吉林大学,599,602,湖北,理科,2015,第一批,加入对比 ,120
自动化,吉林大学,599,601,湖北,理科,2015,第一批,加入对比 ,120
测控技术与仪器,吉林大学,599,603,湖北,理科,2015,第一批,加入对比 ,120
资源勘查工程,吉林大学,599,607,湖北,理科,2015,第一批,加入对比 ,120
信息与计算科学,吉林大学,599,601,湖北,理科,2015,第一批,加入对比 ,120
材料物理,吉林大学,600,607,湖北,理科,2015,第一批,加入对比 ,120
电气工程及其自动化,吉林大学,600,601,湖北,理科,2015,第一批,加入对比 ,120
材料科学与工程,吉林大学,601,601,湖北,理科,2015,第一批,加入对比 ,120
材料化学,吉林大学,601,605,湖北,理科,2015,第一批,加入对比 ,120
微电子科学与工程,吉林大学,602,606,湖北,理科,2015,第一批,加入对比 ,120
金融学,吉林大学,602,603,湖北,理科,2015,第一批,加入对比 ,120
机械工程,吉林大学,602,606,湖北,理科,2015,第一批,加入对比 ,121
材料成型及控制工程,吉林大学,604,605,湖北,理科,2015,第一批,加入对比 ,121
数学与应用数学,吉林大学,604,610,湖北,理科,2015,第一批,加入对比 ,121
化学,吉林大学,608,612,湖北,理科,2015,第一批,加入对比 ,121
车辆工程,吉林大学,610,618,湖北,理科,2015,第一批,加入对比 ,121
自动化,吉林大学珠海学院,444,445,湖北,理科,2015,第三批,加入对比 ,121
车辆工程,吉林大学珠海学院,445,446,湖北,理科,2015,第三批,加入对比 ,121
应用化学,吉林大学珠海学院,445,453,湖北,理科,2015,第三批,加入对比 ,121
机械设计制造及其自动化,吉林大学珠海学院,446,447,湖北,理科,2015,第三批,加入对比 ,121
城乡规划,吉林大学珠海学院,447,447,湖北,理科,2015,第三批,加入对比 ,121
通信工程,吉林大学珠海学院,447,448,湖北,理科,2015,第三批,加入对比 ,121
建筑学,吉林大学珠海学院,449,449,湖北,理科,2015,第三批,加入对比 ,121
软件工程,吉林大学珠海学院,450,453,湖北,理科,2015,第三批,加入对比 ,121
会计学,吉林大学珠海学院,482,482,湖北,文科,2015,第三批,加入对比 ,121
金融学,吉林大学珠海学院,493,498,湖北,文科,2015,第三批,加入对比 ,121
历史学,吉林大学,567,568,湖南,文科,2015,第一批,加入对比 ,121
文物与博物馆学,吉林大学,580,590,湖南,文科,2015,第一批,加入对比 ,121
日语,吉林大学,584,585,湖南,文科,2015,第一批,加入对比 ,121
英语,吉林大学,585,586,湖南,文科,2015,第一批,加入对比 ,121
哲学,吉林大学,586,589,湖南,文科,2015,第一批,加入对比 ,121
农林经济管理,吉林大学,588,591,湖南,文科,2015,第一批,加入对比 ,121
新闻学,吉林大学,588,590,湖南,文科,2015,第一批,加入对比 ,121
汉语言文学,吉林大学,588,590,湖南,文科,2015,第一批,加入对比 ,121
国际政治,吉林大学,588,590,湖南,文科,2015,第一批,加入对比 ,121
食品科学与工程,吉林大学,589,599,湖南,理科,2015,第一批,加入对比 ,121
地质学,吉林大学,590,599,湖南,理科,2015,第一批,加入对比 ,122
广告学,吉林大学,591,592,湖南,文科,2015,第一批,加入对比 ,122
金融学,吉林大学,592,593,湖南,文科,2015,第一批,加入对比 ,122
法学,吉林大学,598,605,湖南,文科,2015,第一批,加入对比 ,122
广告学,吉林大学,600,601,湖南,理科,2015,第一批,加入对比 ,122
农业机械化及其自动化,吉林大学,600,601,湖南,理科,2015,第一批,加入对比 ,122
汽车服务工程,吉林大学,600,601,湖南,理科,2015,第一批,加入对比 ,122
应用物理学,吉林大学,600,601,湖南,理科,2015,第一批,加入对比 ,122
食品质量与安全,吉林大学,600,601,湖南,理科,2015,第一批,加入对比 ,122
信息与计算科学,吉林大学,601,602,湖南,理科,2015,第一批,加入对比 ,122
通信工程,吉林大学,601,602,湖南,理科,2015,第一批,加入对比 ,122
信息管理与信息系统,吉林大学,601,604,湖南,理科,2015,第一批,加入对比 ,122
英语,吉林大学,601,602,湖南,理科,2015,第一批,加入对比 ,122
信息工程,吉林大学,602,605,湖南,理科,2015,第一批,加入对比 ,122
物理学类,吉林大学,602,605,湖南,理科,2015,第一批,加入对比 ,122
预防医学,吉林大学,602,604,湖南,理科,2015,第一批,加入对比 ,122
材料物理,吉林大学,603,605,湖南,理科,2015,第一批,加入对比 ,122
制药工程,吉林大学,603,606,湖南,理科,2015,第一批,加入对比 ,122
道路桥梁与渡河工程,吉林大学,603,606,湖南,理科,2015,第一批,加入对比 ,122
土木工程,吉林大学,603,606,湖南,理科,2015,第一批,加入对比 ,122
无机非金属材料工程,吉林大学,603,604,湖南,理科,2015,第一批,加入对比 ,122
环境科学,吉林大学,603,606,湖南,理科,2015,第一批,加入对比 ,122
测控技术与仪器,吉林大学,603,603,湖南,理科,2015,第一批,加入对比 ,122
交通工程,吉林大学,604,605,湖南,理科,2015,第一批,加入对比 ,122
工程力学,吉林大学,604,605,湖南,理科,2015,第一批,加入对比 ,122
统计学,吉林大学,605,606,湖南,理科,2015,第一批,加入对比 ,122
高分子材料与工程,吉林大学,606,608,湖南,理科,2015,第一批,加入对比 ,122
软件工程,吉林大学,606,612,湖南,理科,2015,第一批,加入对比 ,122
金融数学,吉林大学,606,607,湖南,理科,2015,第一批,加入对比 ,122
材料成型及控制工程,吉林大学,606,606,湖南,理科,2015,第一批,加入对比 ,122
微电子科学与工程,吉林大学,606,607,湖南,理科,2015,第一批,加入对比 ,122
计算机科学与技术,吉林大学,607,612,湖南,理科,2015,第一批,加入对比 ,122
自动化,吉林大学,607,610,湖南,理科,2015,第一批,加入对比 ,122
资源勘查工程,吉林大学,608,609,湖南,理科,2015,第一批,加入对比 ,122
电子科学与技术,吉林大学,608,614,湖南,理科,2015,第一批,加入对比 ,122
物理学,吉林大学,608,612,湖南,理科,2015,第一批,加入对比 ,122
机械工程,吉林大学,609,613,湖南,理科,2015,第一批,加入对比 ,122
法学,吉林大学,610,615,湖南,理科,2015,第一批,加入对比 ,122
会计学,吉林大学,610,612,湖南,理科,2015,第一批,加入对比 ,122
材料科学与工程,吉林大学,611,621,湖南,理科,2015,第一批,加入对比 ,122
金融学,吉林大学,613,615,湖南,理科,2015,第一批,加入对比 ,122
车辆工程,吉林大学,620,624,湖南,理科,2015,第一批,加入对比 ,122
化学,吉林大学,621,624,湖南,理科,2015,第一批,加入对比 ,122
计算机科学与技术,吉林大学珠海学院,461,461,湖南,理科,2015,第三批,加入对比 ,122
通信工程,吉林大学珠海学院,461,461,湖南,理科,2015,第三批,加入对比 ,122
化学工程与工艺,吉林大学珠海学院,462,462,湖南,理科,2015,第三批,加入对比 ,122
机械设计制造及其自动化,吉林大学珠海学院,462,462,湖南,理科,2015,第三批,加入对比 ,122
车辆工程,吉林大学珠海学院,470,470,湖南,理科,2015,第三批,加入对比 ,122
制药工程,吉林大学珠海学院,479,479,湖南,理科,2015,第三批,加入对比 ,122
软件工程,吉林大学珠海学院,491,491,湖南,理科,2015,第三批,加入对比 ,122
统计学,吉林大学,605,606,湖南,理科,2015,第一批,加入对比 ,123
高分子材料与工程,吉林大学,606,608,湖南,理科,2015,第一批,加入对比 ,123
软件工程,吉林大学,606,612,湖南,理科,2015,第一批,加入对比 ,123
金融数学,吉林大学,606,607,湖南,理科,2015,第一批,加入对比 ,123
材料成型及控制工程,吉林大学,606,606,湖南,理科,2015,第一批,加入对比 ,123
微电子科学与工程,吉林大学,606,607,湖南,理科,2015,第一批,加入对比 ,123
计算机科学与技术,吉林大学,607,612,湖南,理科,2015,第一批,加入对比 ,123
自动化,吉林大学,607,610,湖南,理科,2015,第一批,加入对比 ,123
资源勘查工程,吉林大学,608,609,湖南,理科,2015,第一批,加入对比 ,123
电子科学与技术,吉林大学,608,614,湖南,理科,2015,第一批,加入对比 ,123
物理学,吉林大学,608,612,湖南,理科,2015,第一批,加入对比 ,123
机械工程,吉林大学,609,613,湖南,理科,2015,第一批,加入对比 ,123
法学,吉林大学,610,615,湖南,理科,2015,第一批,加入对比 ,123
会计学,吉林大学,610,612,湖南,理科,2015,第一批,加入对比 ,123
材料科学与工程,吉林大学,611,621,湖南,理科,2015,第一批,加入对比 ,123
金融学,吉林大学,613,615,湖南,理科,2015,第一批,加入对比 ,123
车辆工程,吉林大学,620,624,湖南,理科,2015,第一批,加入对比 ,123
化学,吉林大学,621,624,湖南,理科,2015,第一批,加入对比 ,123
计算机科学与技术,吉林大学珠海学院,461,461,湖南,理科,2015,第三批,加入对比 ,123
通信工程,吉林大学珠海学院,461,461,湖南,理科,2015,第三批,加入对比 ,123
化学工程与工艺,吉林大学珠海学院,462,462,湖南,理科,2015,第三批,加入对比 ,123
机械设计制造及其自动化,吉林大学珠海学院,462,462,湖南,理科,2015,第三批,加入对比 ,123
车辆工程,吉林大学珠海学院,470,470,湖南,理科,2015,第三批,加入对比 ,123
制药工程,吉林大学珠海学院,479,479,湖南,理科,2015,第三批,加入对比 ,123
软件工程,吉林大学珠海学院,491,491,湖南,理科,2015,第三批,加入对比 ,123
会计学,吉林大学珠海学院,507,507,湖南,理科,2015,第三批,加入对比 ,123
新闻学,吉林大学,603,606,广东,文科,2015,第一批,加入对比 ,123
政治学与行政学,吉林大学,603,606,广东,文科,2015,第一批,加入对比 ,123
物理学类,吉林大学,604,624,广东,理科,2015,第一批,加入对比 ,123
财政学,吉林大学,606,607,广东,文科,2015,第一批,加入对比 ,123
日语,吉林大学,607,610,广东,文科,2015,第一批,加入对比 ,123
金融学,吉林大学,607,608,广东,文科,2015,第一批,加入对比 ,123
经济学,吉林大学,607,607,广东,文科,2015,第一批,加入对比 ,123
西班牙语,吉林大学,608,610,广东,文科,2015,第一批,加入对比 ,123
历史学,吉林大学,610,617,广东,文科,2015,第一批,加入对比 ,123
哲学,吉林大学,613,614,广东,文科,2015,第一批,加入对比 ,123
食品质量与安全,吉林大学,614,615,广东,理科,2015,第一批,加入对比 ,123
水文与水资源工程,吉林大学,614,615,广东,理科,2015,第一批,加入对比 ,123
法学,吉林大学,614,617,广东,文科,2015,第一批,加入对比 ,123
农林经济管理,吉林大学,615,615,广东,理科,2015,第一批,加入对比 ,123
勘查技术与工程,吉林大学,615,615,广东,理科,2015,第一批,加入对比 ,123
地质工程,吉林大学,615,616,广东,理科,2015,第一批,加入对比 ,123
地球物理学,吉林大学,616,616,广东,理科,2015,第一批,加入对比 ,123
工业工程,吉林大学,616,618,广东,理科,2015,第一批,加入对比 ,123
物流工程,吉林大学,616,618,广东,理科,2015,第一批,加入对比 ,123
土地资源管理,吉林大学,616,617,广东,理科,2015,第一批,加入对比 ,123
交通运输,吉林大学,616,619,广东,理科,2015,第一批,加入对比 ,123
道路桥梁与渡河工程,吉林大学,616,618,广东,理科,2015,第一批,加入对比 ,123
材料成型及控制工程,吉林大学,616,618,广东,理科,2015,第一批,加入对比 ,123
工程力学,吉林大学,616,618,广东,理科,2015,第一批,加入对比 ,123
无机非金属材料工程,吉林大学,617,618,广东,理科,2015,第一批,加入对比 ,123
汽车服务工程,吉林大学,617,621,广东,理科,2015,第一批,加入对比 ,123
环境工程,吉林大学,617,620,广东,理科,2015,第一批,加入对比 ,123
交通工程,吉林大学,617,619,广东,理科,2015,第一批,加入对比 ,123
通信工程,吉林大学,617,620,广东,理科,2015,第一批,加入对比 ,123
电子科学与技术,吉林大学,617,618,广东,理科,2015,第一批,加入对比 ,123
工程管理,吉林大学,617,619,广东,理科,2015,第一批,加入对比 ,123
临床药学,吉林大学,617,617,广东,理科,2015,第一批,加入对比 ,123
预防医学,吉林大学,617,618,广东,理科,2015,第一批,加入对比 ,123
食品科学与工程,吉林大学,617,621,广东,理科,2015,第一批,加入对比 ,123
农业机械化及其自动化,吉林大学,618,619,广东,理科,2015,第一批,加入对比 ,123
资源勘查工程,吉林大学,618,622,广东,理科,2015,第一批,加入对比 ,123
物联网工程,吉林大学,618,618,广东,理科,2015,第一批,加入对比 ,123
电子信息工程,吉林大学,618,618,广东,理科,2015,第一批,加入对比 ,123
能源与动力工程,吉林大学,618,621,广东,理科,2015,第一批,加入对比 ,123
测控技术与仪器,吉林大学,618,620,广东,理科,2015,第一批,加入对比 ,123
信息管理与信息系统,吉林大学,618,620,广东,理科,2015,第一批,加入对比 ,123
工商管理,吉林大学,619,623,广东,理科,2015,第一批,加入对比 ,123
生物医学工程,吉林大学,619,625,广东,理科,2015,第一批,加入对比 ,123
环境科学,吉林大学,619,622,广东,理科,2015,第一批,加入对比 ,123
土木工程,吉林大学,619,621,广东,理科,2015,第一批,加入对比 ,123
微电子科学与工程,吉林大学,619,621,广东,理科,2015,第一批,加入对比 ,123
信息工程,吉林大学,620,626,广东,理科,2015,第一批,加入对比 ,123
地质学,吉林大学,620,620,广东,理科,2015,第一批,加入对比 ,123
应用化学,吉林大学,620,622,广东,理科,2015,第一批,加入对比 ,123
会计学,吉林大学珠海学院,507,507,湖南,理科,2015,第三批,加入对比 ,124
新闻学,吉林大学,603,606,广东,文科,2015,第一批,加入对比 ,124
政治学与行政学,吉林大学,603,606,广东,文科,2015,第一批,加入对比 ,124
物理学类,吉林大学,604,624,广东,理科,2015,第一批,加入对比 ,124
财政学,吉林大学,606,607,广东,文科,2015,第一批,加入对比 ,124
日语,吉林大学,607,610,广东,文科,2015,第一批,加入对比 ,124
金融学,吉林大学,607,608,广东,文科,2015,第一批,加入对比 ,124
经济学,吉林大学,607,607,广东,文科,2015,第一批,加入对比 ,124
西班牙语,吉林大学,608,610,广东,文科,2015,第一批,加入对比 ,124
历史学,吉林大学,610,617,广东,文科,2015,第一批,加入对比 ,124
哲学,吉林大学,613,614,广东,文科,2015,第一批,加入对比 ,124
食品质量与安全,吉林大学,614,615,广东,理科,2015,第一批,加入对比 ,124
水文与水资源工程,吉林大学,614,615,广东,理科,2015,第一批,加入对比 ,124
法学,吉林大学,614,617,广东,文科,2015,第一批,加入对比 ,124
农林经济管理,吉林大学,615,615,广东,理科,2015,第一批,加入对比 ,124
勘查技术与工程,吉林大学,615,615,广东,理科,2015,第一批,加入对比 ,124
地质工程,吉林大学,615,616,广东,理科,2015,第一批,加入对比 ,124
地球物理学,吉林大学,616,616,广东,理科,2015,第一批,加入对比 ,124
工业工程,吉林大学,616,618,广东,理科,2015,第一批,加入对比 ,124
物流工程,吉林大学,616,618,广东,理科,2015,第一批,加入对比 ,124
土地资源管理,吉林大学,616,617,广东,理科,2015,第一批,加入对比 ,124
交通运输,吉林大学,616,619,广东,理科,2015,第一批,加入对比 ,124
道路桥梁与渡河工程,吉林大学,616,618,广东,理科,2015,第一批,加入对比 ,124
材料成型及控制工程,吉林大学,616,618,广东,理科,2015,第一批,加入对比 ,124
工程力学,吉林大学,616,618,广东,理科,2015,第一批,加入对比 ,124
无机非金属材料工程,吉林大学,617,618,广东,理科,2015,第一批,加入对比 ,124
汽车服务工程,吉林大学,617,621,广东,理科,2015,第一批,加入对比 ,124
环境工程,吉林大学,617,620,广东,理科,2015,第一批,加入对比 ,124
交通工程,吉林大学,617,619,广东,理科,2015,第一批,加入对比 ,124
通信工程,吉林大学,617,620,广东,理科,2015,第一批,加入对比 ,124
电子科学与技术,吉林大学,617,618,广东,理科,2015,第一批,加入对比 ,124
工程管理,吉林大学,617,619,广东,理科,2015,第一批,加入对比 ,124
临床药学,吉林大学,617,617,广东,理科,2015,第一批,加入对比 ,124
预防医学,吉林大学,617,618,广东,理科,2015,第一批,加入对比 ,124
食品科学与工程,吉林大学,617,621,广东,理科,2015,第一批,加入对比 ,124
农业机械化及其自动化,吉林大学,618,619,广东,理科,2015,第一批,加入对比 ,124
资源勘查工程,吉林大学,618,622,广东,理科,2015,第一批,加入对比 ,124
物联网工程,吉林大学,618,618,广东,理科,2015,第一批,加入对比 ,124
电子信息工程,吉林大学,618,618,广东,理科,2015,第一批,加入对比 ,124
能源与动力工程,吉林大学,618,621,广东,理科,2015,第一批,加入对比 ,124
测控技术与仪器,吉林大学,618,620,广东,理科,2015,第一批,加入对比 ,124
信息管理与信息系统,吉林大学,618,620,广东,理科,2015,第一批,加入对比 ,124
工商管理,吉林大学,619,623,广东,理科,2015,第一批,加入对比 ,124
生物医学工程,吉林大学,619,625,广东,理科,2015,第一批,加入对比 ,124
环境科学,吉林大学,619,622,广东,理科,2015,第一批,加入对比 ,124
土木工程,吉林大学,619,621,广东,理科,2015,第一批,加入对比 ,124
微电子科学与工程,吉林大学,619,621,广东,理科,2015,第一批,加入对比 ,124
信息工程,吉林大学,620,626,广东,理科,2015,第一批,加入对比 ,124
地质学,吉林大学,620,620,广东,理科,2015,第一批,加入对比 ,124
应用化学,吉林大学,620,622,广东,理科,2015,第一批,加入对比 ,124
信息与计算科学,吉林大学,620,626,广东,理科,2015,第一批,加入对比 ,124
金融数学,吉林大学,621,622,广东,理科,2015,第一批,加入对比 ,124
计算机科学与技术,吉林大学,621,629,广东,理科,2015,第一批,加入对比 ,124
机械工程,吉林大学,622,627,广东,理科,2015,第一批,加入对比 ,124
制药工程,吉林大学,623,626,广东,理科,2015,第一批,加入对比 ,124
自动化,吉林大学,624,630,广东,理科,2015,第一批,加入对比 ,124
软件工程,吉林大学,624,629,广东,理科,2015,第一批,加入对比 ,124
财政学,吉林大学,624,628,广东,理科,2015,第一批,加入对比 ,124
化学,吉林大学,625,628,广东,理科,2015,第一批,加入对比 ,124
法学,吉林大学,627,629,广东,理科,2015,第一批,加入对比 ,124
统计学,吉林大学,627,629,广东,理科,2015,第一批,加入对比 ,124
材料科学与工程,吉林大学,627,628,广东,理科,2015,第一批,加入对比 ,124
电气工程及其自动化,吉林大学,628,630,广东,理科,2015,第一批,加入对比 ,124
物理学,吉林大学,631,632,广东,理科,2015,第一批,加入对比 ,124
经济学,吉林大学,631,632,广东,理科,2015,第一批,加入对比 ,124
车辆工程,吉林大学,632,646,广东,理科,2015,第一批,加入对比 ,124
数学与应用数学,吉林大学,633,639,广东,理科,2015,第一批,加入对比 ,124
金融学,吉林大学,637,641,广东,理科,2015,第一批,加入对比 ,124
水文与水资源工程,吉林大学,619,624,重庆,理科,2015,第一批,加入对比 ,124
地质工程,吉林大学,622,625,重庆,理科,2015,第一批,加入对比 ,124
测绘工程,吉林大学,622,630,重庆,理科,2015,第一批,加入对比 ,124
地质学,吉林大学,622,624,重庆,理科,2015,第一批,加入对比 ,124
地理科学,吉林大学,622,624,重庆,理科,2015,第一批,加入对比 ,124
档案学,吉林大学,624,626,重庆,理科,2015,第一批,加入对比 ,124
工程力学,吉林大学,624,625,重庆,理科,2015,第一批,加入对比 ,124
工业工程,吉林大学,625,626,重庆,理科,2015,第一批,加入对比 ,124
食品质量与安全,吉林大学,625,627,重庆,理科,2015,第一批,加入对比 ,124
交通运输,吉林大学,625,632,重庆,理科,2015,第一批,加入对比 ,124
电子科学与技术,吉林大学,625,626,重庆,理科,2015,第一批,加入对比 ,124
汽车服务工程,吉林大学,625,627,重庆,理科,2015,第一批,加入对比 ,124
临床药学,吉林大学,626,627,重庆,理科,2015,第一批,加入对比 ,124
生物医学工程,吉林大学,626,626,重庆,理科,2015,第一批,加入对比 ,124
无机非金属材料工程,吉林大学,626,628,重庆,理科,2015,第一批,加入对比 ,124
测控技术与仪器,吉林大学,626,627,重庆,理科,2015,第一批,加入对比 ,124
地球物理学,吉林大学,626,631,重庆,理科,2015,第一批,加入对比 ,124
放射医学,吉林大学,627,632,重庆,理科,2015,第一批,加入对比 ,124
环境工程,吉林大学,627,628,重庆,理科,2015,第一批,加入对比 ,124
交通工程,吉林大学,627,629,重庆,理科,2015,第一批,加入对比 ,124
计算机科学与技术,吉林大学,627,631,重庆,理科,2015,第一批,加入对比 ,124
统计学,吉林大学,627,629,重庆,理科,2015,第一批,加入对比 ,124
信息与计算科学,吉林大学,627,630,重庆,理科,2015,第一批,加入对比 ,124
预防医学,吉林大学,628,630,重庆,理科,2015,第一批,加入对比 ,124
农业机械化及其自动化,吉林大学,628,631,重庆,理科,2015,第一批,加入对比 ,124
制药工程,吉林大学,628,628,重庆,理科,2015,第一批,加入对比 ,124
电子信息工程,吉林大学,628,629,重庆,理科,2015,第一批,加入对比 ,124
农林经济管理,吉林大学,628,633,重庆,文科,2015,第一批,加入对比 ,124
哲学,吉林大学,628,633,重庆,文科,2015,第一批,加入对比 ,124
道路桥梁与渡河工程,吉林大学,629,636,重庆,理科,2015,第一批,加入对比 ,124
英语,吉林大学,630,631,重庆,理科,2015,第一批,加入对比 ,124
土木工程,吉林大学,630,639,重庆,理科,2015,第一批,加入对比 ,124
无机非金属材料工程,吉林大学,617,618,广东,理科,2015,第一批,加入对比 ,125
汽车服务工程,吉林大学,617,621,广东,理科,2015,第一批,加入对比 ,125
环境工程,吉林大学,617,620,广东,理科,2015,第一批,加入对比 ,125
交通工程,吉林大学,617,619,广东,理科,2015,第一批,加入对比 ,125
通信工程,吉林大学,617,620,广东,理科,2015,第一批,加入对比 ,125
电子科学与技术,吉林大学,617,618,广东,理科,2015,第一批,加入对比 ,125
工程管理,吉林大学,617,619,广东,理科,2015,第一批,加入对比 ,125
临床药学,吉林大学,617,617,广东,理科,2015,第一批,加入对比 ,125
预防医学,吉林大学,617,618,广东,理科,2015,第一批,加入对比 ,125
食品科学与工程,吉林大学,617,621,广东,理科,2015,第一批,加入对比 ,125
农业机械化及其自动化,吉林大学,618,619,广东,理科,2015,第一批,加入对比 ,125
资源勘查工程,吉林大学,618,622,广东,理科,2015,第一批,加入对比 ,125
物联网工程,吉林大学,618,618,广东,理科,2015,第一批,加入对比 ,125
电子信息工程,吉林大学,618,618,广东,理科,2015,第一批,加入对比 ,125
能源与动力工程,吉林大学,618,621,广东,理科,2015,第一批,加入对比 ,125
测控技术与仪器,吉林大学,618,620,广东,理科,2015,第一批,加入对比 ,125
信息管理与信息系统,吉林大学,618,620,广东,理科,2015,第一批,加入对比 ,125
工商管理,吉林大学,619,623,广东,理科,2015,第一批,加入对比 ,125
生物医学工程,吉林大学,619,625,广东,理科,2015,第一批,加入对比 ,125
环境科学,吉林大学,619,622,广东,理科,2015,第一批,加入对比 ,125
土木工程,吉林大学,619,621,广东,理科,2015,第一批,加入对比 ,125
微电子科学与工程,吉林大学,619,621,广东,理科,2015,第一批,加入对比 ,125
信息工程,吉林大学,620,626,广东,理科,2015,第一批,加入对比 ,125
地质学,吉林大学,620,620,广东,理科,2015,第一批,加入对比 ,125
应用化学,吉林大学,620,622,广东,理科,2015,第一批,加入对比 ,125
信息与计算科学,吉林大学,620,626,广东,理科,2015,第一批,加入对比 ,125
金融数学,吉林大学,621,622,广东,理科,2015,第一批,加入对比 ,125
计算机科学与技术,吉林大学,621,629,广东,理科,2015,第一批,加入对比 ,125
机械工程,吉林大学,622,627,广东,理科,2015,第一批,加入对比 ,125
制药工程,吉林大学,623,626,广东,理科,2015,第一批,加入对比 ,125
自动化,吉林大学,624,630,广东,理科,2015,第一批,加入对比 ,125
软件工程,吉林大学,624,629,广东,理科,2015,第一批,加入对比 ,125
财政学,吉林大学,624,628,广东,理科,2015,第一批,加入对比 ,125
化学,吉林大学,625,628,广东,理科,2015,第一批,加入对比 ,125
法学,吉林大学,627,629,广东,理科,2015,第一批,加入对比 ,125
统计学,吉林大学,627,629,广东,理科,2015,第一批,加入对比 ,125
材料科学与工程,吉林大学,627,628,广东,理科,2015,第一批,加入对比 ,125
电气工程及其自动化,吉林大学,628,630,广东,理科,2015,第一批,加入对比 ,125
物理学,吉林大学,631,632,广东,理科,2015,第一批,加入对比 ,125
经济学,吉林大学,631,632,广东,理科,2015,第一批,加入对比 ,125
车辆工程,吉林大学,632,646,广东,理科,2015,第一批,加入对比 ,125
数学与应用数学,吉林大学,633,639,广东,理科,2015,第一批,加入对比 ,125
金融学,吉林大学,637,641,广东,理科,2015,第一批,加入对比 ,125
水文与水资源工程,吉林大学,619,624,重庆,理科,2015,第一批,加入对比 ,125
地质工程,吉林大学,622,625,重庆,理科,2015,第一批,加入对比 ,125
测绘工程,吉林大学,622,630,重庆,理科,2015,第一批,加入对比 ,125
地质学,吉林大学,622,624,重庆,理科,2015,第一批,加入对比 ,125
地理科学,吉林大学,622,624,重庆,理科,2015,第一批,加入对比 ,125
档案学,吉林大学,624,626,重庆,理科,2015,第一批,加入对比 ,125
工程力学,吉林大学,624,625,重庆,理科,2015,第一批,加入对比 ,125
工业工程,吉林大学,625,626,重庆,理科,2015,第一批,加入对比 ,125
食品质量与安全,吉林大学,625,627,重庆,理科,2015,第一批,加入对比 ,125
交通运输,吉林大学,625,632,重庆,理科,2015,第一批,加入对比 ,125
电子科学与技术,吉林大学,625,626,重庆,理科,2015,第一批,加入对比 ,125
汽车服务工程,吉林大学,625,627,重庆,理科,2015,第一批,加入对比 ,125
临床药学,吉林大学,626,627,重庆,理科,2015,第一批,加入对比 ,125
生物医学工程,吉林大学,626,626,重庆,理科,2015,第一批,加入对比 ,125
无机非金属材料工程,吉林大学,626,628,重庆,理科,2015,第一批,加入对比 ,125
测控技术与仪器,吉林大学,626,627,重庆,理科,2015,第一批,加入对比 ,125
地球物理学,吉林大学,626,631,重庆,理科,2015,第一批,加入对比 ,125
放射医学,吉林大学,627,632,重庆,理科,2015,第一批,加入对比 ,125
环境工程,吉林大学,627,628,重庆,理科,2015,第一批,加入对比 ,125
交通工程,吉林大学,627,629,重庆,理科,2015,第一批,加入对比 ,125
计算机科学与技术,吉林大学,627,631,重庆,理科,2015,第一批,加入对比 ,125
统计学,吉林大学,627,629,重庆,理科,2015,第一批,加入对比 ,125
信息与计算科学,吉林大学,627,630,重庆,理科,2015,第一批,加入对比 ,125
预防医学,吉林大学,628,630,重庆,理科,2015,第一批,加入对比 ,125
农业机械化及其自动化,吉林大学,628,631,重庆,理科,2015,第一批,加入对比 ,125
制药工程,吉林大学,628,628,重庆,理科,2015,第一批,加入对比 ,125
电子信息工程,吉林大学,628,629,重庆,理科,2015,第一批,加入对比 ,125
农林经济管理,吉林大学,628,633,重庆,文科,2015,第一批,加入对比 ,125
哲学,吉林大学,628,633,重庆,文科,2015,第一批,加入对比 ,125
道路桥梁与渡河工程,吉林大学,629,636,重庆,理科,2015,第一批,加入对比 ,125
英语,吉林大学,630,631,重庆,理科,2015,第一批,加入对比 ,125
土木工程,吉林大学,630,639,重庆,理科,2015,第一批,加入对比 ,125
物联网工程,吉林大学,630,631,重庆,理科,2015,第一批,加入对比 ,125
通信工程,吉林大学,630,636,重庆,理科,2015,第一批,加入对比 ,125
信息工程,吉林大学,631,635,重庆,理科,2015,第一批,加入对比 ,125
材料物理,吉林大学,631,631,重庆,理科,2015,第一批,加入对比 ,125
数学与应用数学,吉林大学,632,634,重庆,理科,2015,第一批,加入对比 ,125
国际政治,吉林大学,633,634,重庆,文科,2015,第一批,加入对比 ,125
软件工程,吉林大学,633,637,重庆,理科,2015,第一批,加入对比 ,125
材料成型及控制工程,吉林大学,635,636,重庆,理科,2015,第一批,加入对比 ,125
机械工程,吉林大学,635,640,重庆,理科,2015,第一批,加入对比 ,125
法学,吉林大学,636,637,重庆,理科,2015,第一批,加入对比 ,125
金融学,吉林大学,636,639,重庆,文科,2015,第一批,加入对比 ,125
资源勘查工程,吉林大学,636,639,重庆,理科,2015,第一批,加入对比 ,125
法学,吉林大学,639,640,重庆,文科,2015,第一批,加入对比 ,125
化学,吉林大学,639,641,重庆,理科,2015,第一批,加入对比 ,125
能源与动力工程,吉林大学,646,649,重庆,理科,2015,第一批,加入对比 ,125
机械设计制造及其自动化,吉林大学珠海学院,525,525,重庆,理科,2015,第三批,加入对比 ,125
制药工程,吉林大学珠海学院,528,528,重庆,理科,2015,第三批,加入对比 ,125
应用化学,吉林大学珠海学院,530,530,重庆,理科,2015,第三批,加入对比 ,125
会计学,吉林大学珠海学院,531,531,重庆,文科,2015,第三批,加入对比 ,125
食品科学与工程,吉林大学,583,586,四川,理科,2015,第一批,加入对比 ,125
生物医学工程,吉林大学,583,587,四川,理科,2015,第一批,加入对比 ,125
农业机械化及其自动化,吉林大学,584,587,四川,理科,2015,第一批,加入对比 ,125
测绘工程,吉林大学,584,586,四川,理科,2015,第一批,加入对比 ,125
水文与水资源工程,吉林大学,584,586,四川,理科,2015,第一批,加入对比 ,125
工业工程,吉林大学,585,586,四川,理科,2015,第一批,加入对比 ,125
汽车服务工程,吉林大学,585,586,四川,理科,2015,第一批,加入对比 ,125
资源勘查工程,吉林大学,586,588,四川,理科,2015,第一批,加入对比 ,125
地质工程,吉林大学,586,587,四川,理科,2015,第一批,加入对比 ,125
材料成型及控制工程,吉林大学,586,587,四川,理科,2015,第一批,加入对比 ,125
地质学,吉林大学,586,587,四川,理科,2015,第一批,加入对比 ,125
地球物理学,吉林大学,586,587,四川,理科,2015,第一批,加入对比 ,125
地理科学,吉林大学,586,587,四川,理科,2015,第一批,加入对比 ,125
食品质量与安全,吉林大学,587,590,四川,理科,2015,第一批,加入对比 ,125
交通工程,吉林大学,587,588,四川,理科,2015,第一批,加入对比 ,125
工程力学,吉林大学,587,588,四川,理科,2015,第一批,加入对比 ,125
西班牙语,吉林大学,587,588,四川,文科,2015,第一批,加入对比 ,125
信息管理与信息系统,吉林大学,587,588,四川,理科,2015,第一批,加入对比 ,125
材料物理,吉林大学,587,588,四川,理科,2015,第一批,加入对比 ,125
新闻学,吉林大学,588,588,四川,文科,2015,第一批,加入对比 ,125
日语,吉林大学,588,589,四川,文科,2015,第一批,加入对比 ,125
农林经济管理,吉林大学,588,588,四川,文科,2015,第一批,加入对比 ,125
道路桥梁与渡河工程,吉林大学,588,588,四川,理科,2015,第一批,加入对比 ,125
生物科学,吉林大学,588,589,四川,理科,2015,第一批,加入对比 ,125
电子信息工程,吉林大学,588,590,四川,理科,2015,第一批,加入对比 ,125
土木工程,吉林大学,588,591,四川,理科,2015,第一批,加入对比 ,125
信息工程,吉林大学,589,594,四川,理科,2015,第一批,加入对比 ,125
包装工程,吉林大学,589,592,四川,理科,2015,第一批,加入对比 ,125
工程管理,吉林大学,590,591,四川,理科,2015,第一批,加入对比 ,125
制药工程,吉林大学,590,591,四川,理科,2015,第一批,加入对比 ,125
信息与计算科学,吉林大学,590,591,四川,理科,2015,第一批,加入对比 ,125
信息与计算科学,吉林大学,620,626,广东,理科,2015,第一批,加入对比 ,126
金融数学,吉林大学,621,622,广东,理科,2015,第一批,加入对比 ,126
计算机科学与技术,吉林大学,621,629,广东,理科,2015,第一批,加入对比 ,126
机械工程,吉林大学,622,627,广东,理科,2015,第一批,加入对比 ,126
制药工程,吉林大学,623,626,广东,理科,2015,第一批,加入对比 ,126
自动化,吉林大学,624,630,广东,理科,2015,第一批,加入对比 ,126
软件工程,吉林大学,624,629,广东,理科,2015,第一批,加入对比 ,126
财政学,吉林大学,624,628,广东,理科,2015,第一批,加入对比 ,126
化学,吉林大学,625,628,广东,理科,2015,第一批,加入对比 ,126
法学,吉林大学,627,629,广东,理科,2015,第一批,加入对比 ,126
统计学,吉林大学,627,629,广东,理科,2015,第一批,加入对比 ,126
材料科学与工程,吉林大学,627,628,广东,理科,2015,第一批,加入对比 ,126
电气工程及其自动化,吉林大学,628,630,广东,理科,2015,第一批,加入对比 ,126
物理学,吉林大学,631,632,广东,理科,2015,第一批,加入对比 ,126
经济学,吉林大学,631,632,广东,理科,2015,第一批,加入对比 ,126
车辆工程,吉林大学,632,646,广东,理科,2015,第一批,加入对比 ,126
数学与应用数学,吉林大学,633,639,广东,理科,2015,第一批,加入对比 ,126
金融学,吉林大学,637,641,广东,理科,2015,第一批,加入对比 ,126
水文与水资源工程,吉林大学,619,624,重庆,理科,2015,第一批,加入对比 ,126
地质工程,吉林大学,622,625,重庆,理科,2015,第一批,加入对比 ,126
测绘工程,吉林大学,622,630,重庆,理科,2015,第一批,加入对比 ,126
地质学,吉林大学,622,624,重庆,理科,2015,第一批,加入对比 ,126
地理科学,吉林大学,622,624,重庆,理科,2015,第一批,加入对比 ,126
档案学,吉林大学,624,626,重庆,理科,2015,第一批,加入对比 ,126
工程力学,吉林大学,624,625,重庆,理科,2015,第一批,加入对比 ,126
工业工程,吉林大学,625,626,重庆,理科,2015,第一批,加入对比 ,126
食品质量与安全,吉林大学,625,627,重庆,理科,2015,第一批,加入对比 ,126
交通运输,吉林大学,625,632,重庆,理科,2015,第一批,加入对比 ,126
电子科学与技术,吉林大学,625,626,重庆,理科,2015,第一批,加入对比 ,126
汽车服务工程,吉林大学,625,627,重庆,理科,2015,第一批,加入对比 ,126
临床药学,吉林大学,626,627,重庆,理科,2015,第一批,加入对比 ,126
生物医学工程,吉林大学,626,626,重庆,理科,2015,第一批,加入对比 ,126
无机非金属材料工程,吉林大学,626,628,重庆,理科,2015,第一批,加入对比 ,126
测控技术与仪器,吉林大学,626,627,重庆,理科,2015,第一批,加入对比 ,126
地球物理学,吉林大学,626,631,重庆,理科,2015,第一批,加入对比 ,126
放射医学,吉林大学,627,632,重庆,理科,2015,第一批,加入对比 ,126
环境工程,吉林大学,627,628,重庆,理科,2015,第一批,加入对比 ,126
交通工程,吉林大学,627,629,重庆,理科,2015,第一批,加入对比 ,126
计算机科学与技术,吉林大学,627,631,重庆,理科,2015,第一批,加入对比 ,126
统计学,吉林大学,627,629,重庆,理科,2015,第一批,加入对比 ,126
信息与计算科学,吉林大学,627,630,重庆,理科,2015,第一批,加入对比 ,126
预防医学,吉林大学,628,630,重庆,理科,2015,第一批,加入对比 ,126
农业机械化及其自动化,吉林大学,628,631,重庆,理科,2015,第一批,加入对比 ,126
制药工程,吉林大学,628,628,重庆,理科,2015,第一批,加入对比 ,126
电子信息工程,吉林大学,628,629,重庆,理科,2015,第一批,加入对比 ,126
农林经济管理,吉林大学,628,633,重庆,文科,2015,第一批,加入对比 ,126
哲学,吉林大学,628,633,重庆,文科,2015,第一批,加入对比 ,126
道路桥梁与渡河工程,吉林大学,629,636,重庆,理科,2015,第一批,加入对比 ,126
英语,吉林大学,630,631,重庆,理科,2015,第一批,加入对比 ,126
土木工程,吉林大学,630,639,重庆,理科,2015,第一批,加入对比 ,126
物联网工程,吉林大学,630,631,重庆,理科,2015,第一批,加入对比 ,126
通信工程,吉林大学,630,636,重庆,理科,2015,第一批,加入对比 ,126
信息工程,吉林大学,631,635,重庆,理科,2015,第一批,加入对比 ,126
材料物理,吉林大学,631,631,重庆,理科,2015,第一批,加入对比 ,126
数学与应用数学,吉林大学,632,634,重庆,理科,2015,第一批,加入对比 ,126
国际政治,吉林大学,633,634,重庆,文科,2015,第一批,加入对比 ,126
软件工程,吉林大学,633,637,重庆,理科,2015,第一批,加入对比 ,126
材料成型及控制工程,吉林大学,635,636,重庆,理科,2015,第一批,加入对比 ,126
机械工程,吉林大学,635,640,重庆,理科,2015,第一批,加入对比 ,126
法学,吉林大学,636,637,重庆,理科,2015,第一批,加入对比 ,126
金融学,吉林大学,636,639,重庆,文科,2015,第一批,加入对比 ,126
资源勘查工程,吉林大学,636,639,重庆,理科,2015,第一批,加入对比 ,126
法学,吉林大学,639,640,重庆,文科,2015,第一批,加入对比 ,126
化学,吉林大学,639,641,重庆,理科,2015,第一批,加入对比 ,126
能源与动力工程,吉林大学,646,649,重庆,理科,2015,第一批,加入对比 ,126
机械设计制造及其自动化,吉林大学珠海学院,525,525,重庆,理科,2015,第三批,加入对比 ,126
制药工程,吉林大学珠海学院,528,528,重庆,理科,2015,第三批,加入对比 ,126
应用化学,吉林大学珠海学院,530,530,重庆,理科,2015,第三批,加入对比 ,126
会计学,吉林大学珠海学院,531,531,重庆,文科,2015,第三批,加入对比 ,126
食品科学与工程,吉林大学,583,586,四川,理科,2015,第一批,加入对比 ,126
生物医学工程,吉林大学,583,587,四川,理科,2015,第一批,加入对比 ,126
农业机械化及其自动化,吉林大学,584,587,四川,理科,2015,第一批,加入对比 ,126
测绘工程,吉林大学,584,586,四川,理科,2015,第一批,加入对比 ,126
水文与水资源工程,吉林大学,584,586,四川,理科,2015,第一批,加入对比 ,126
工业工程,吉林大学,585,586,四川,理科,2015,第一批,加入对比 ,126
汽车服务工程,吉林大学,585,586,四川,理科,2015,第一批,加入对比 ,126
资源勘查工程,吉林大学,586,588,四川,理科,2015,第一批,加入对比 ,126
地质工程,吉林大学,586,587,四川,理科,2015,第一批,加入对比 ,126
材料成型及控制工程,吉林大学,586,587,四川,理科,2015,第一批,加入对比 ,126
地质学,吉林大学,586,587,四川,理科,2015,第一批,加入对比 ,126
地球物理学,吉林大学,586,587,四川,理科,2015,第一批,加入对比 ,126
地理科学,吉林大学,586,587,四川,理科,2015,第一批,加入对比 ,126
食品质量与安全,吉林大学,587,590,四川,理科,2015,第一批,加入对比 ,126
交通工程,吉林大学,587,588,四川,理科,2015,第一批,加入对比 ,126
工程力学,吉林大学,587,588,四川,理科,2015,第一批,加入对比 ,126
西班牙语,吉林大学,587,588,四川,文科,2015,第一批,加入对比 ,126
信息管理与信息系统,吉林大学,587,588,四川,理科,2015,第一批,加入对比 ,126
材料物理,吉林大学,587,588,四川,理科,2015,第一批,加入对比 ,126
新闻学,吉林大学,588,588,四川,文科,2015,第一批,加入对比 ,126
日语,吉林大学,588,589,四川,文科,2015,第一批,加入对比 ,126
农林经济管理,吉林大学,588,588,四川,文科,2015,第一批,加入对比 ,126
道路桥梁与渡河工程,吉林大学,588,588,四川,理科,2015,第一批,加入对比 ,126
生物科学,吉林大学,588,589,四川,理科,2015,第一批,加入对比 ,126
电子信息工程,吉林大学,588,590,四川,理科,2015,第一批,加入对比 ,126
土木工程,吉林大学,588,591,四川,理科,2015,第一批,加入对比 ,126
信息工程,吉林大学,589,594,四川,理科,2015,第一批,加入对比 ,126
包装工程,吉林大学,589,592,四川,理科,2015,第一批,加入对比 ,126
工程管理,吉林大学,590,591,四川,理科,2015,第一批,加入对比 ,126
制药工程,吉林大学,590,591,四川,理科,2015,第一批,加入对比 ,126
信息与计算科学,吉林大学,590,591,四川,理科,2015,第一批,加入对比 ,126
自动化,吉林大学,590,591,四川,理科,2015,第一批,加入对比 ,126
软件工程,吉林大学,590,594,四川,理科,2015,第一批,加入对比 ,126
物联网工程,吉林大学,591,592,四川,理科,2015,第一批,加入对比 ,126
化学工程与工艺,吉林大学,591,592,四川,理科,2015,第一批,加入对比 ,126
统计学,吉林大学,591,596,四川,理科,2015,第一批,加入对比 ,126
核物理,吉林大学,591,593,四川,理科,2015,第一批,加入对比 ,126
无机非金属材料工程,吉林大学,593,594,四川,理科,2015,第一批,加入对比 ,126
金融学,吉林大学,593,593,四川,文科,2015,第一批,加入对比 ,126
工商管理,吉林大学,593,599,四川,理科,2015,第一批,加入对比 ,126
法学,吉林大学,594,597,四川,文科,2015,第一批,加入对比 ,126
机械工程,吉林大学,594,599,四川,理科,2015,第一批,加入对比 ,126
化学,吉林大学,594,595,四川,理科,2015,第一批,加入对比 ,126
放射医学,吉林大学,595,598,四川,理科,2015,第一批,加入对比 ,126
数学与应用数学,吉林大学,597,600,四川,理科,2015,第一批,加入对比 ,126
计算机科学与技术,吉林大学,598,608,四川,理科,2015,第一批,加入对比 ,126
法学,吉林大学,598,600,四川,理科,2015,第一批,加入对比 ,126
历史学,吉林大学,598,604,四川,文科,2015,第一批,加入对比 ,126
物理学,吉林大学,599,602,四川,理科,2015,第一批,加入对比 ,126
能源与动力工程,吉林大学,599,604,四川,理科,2015,第一批,加入对比 ,126
临床药学,吉林大学,600,603,四川,理科,2015,第一批,加入对比 ,126
金融学,吉林大学,601,604,四川,理科,2015,第一批,加入对比 ,126
网络工程,吉林大学珠海学院,477,477,四川,理科,2015,第二批,加入对比 ,126
测控技术与仪器,吉林大学珠海学院,477,477,四川,理科,2015,第二批,加入对比 ,126
制药工程,吉林大学珠海学院,478,478,四川,理科,2015,第二批,加入对比 ,126
软件工程,吉林大学珠海学院,478,478,四川,理科,2015,第二批,加入对比 ,126
工业工程,吉林大学,625,626,重庆,理科,2015,第一批,加入对比 ,127
食品质量与安全,吉林大学,625,627,重庆,理科,2015,第一批,加入对比 ,127
交通运输,吉林大学,625,632,重庆,理科,2015,第一批,加入对比 ,127
电子科学与技术,吉林大学,625,626,重庆,理科,2015,第一批,加入对比 ,127
汽车服务工程,吉林大学,625,627,重庆,理科,2015,第一批,加入对比 ,127
临床药学,吉林大学,626,627,重庆,理科,2015,第一批,加入对比 ,127
生物医学工程,吉林大学,626,626,重庆,理科,2015,第一批,加入对比 ,127
无机非金属材料工程,吉林大学,626,628,重庆,理科,2015,第一批,加入对比 ,127
测控技术与仪器,吉林大学,626,627,重庆,理科,2015,第一批,加入对比 ,127
地球物理学,吉林大学,626,631,重庆,理科,2015,第一批,加入对比 ,127
放射医学,吉林大学,627,632,重庆,理科,2015,第一批,加入对比 ,127
环境工程,吉林大学,627,628,重庆,理科,2015,第一批,加入对比 ,127
交通工程,吉林大学,627,629,重庆,理科,2015,第一批,加入对比 ,127
计算机科学与技术,吉林大学,627,631,重庆,理科,2015,第一批,加入对比 ,127
统计学,吉林大学,627,629,重庆,理科,2015,第一批,加入对比 ,127
信息与计算科学,吉林大学,627,630,重庆,理科,2015,第一批,加入对比 ,127
预防医学,吉林大学,628,630,重庆,理科,2015,第一批,加入对比 ,127
农业机械化及其自动化,吉林大学,628,631,重庆,理科,2015,第一批,加入对比 ,127
制药工程,吉林大学,628,628,重庆,理科,2015,第一批,加入对比 ,127
电子信息工程,吉林大学,628,629,重庆,理科,2015,第一批,加入对比 ,127
农林经济管理,吉林大学,628,633,重庆,文科,2015,第一批,加入对比 ,127
哲学,吉林大学,628,633,重庆,文科,2015,第一批,加入对比 ,127
道路桥梁与渡河工程,吉林大学,629,636,重庆,理科,2015,第一批,加入对比 ,127
英语,吉林大学,630,631,重庆,理科,2015,第一批,加入对比 ,127
土木工程,吉林大学,630,639,重庆,理科,2015,第一批,加入对比 ,127
物联网工程,吉林大学,630,631,重庆,理科,2015,第一批,加入对比 ,127
通信工程,吉林大学,630,636,重庆,理科,2015,第一批,加入对比 ,127
信息工程,吉林大学,631,635,重庆,理科,2015,第一批,加入对比 ,127
材料物理,吉林大学,631,631,重庆,理科,2015,第一批,加入对比 ,127
数学与应用数学,吉林大学,632,634,重庆,理科,2015,第一批,加入对比 ,127
国际政治,吉林大学,633,634,重庆,文科,2015,第一批,加入对比 ,127
软件工程,吉林大学,633,637,重庆,理科,2015,第一批,加入对比 ,127
材料成型及控制工程,吉林大学,635,636,重庆,理科,2015,第一批,加入对比 ,127
机械工程,吉林大学,635,640,重庆,理科,2015,第一批,加入对比 ,127
法学,吉林大学,636,637,重庆,理科,2015,第一批,加入对比 ,127
金融学,吉林大学,636,639,重庆,文科,2015,第一批,加入对比 ,127
资源勘查工程,吉林大学,636,639,重庆,理科,2015,第一批,加入对比 ,127
法学,吉林大学,639,640,重庆,文科,2015,第一批,加入对比 ,127
化学,吉林大学,639,641,重庆,理科,2015,第一批,加入对比 ,127
能源与动力工程,吉林大学,646,649,重庆,理科,2015,第一批,加入对比 ,127
机械设计制造及其自动化,吉林大学珠海学院,525,525,重庆,理科,2015,第三批,加入对比 ,127
制药工程,吉林大学珠海学院,528,528,重庆,理科,2015,第三批,加入对比 ,127
应用化学,吉林大学珠海学院,530,530,重庆,理科,2015,第三批,加入对比 ,127
会计学,吉林大学珠海学院,531,531,重庆,文科,2015,第三批,加入对比 ,127
食品科学与工程,吉林大学,583,586,四川,理科,2015,第一批,加入对比 ,127
生物医学工程,吉林大学,583,587,四川,理科,2015,第一批,加入对比 ,127
农业机械化及其自动化,吉林大学,584,587,四川,理科,2015,第一批,加入对比 ,127
测绘工程,吉林大学,584,586,四川,理科,2015,第一批,加入对比 ,127
水文与水资源工程,吉林大学,584,586,四川,理科,2015,第一批,加入对比 ,127
工业工程,吉林大学,585,586,四川,理科,2015,第一批,加入对比 ,127
汽车服务工程,吉林大学,585,586,四川,理科,2015,第一批,加入对比 ,127
资源勘查工程,吉林大学,586,588,四川,理科,2015,第一批,加入对比 ,127
地质工程,吉林大学,586,587,四川,理科,2015,第一批,加入对比 ,127
材料成型及控制工程,吉林大学,586,587,四川,理科,2015,第一批,加入对比 ,127
地质学,吉林大学,586,587,四川,理科,2015,第一批,加入对比 ,127
地球物理学,吉林大学,586,587,四川,理科,2015,第一批,加入对比 ,127
地理科学,吉林大学,586,587,四川,理科,2015,第一批,加入对比 ,127
食品质量与安全,吉林大学,587,590,四川,理科,2015,第一批,加入对比 ,127
交通工程,吉林大学,587,588,四川,理科,2015,第一批,加入对比 ,127
工程力学,吉林大学,587,588,四川,理科,2015,第一批,加入对比 ,127
西班牙语,吉林大学,587,588,四川,文科,2015,第一批,加入对比 ,127
信息管理与信息系统,吉林大学,587,588,四川,理科,2015,第一批,加入对比 ,127
材料物理,吉林大学,587,588,四川,理科,2015,第一批,加入对比 ,127
新闻学,吉林大学,588,588,四川,文科,2015,第一批,加入对比 ,127
日语,吉林大学,588,589,四川,文科,2015,第一批,加入对比 ,127
农林经济管理,吉林大学,588,588,四川,文科,2015,第一批,加入对比 ,127
道路桥梁与渡河工程,吉林大学,588,588,四川,理科,2015,第一批,加入对比 ,127
生物科学,吉林大学,588,589,四川,理科,2015,第一批,加入对比 ,127
电子信息工程,吉林大学,588,590,四川,理科,2015,第一批,加入对比 ,127
土木工程,吉林大学,588,591,四川,理科,2015,第一批,加入对比 ,127
信息工程,吉林大学,589,594,四川,理科,2015,第一批,加入对比 ,127
包装工程,吉林大学,589,592,四川,理科,2015,第一批,加入对比 ,127
工程管理,吉林大学,590,591,四川,理科,2015,第一批,加入对比 ,127
制药工程,吉林大学,590,591,四川,理科,2015,第一批,加入对比 ,127
信息与计算科学,吉林大学,590,591,四川,理科,2015,第一批,加入对比 ,127
自动化,吉林大学,590,591,四川,理科,2015,第一批,加入对比 ,127
软件工程,吉林大学,590,594,四川,理科,2015,第一批,加入对比 ,127
物联网工程,吉林大学,591,592,四川,理科,2015,第一批,加入对比 ,127
化学工程与工艺,吉林大学,591,592,四川,理科,2015,第一批,加入对比 ,127
统计学,吉林大学,591,596,四川,理科,2015,第一批,加入对比 ,127
核物理,吉林大学,591,593,四川,理科,2015,第一批,加入对比 ,127
无机非金属材料工程,吉林大学,593,594,四川,理科,2015,第一批,加入对比 ,127
金融学,吉林大学,593,593,四川,文科,2015,第一批,加入对比 ,127
工商管理,吉林大学,593,599,四川,理科,2015,第一批,加入对比 ,127
法学,吉林大学,594,597,四川,文科,2015,第一批,加入对比 ,127
机械工程,吉林大学,594,599,四川,理科,2015,第一批,加入对比 ,127
化学,吉林大学,594,595,四川,理科,2015,第一批,加入对比 ,127
放射医学,吉林大学,595,598,四川,理科,2015,第一批,加入对比 ,127
数学与应用数学,吉林大学,597,600,四川,理科,2015,第一批,加入对比 ,127
计算机科学与技术,吉林大学,598,608,四川,理科,2015,第一批,加入对比 ,127
法学,吉林大学,598,600,四川,理科,2015,第一批,加入对比 ,127
历史学,吉林大学,598,604,四川,文科,2015,第一批,加入对比 ,127
物理学,吉林大学,599,602,四川,理科,2015,第一批,加入对比 ,127
能源与动力工程,吉林大学,599,604,四川,理科,2015,第一批,加入对比 ,127
临床药学,吉林大学,600,603,四川,理科,2015,第一批,加入对比 ,127
金融学,吉林大学,601,604,四川,理科,2015,第一批,加入对比 ,127
网络工程,吉林大学珠海学院,477,477,四川,理科,2015,第二批,加入对比 ,127
测控技术与仪器,吉林大学珠海学院,477,477,四川,理科,2015,第二批,加入对比 ,127
制药工程,吉林大学珠海学院,478,478,四川,理科,2015,第二批,加入对比 ,127
软件工程,吉林大学珠海学院,478,478,四川,理科,2015,第二批,加入对比 ,127
物联网工程,吉林大学,630,631,重庆,理科,2015,第一批,加入对比 ,128
通信工程,吉林大学,630,636,重庆,理科,2015,第一批,加入对比 ,128
信息工程,吉林大学,631,635,重庆,理科,2015,第一批,加入对比 ,128
材料物理,吉林大学,631,631,重庆,理科,2015,第一批,加入对比 ,128
数学与应用数学,吉林大学,632,634,重庆,理科,2015,第一批,加入对比 ,128
国际政治,吉林大学,633,634,重庆,文科,2015,第一批,加入对比 ,128
软件工程,吉林大学,633,637,重庆,理科,2015,第一批,加入对比 ,128
材料成型及控制工程,吉林大学,635,636,重庆,理科,2015,第一批,加入对比 ,128
机械工程,吉林大学,635,640,重庆,理科,2015,第一批,加入对比 ,128
法学,吉林大学,636,637,重庆,理科,2015,第一批,加入对比 ,128
金融学,吉林大学,636,639,重庆,文科,2015,第一批,加入对比 ,128
资源勘查工程,吉林大学,636,639,重庆,理科,2015,第一批,加入对比 ,128
法学,吉林大学,639,640,重庆,文科,2015,第一批,加入对比 ,128
化学,吉林大学,639,641,重庆,理科,2015,第一批,加入对比 ,128
能源与动力工程,吉林大学,646,649,重庆,理科,2015,第一批,加入对比 ,128
机械设计制造及其自动化,吉林大学珠海学院,525,525,重庆,理科,2015,第三批,加入对比 ,128
制药工程,吉林大学珠海学院,528,528,重庆,理科,2015,第三批,加入对比 ,128
应用化学,吉林大学珠海学院,530,530,重庆,理科,2015,第三批,加入对比 ,128
会计学,吉林大学珠海学院,531,531,重庆,文科,2015,第三批,加入对比 ,128
食品科学与工程,吉林大学,583,586,四川,理科,2015,第一批,加入对比 ,128
生物医学工程,吉林大学,583,587,四川,理科,2015,第一批,加入对比 ,128
农业机械化及其自动化,吉林大学,584,587,四川,理科,2015,第一批,加入对比 ,128
测绘工程,吉林大学,584,586,四川,理科,2015,第一批,加入对比 ,128
水文与水资源工程,吉林大学,584,586,四川,理科,2015,第一批,加入对比 ,128
工业工程,吉林大学,585,586,四川,理科,2015,第一批,加入对比 ,128
汽车服务工程,吉林大学,585,586,四川,理科,2015,第一批,加入对比 ,128
资源勘查工程,吉林大学,586,588,四川,理科,2015,第一批,加入对比 ,128
地质工程,吉林大学,586,587,四川,理科,2015,第一批,加入对比 ,128
材料成型及控制工程,吉林大学,586,587,四川,理科,2015,第一批,加入对比 ,128
地质学,吉林大学,586,587,四川,理科,2015,第一批,加入对比 ,128
地球物理学,吉林大学,586,587,四川,理科,2015,第一批,加入对比 ,128
地理科学,吉林大学,586,587,四川,理科,2015,第一批,加入对比 ,128
食品质量与安全,吉林大学,587,590,四川,理科,2015,第一批,加入对比 ,128
交通工程,吉林大学,587,588,四川,理科,2015,第一批,加入对比 ,128
工程力学,吉林大学,587,588,四川,理科,2015,第一批,加入对比 ,128
西班牙语,吉林大学,587,588,四川,文科,2015,第一批,加入对比 ,128
信息管理与信息系统,吉林大学,587,588,四川,理科,2015,第一批,加入对比 ,128
材料物理,吉林大学,587,588,四川,理科,2015,第一批,加入对比 ,128
新闻学,吉林大学,588,588,四川,文科,2015,第一批,加入对比 ,128
日语,吉林大学,588,589,四川,文科,2015,第一批,加入对比 ,128
农林经济管理,吉林大学,588,588,四川,文科,2015,第一批,加入对比 ,128
道路桥梁与渡河工程,吉林大学,588,588,四川,理科,2015,第一批,加入对比 ,128
生物科学,吉林大学,588,589,四川,理科,2015,第一批,加入对比 ,128
电子信息工程,吉林大学,588,590,四川,理科,2015,第一批,加入对比 ,128
土木工程,吉林大学,588,591,四川,理科,2015,第一批,加入对比 ,128
信息工程,吉林大学,589,594,四川,理科,2015,第一批,加入对比 ,128
包装工程,吉林大学,589,592,四川,理科,2015,第一批,加入对比 ,128
工程管理,吉林大学,590,591,四川,理科,2015,第一批,加入对比 ,128
制药工程,吉林大学,590,591,四川,理科,2015,第一批,加入对比 ,128
信息与计算科学,吉林大学,590,591,四川,理科,2015,第一批,加入对比 ,128
自动化,吉林大学,590,591,四川,理科,2015,第一批,加入对比 ,128
软件工程,吉林大学,590,594,四川,理科,2015,第一批,加入对比 ,128
物联网工程,吉林大学,591,592,四川,理科,2015,第一批,加入对比 ,128
化学工程与工艺,吉林大学,591,592,四川,理科,2015,第一批,加入对比 ,128
统计学,吉林大学,591,596,四川,理科,2015,第一批,加入对比 ,128
核物理,吉林大学,591,593,四川,理科,2015,第一批,加入对比 ,128
无机非金属材料工程,吉林大学,593,594,四川,理科,2015,第一批,加入对比 ,128
金融学,吉林大学,593,593,四川,文科,2015,第一批,加入对比 ,128
工商管理,吉林大学,593,599,四川,理科,2015,第一批,加入对比 ,128
法学,吉林大学,594,597,四川,文科,2015,第一批,加入对比 ,128
机械工程,吉林大学,594,599,四川,理科,2015,第一批,加入对比 ,128
化学,吉林大学,594,595,四川,理科,2015,第一批,加入对比 ,128
放射医学,吉林大学,595,598,四川,理科,2015,第一批,加入对比 ,128
数学与应用数学,吉林大学,597,600,四川,理科,2015,第一批,加入对比 ,128
计算机科学与技术,吉林大学,598,608,四川,理科,2015,第一批,加入对比 ,128
法学,吉林大学,598,600,四川,理科,2015,第一批,加入对比 ,128
历史学,吉林大学,598,604,四川,文科,2015,第一批,加入对比 ,128
物理学,吉林大学,599,602,四川,理科,2015,第一批,加入对比 ,128
能源与动力工程,吉林大学,599,604,四川,理科,2015,第一批,加入对比 ,128
临床药学,吉林大学,600,603,四川,理科,2015,第一批,加入对比 ,128
金融学,吉林大学,601,604,四川,理科,2015,第一批,加入对比 ,128
网络工程,吉林大学珠海学院,477,477,四川,理科,2015,第二批,加入对比 ,128
测控技术与仪器,吉林大学珠海学院,477,477,四川,理科,2015,第二批,加入对比 ,128
制药工程,吉林大学珠海学院,478,478,四川,理科,2015,第二批,加入对比 ,128
软件工程,吉林大学珠海学院,478,478,四川,理科,2015,第二批,加入对比 ,128
汽车服务工程,吉林大学,585,586,四川,理科,2015,第一批,加入对比 ,129
资源勘查工程,吉林大学,586,588,四川,理科,2015,第一批,加入对比 ,129
地质工程,吉林大学,586,587,四川,理科,2015,第一批,加入对比 ,129
材料成型及控制工程,吉林大学,586,587,四川,理科,2015,第一批,加入对比 ,129
地质学,吉林大学,586,587,四川,理科,2015,第一批,加入对比 ,129
地球物理学,吉林大学,586,587,四川,理科,2015,第一批,加入对比 ,129
地理科学,吉林大学,586,587,四川,理科,2015,第一批,加入对比 ,129
食品质量与安全,吉林大学,587,590,四川,理科,2015,第一批,加入对比 ,129
交通工程,吉林大学,587,588,四川,理科,2015,第一批,加入对比 ,129
工程力学,吉林大学,587,588,四川,理科,2015,第一批,加入对比 ,129
西班牙语,吉林大学,587,588,四川,文科,2015,第一批,加入对比 ,129
信息管理与信息系统,吉林大学,587,588,四川,理科,2015,第一批,加入对比 ,129
材料物理,吉林大学,587,588,四川,理科,2015,第一批,加入对比 ,129
新闻学,吉林大学,588,588,四川,文科,2015,第一批,加入对比 ,129
日语,吉林大学,588,589,四川,文科,2015,第一批,加入对比 ,129
农林经济管理,吉林大学,588,588,四川,文科,2015,第一批,加入对比 ,129
道路桥梁与渡河工程,吉林大学,588,588,四川,理科,2015,第一批,加入对比 ,129
生物科学,吉林大学,588,589,四川,理科,2015,第一批,加入对比 ,129
电子信息工程,吉林大学,588,590,四川,理科,2015,第一批,加入对比 ,129
土木工程,吉林大学,588,591,四川,理科,2015,第一批,加入对比 ,129
信息工程,吉林大学,589,594,四川,理科,2015,第一批,加入对比 ,129
包装工程,吉林大学,589,592,四川,理科,2015,第一批,加入对比 ,129
工程管理,吉林大学,590,591,四川,理科,2015,第一批,加入对比 ,129
制药工程,吉林大学,590,591,四川,理科,2015,第一批,加入对比 ,129
信息与计算科学,吉林大学,590,591,四川,理科,2015,第一批,加入对比 ,129
自动化,吉林大学,590,591,四川,理科,2015,第一批,加入对比 ,129
软件工程,吉林大学,590,594,四川,理科,2015,第一批,加入对比 ,129
物联网工程,吉林大学,591,592,四川,理科,2015,第一批,加入对比 ,129
化学工程与工艺,吉林大学,591,592,四川,理科,2015,第一批,加入对比 ,129
统计学,吉林大学,591,596,四川,理科,2015,第一批,加入对比 ,129
核物理,吉林大学,591,593,四川,理科,2015,第一批,加入对比 ,129
无机非金属材料工程,吉林大学,593,594,四川,理科,2015,第一批,加入对比 ,129
金融学,吉林大学,593,593,四川,文科,2015,第一批,加入对比 ,129
工商管理,吉林大学,593,599,四川,理科,2015,第一批,加入对比 ,129
法学,吉林大学,594,597,四川,文科,2015,第一批,加入对比 ,129
机械工程,吉林大学,594,599,四川,理科,2015,第一批,加入对比 ,129
化学,吉林大学,594,595,四川,理科,2015,第一批,加入对比 ,129
放射医学,吉林大学,595,598,四川,理科,2015,第一批,加入对比 ,129
数学与应用数学,吉林大学,597,600,四川,理科,2015,第一批,加入对比 ,129
计算机科学与技术,吉林大学,598,608,四川,理科,2015,第一批,加入对比 ,129
法学,吉林大学,598,600,四川,理科,2015,第一批,加入对比 ,129
历史学,吉林大学,598,604,四川,文科,2015,第一批,加入对比 ,129
物理学,吉林大学,599,602,四川,理科,2015,第一批,加入对比 ,129
能源与动力工程,吉林大学,599,604,四川,理科,2015,第一批,加入对比 ,129
临床药学,吉林大学,600,603,四川,理科,2015,第一批,加入对比 ,129
金融学,吉林大学,601,604,四川,理科,2015,第一批,加入对比 ,129
网络工程,吉林大学珠海学院,477,477,四川,理科,2015,第二批,加入对比 ,129
测控技术与仪器,吉林大学珠海学院,477,477,四川,理科,2015,第二批,加入对比 ,129
制药工程,吉林大学珠海学院,478,478,四川,理科,2015,第二批,加入对比 ,129
软件工程,吉林大学珠海学院,478,478,四川,理科,2015,第二批,加入对比 ,129
自动化,吉林大学,590,591,四川,理科,2015,第一批,加入对比 ,130
软件工程,吉林大学,590,594,四川,理科,2015,第一批,加入对比 ,130
物联网工程,吉林大学,591,592,四川,理科,2015,第一批,加入对比 ,130
化学工程与工艺,吉林大学,591,592,四川,理科,2015,第一批,加入对比 ,130
统计学,吉林大学,591,596,四川,理科,2015,第一批,加入对比 ,130
核物理,吉林大学,591,593,四川,理科,2015,第一批,加入对比 ,130
无机非金属材料工程,吉林大学,593,594,四川,理科,2015,第一批,加入对比 ,130
金融学,吉林大学,593,593,四川,文科,2015,第一批,加入对比 ,130
工商管理,吉林大学,593,599,四川,理科,2015,第一批,加入对比 ,130
法学,吉林大学,594,597,四川,文科,2015,第一批,加入对比 ,130
机械工程,吉林大学,594,599,四川,理科,2015,第一批,加入对比 ,130
化学,吉林大学,594,595,四川,理科,2015,第一批,加入对比 ,130
放射医学,吉林大学,595,598,四川,理科,2015,第一批,加入对比 ,130
数学与应用数学,吉林大学,597,600,四川,理科,2015,第一批,加入对比 ,130
计算机科学与技术,吉林大学,598,608,四川,理科,2015,第一批,加入对比 ,130
法学,吉林大学,598,600,四川,理科,2015,第一批,加入对比 ,130
历史学,吉林大学,598,604,四川,文科,2015,第一批,加入对比 ,130
物理学,吉林大学,599,602,四川,理科,2015,第一批,加入对比 ,130
能源与动力工程,吉林大学,599,604,四川,理科,2015,第一批,加入对比 ,130
临床药学,吉林大学,600,603,四川,理科,2015,第一批,加入对比 ,130
金融学,吉林大学,601,604,四川,理科,2015,第一批,加入对比 ,130
网络工程,吉林大学珠海学院,477,477,四川,理科,2015,第二批,加入对比 ,130
测控技术与仪器,吉林大学珠海学院,477,477,四川,理科,2015,第二批,加入对比 ,130
制药工程,吉林大学珠海学院,478,478,四川,理科,2015,第二批,加入对比 ,130
软件工程,吉林大学珠海学院,478,478,四川,理科,2015,第二批,加入对比 ,130
自动化,吉林大学珠海学院,479,482,四川,理科,2015,第二批,加入对比 ,131
微电子科学与工程,吉林大学珠海学院,480,480,四川,理科,2015,第二批,加入对比 ,131
应用化学,吉林大学珠海学院,482,482,四川,理科,2015,第二批,加入对比 ,131
中药学,吉林大学珠海学院,483,483,四川,理科,2015,第二批,加入对比 ,131
通信工程,吉林大学珠海学院,483,483,四川,理科,2015,第二批,加入对比 ,131
计算机科学与技术,吉林大学珠海学院,486,486,四川,理科,2015,第二批,加入对比 ,131
汽车服务工程,吉林大学珠海学院,488,494,四川,理科,2015,第二批,加入对比 ,131
车辆工程,吉林大学珠海学院,493,493,四川,理科,2015,第二批,加入对比 ,131
药物制剂,吉林大学珠海学院,503,503,四川,理科,2015,第二批,加入对比 ,131
机械设计制造及其自动化,吉林大学珠海学院,507,510,四川,理科,2015,第二批,加入对比 ,131
汉语国际教育,吉林大学珠海学院,509,509,四川,文科,2015,第二批,加入对比 ,131
会计学,吉林大学珠海学院,513,513,四川,文科,2015,第二批,加入对比 ,131
广告学,吉林大学珠海学院,519,528,四川,文科,2015,第二批,加入对比 ,131
地下水科学与工程,吉林大学,568,569,陕西,理科,2015,第一批,加入对比 ,131
水文与水资源工程,吉林大学,569,582,陕西,理科,2015,第一批,加入对比 ,131
物流工程,吉林大学,570,573,陕西,理科,2015,第一批,加入对比 ,131
土木工程,吉林大学,570,576,陕西,理科,2015,第一批,加入对比 ,131
农业机械化及其自动化,吉林大学,571,575,陕西,理科,2015,第一批,加入对比 ,131
材料成型及控制工程,吉林大学,572,582,陕西,理科,2015,第一批,加入对比 ,131
信息管理与信息系统,吉林大学,572,578,陕西,理科,2015,第一批,加入对比 ,131
测控技术与仪器,吉林大学,572,580,陕西,理科,2015,第一批,加入对比 ,131
食品质量与安全,吉林大学,573,576,陕西,理科,2015,第一批,加入对比 ,131
道路桥梁与渡河工程,吉林大学,573,575,陕西,理科,2015,第一批,加入对比 ,131
生物技术,吉林大学,573,576,陕西,理科,2015,第一批,加入对比 ,131
广告学,吉林大学,573,578,陕西,理科,2015,第一批,加入对比 ,131
信息工程,吉林大学,575,578,陕西,理科,2015,第一批,加入对比 ,132
档案学,吉林大学,576,579,陕西,理科,2015,第一批,加入对比 ,132
汽车服务工程,吉林大学,576,579,陕西,理科,2015,第一批,加入对比 ,132
资源勘查工程,吉林大学,576,599,陕西,理科,2015,第一批,加入对比 ,132
核物理,吉林大学,577,581,陕西,理科,2015,第一批,加入对比 ,132
包装工程,吉林大学,577,579,陕西,理科,2015,第一批,加入对比 ,132
地质学,吉林大学,577,583,陕西,理科,2015,第一批,加入对比 ,132
地质工程,吉林大学,578,596,陕西,理科,2015,第一批,加入对比 ,132
制药工程,吉林大学,578,579,陕西,理科,2015,第一批,加入对比 ,132
交通工程,吉林大学,578,582,陕西,理科,2015,第一批,加入对比 ,132
环境科学,吉林大学,579,579,陕西,理科,2015,第一批,加入对比 ,132
材料物理,吉林大学,579,579,陕西,理科,2015,第一批,加入对比 ,132
交通运输,吉林大学,580,587,陕西,理科,2015,第一批,加入对比 ,132
临床药学,吉林大学,581,583,陕西,理科,2015,第一批,加入对比 ,132
信息与计算科学,吉林大学,581,584,陕西,理科,2015,第一批,加入对比 ,132
计算机科学与技术,吉林大学,581,596,陕西,理科,2015,第一批,加入对比 ,132
工商管理,吉林大学,581,586,陕西,理科,2015,第一批,加入对比 ,132
通信工程,吉林大学,581,586,陕西,理科,2015,第一批,加入对比 ,132
应用物理学,吉林大学,582,594,陕西,理科,2015,第一批,加入对比 ,132
社会学,吉林大学,582,582,陕西,文科,2015,第一批,加入对比 ,132
化学工程与工艺,吉林大学,582,587,陕西,理科,2015,第一批,加入对比 ,132
俄语,吉林大学,583,585,陕西,文科,2015,第一批,加入对比 ,132
英语,吉林大学,583,586,陕西,理科,2015,第一批,加入对比 ,132
英语,吉林大学,584,586,陕西,文科,2015,第一批,加入对比 ,132
物联网工程,吉林大学,585,592,陕西,理科,2015,第一批,加入对比 ,132
自动化,吉林大学,585,597,陕西,理科,2015,第一批,加入对比 ,132
汉语言文学,吉林大学,585,586,陕西,文科,2015,第一批,加入对比 ,132
软件工程,吉林大学,585,602,陕西,理科,2015,第一批,加入对比 ,132
电子信息工程,吉林大学,585,592,陕西,理科,2015,第一批,加入对比 ,132
政治学与行政学,吉林大学,587,589,陕西,文科,2015,第一批,加入对比 ,132
统计学,吉林大学,587,593,陕西,理科,2015,第一批,加入对比 ,132
电子科学与技术,吉林大学,588,590,陕西,理科,2015,第一批,加入对比 ,132
文物与博物馆学,吉林大学,588,589,陕西,文科,2015,第一批,加入对比 ,132
微电子科学与工程,吉林大学,590,593,陕西,理科,2015,第一批,加入对比 ,132
法学,吉林大学,590,597,陕西,文科,2015,第一批,加入对比 ,132
能源与动力工程,吉林大学,593,600,陕西,理科,2015,第一批,加入对比 ,132
考古学,吉林大学,593,612,陕西,文科,2015,第一批,加入对比 ,132
数学与应用数学,吉林大学,594,597,陕西,理科,2015,第一批,加入对比 ,132
工业工程,吉林大学,594,599,陕西,理科,2015,第一批,加入对比 ,132
机械工程,吉林大学,595,606,陕西,理科,2015,第一批,加入对比 ,132
农林经济管理,吉林大学,595,607,陕西,文科,2015,第一批,加入对比 ,132
化学,吉林大学,595,599,陕西,理科,2015,第一批,加入对比 ,132
物理学类,吉林大学,597,617,陕西,理科,2015,第一批,加入对比 ,132
金融学,吉林大学,599,601,陕西,理科,2015,第一批,加入对比 ,132
物理学,吉林大学,602,617,陕西,理科,2015,第一批,加入对比 ,132
法学,吉林大学,603,606,陕西,理科,2015,第一批,加入对比 ,132
会计学,吉林大学,607,612,陕西,理科,2015,第一批,加入对比 ,132
车辆工程,吉林大学,618,622,陕西,理科,2015,第一批,加入对比 ,132
中药学,吉林大学珠海学院,429,429,陕西,理科,2015,第三批,加入对比 ,132
测控技术与仪器,吉林大学珠海学院,430,431,陕西,理科,2015,第三批,加入对比 ,132
自动化,吉林大学,585,597,陕西,理科,2015,第一批,加入对比 ,133
汉语言文学,吉林大学,585,586,陕西,文科,2015,第一批,加入对比 ,133
软件工程,吉林大学,585,602,陕西,理科,2015,第一批,加入对比 ,133
电子信息工程,吉林大学,585,592,陕西,理科,2015,第一批,加入对比 ,133
政治学与行政学,吉林大学,587,589,陕西,文科,2015,第一批,加入对比 ,133
统计学,吉林大学,587,593,陕西,理科,2015,第一批,加入对比 ,133
电子科学与技术,吉林大学,588,590,陕西,理科,2015,第一批,加入对比 ,133
文物与博物馆学,吉林大学,588,589,陕西,文科,2015,第一批,加入对比 ,133
微电子科学与工程,吉林大学,590,593,陕西,理科,2015,第一批,加入对比 ,133
法学,吉林大学,590,597,陕西,文科,2015,第一批,加入对比 ,133
能源与动力工程,吉林大学,593,600,陕西,理科,2015,第一批,加入对比 ,133
考古学,吉林大学,593,612,陕西,文科,2015,第一批,加入对比 ,133
数学与应用数学,吉林大学,594,597,陕西,理科,2015,第一批,加入对比 ,133
工业工程,吉林大学,594,599,陕西,理科,2015,第一批,加入对比 ,133
机械工程,吉林大学,595,606,陕西,理科,2015,第一批,加入对比 ,133
农林经济管理,吉林大学,595,607,陕西,文科,2015,第一批,加入对比 ,133
化学,吉林大学,595,599,陕西,理科,2015,第一批,加入对比 ,133
物理学类,吉林大学,597,617,陕西,理科,2015,第一批,加入对比 ,133
金融学,吉林大学,599,601,陕西,理科,2015,第一批,加入对比 ,133
物理学,吉林大学,602,617,陕西,理科,2015,第一批,加入对比 ,133
法学,吉林大学,603,606,陕西,理科,2015,第一批,加入对比 ,133
会计学,吉林大学,607,612,陕西,理科,2015,第一批,加入对比 ,133
车辆工程,吉林大学,618,622,陕西,理科,2015,第一批,加入对比 ,133
中药学,吉林大学珠海学院,429,429,陕西,理科,2015,第三批,加入对比 ,133
测控技术与仪器,吉林大学珠海学院,430,431,陕西,理科,2015,第三批,加入对比 ,133
网络工程,吉林大学珠海学院,431,434,陕西,理科,2015,第三批,加入对比 ,133
汽车服务工程,吉林大学珠海学院,432,434,陕西,理科,2015,第三批,加入对比 ,133
应用化学,吉林大学珠海学院,432,434,陕西,理科,2015,第三批,加入对比 ,133
建筑学,吉林大学珠海学院,432,437,陕西,理科,2015,第三批,加入对比 ,133
微电子科学与工程,吉林大学珠海学院,432,436,陕西,理科,2015,第三批,加入对比 ,133
工业工程,吉林大学珠海学院,433,436,陕西,理科,2015,第三批,加入对比 ,133
通信工程,吉林大学珠海学院,433,435,陕西,理科,2015,第三批,加入对比 ,133
制药工程,吉林大学珠海学院,434,435,陕西,理科,2015,第三批,加入对比 ,133
计算机科学与技术,吉林大学珠海学院,434,436,陕西,理科,2015,第三批,加入对比 ,133
车辆工程,吉林大学珠海学院,435,436,陕西,理科,2015,第三批,加入对比 ,133
金融学,吉林大学珠海学院,436,436,陕西,理科,2015,第三批,加入对比 ,133
自动化,吉林大学珠海学院,438,439,陕西,理科,2015,第三批,加入对比 ,133
会计学,吉林大学珠海学院,440,440,陕西,理科,2015,第三批,加入对比 ,133
软件工程,吉林大学珠海学院,442,447,陕西,理科,2015,第三批,加入对比 ,133
机械设计制造及其自动化,吉林大学珠海学院,445,455,陕西,理科,2015,第三批,加入对比 ,133
汉语国际教育,吉林大学珠海学院,462,462,陕西,文科,2015,第三批,加入对比 ,133
金融学,吉林大学珠海学院,464,464,陕西,文科,2015,第三批,加入对比 ,133
广告学,吉林大学珠海学院,465,465,陕西,文科,2015,第三批,加入对比 ,133
会计学,吉林大学珠海学院,466,466,陕西,文科,2015,第三批,加入对比 ,133
地质学,吉林大学,548,549,甘肃,理科,2015,第一批,加入对比 ,133
信息管理与信息系统,吉林大学,551,553,甘肃,理科,2015,第一批,加入对比 ,133
环境工程,吉林大学,551,553,甘肃,理科,2015,第一批,加入对比 ,133
地理科学,吉林大学,551,556,甘肃,理科,2015,第一批,加入对比 ,133
放射医学,吉林大学,551,553,甘肃,理科,2015,第一批,加入对比 ,133
环境科学,吉林大学,551,556,甘肃,理科,2015,第一批,加入对比 ,133
土地资源管理,吉林大学,552,555,甘肃,理科,2015,第一批,加入对比 ,133
软件工程,吉林大学,553,561,甘肃,理科,2015,第一批,加入对比 ,133
工程力学,吉林大学,553,555,甘肃,理科,2015,第一批,加入对比 ,133
信息工程,吉林大学,553,554,甘肃,理科,2015,第一批,加入对比 ,133
测绘工程,吉林大学,553,556,甘肃,理科,2015,第一批,加入对比 ,133
道路桥梁与渡河工程,吉林大学,553,555,甘肃,理科,2015,第一批,加入对比 ,133
土木工程,吉林大学,554,557,甘肃,理科,2015,第一批,加入对比 ,133
工业工程,吉林大学,554,556,甘肃,理科,2015,第一批,加入对比 ,133
物联网工程,吉林大学,555,556,甘肃,理科,2015,第一批,加入对比 ,133
计算机科学与技术,吉林大学,555,560,甘肃,理科,2015,第一批,加入对比 ,133
食品质量与安全,吉林大学,556,565,甘肃,理科,2015,第一批,加入对比 ,133
信息与计算科学,吉林大学,557,565,甘肃,理科,2015,第一批,加入对比 ,133
法学,吉林大学,557,557,甘肃,理科,2015,第一批,加入对比 ,133
交通运输,吉林大学,558,559,甘肃,理科,2015,第一批,加入对比 ,133
自动化,吉林大学,559,562,甘肃,理科,2015,第一批,加入对比 ,133
材料科学与工程,吉林大学,559,560,甘肃,理科,2015,第一批,加入对比 ,133
能源与动力工程,吉林大学,560,560,甘肃,理科,2015,第一批,加入对比 ,133
电子信息工程,吉林大学,560,563,甘肃,理科,2015,第一批,加入对比 ,133
微电子科学与工程,吉林大学,561,567,甘肃,理科,2015,第一批,加入对比 ,133
电气工程及其自动化,吉林大学,562,566,甘肃,理科,2015,第一批,加入对比 ,133
通信工程,吉林大学,566,581,甘肃,理科,2015,第一批,加入对比 ,133
考古学,吉林大学,567,577,甘肃,文科,2015,第一批,加入对比 ,133
高分子材料与工程,吉林大学,567,572,甘肃,理科,2015,第一批,加入对比 ,133
物理学,吉林大学,568,578,甘肃,理科,2015,第一批,加入对比 ,133
机械工程,吉林大学,569,583,甘肃,理科,2015,第一批,加入对比 ,133
网络工程,吉林大学珠海学院,431,434,陕西,理科,2015,第三批,加入对比 ,134
汽车服务工程,吉林大学珠海学院,432,434,陕西,理科,2015,第三批,加入对比 ,134
应用化学,吉林大学珠海学院,432,434,陕西,理科,2015,第三批,加入对比 ,134
建筑学,吉林大学珠海学院,432,437,陕西,理科,2015,第三批,加入对比 ,134
微电子科学与工程,吉林大学珠海学院,432,436,陕西,理科,2015,第三批,加入对比 ,134
工业工程,吉林大学珠海学院,433,436,陕西,理科,2015,第三批,加入对比 ,134
通信工程,吉林大学珠海学院,433,435,陕西,理科,2015,第三批,加入对比 ,134
制药工程,吉林大学珠海学院,434,435,陕西,理科,2015,第三批,加入对比 ,134
计算机科学与技术,吉林大学珠海学院,434,436,陕西,理科,2015,第三批,加入对比 ,134
车辆工程,吉林大学珠海学院,435,436,陕西,理科,2015,第三批,加入对比 ,134
金融学,吉林大学珠海学院,436,436,陕西,理科,2015,第三批,加入对比 ,134
自动化,吉林大学珠海学院,438,439,陕西,理科,2015,第三批,加入对比 ,134
会计学,吉林大学珠海学院,440,440,陕西,理科,2015,第三批,加入对比 ,134
软件工程,吉林大学珠海学院,442,447,陕西,理科,2015,第三批,加入对比 ,134
机械设计制造及其自动化,吉林大学珠海学院,445,455,陕西,理科,2015,第三批,加入对比 ,134
汉语国际教育,吉林大学珠海学院,462,462,陕西,文科,2015,第三批,加入对比 ,134
金融学,吉林大学珠海学院,464,464,陕西,文科,2015,第三批,加入对比 ,134
广告学,吉林大学珠海学院,465,465,陕西,文科,2015,第三批,加入对比 ,134
会计学,吉林大学珠海学院,466,466,陕西,文科,2015,第三批,加入对比 ,134
地质学,吉林大学,548,549,甘肃,理科,2015,第一批,加入对比 ,134
信息管理与信息系统,吉林大学,551,553,甘肃,理科,2015,第一批,加入对比 ,134
环境工程,吉林大学,551,553,甘肃,理科,2015,第一批,加入对比 ,134
地理科学,吉林大学,551,556,甘肃,理科,2015,第一批,加入对比 ,134
放射医学,吉林大学,551,553,甘肃,理科,2015,第一批,加入对比 ,134
环境科学,吉林大学,551,556,甘肃,理科,2015,第一批,加入对比 ,134
土地资源管理,吉林大学,552,555,甘肃,理科,2015,第一批,加入对比 ,134
软件工程,吉林大学,553,561,甘肃,理科,2015,第一批,加入对比 ,134
工程力学,吉林大学,553,555,甘肃,理科,2015,第一批,加入对比 ,134
信息工程,吉林大学,553,554,甘肃,理科,2015,第一批,加入对比 ,134
测绘工程,吉林大学,553,556,甘肃,理科,2015,第一批,加入对比 ,134
道路桥梁与渡河工程,吉林大学,553,555,甘肃,理科,2015,第一批,加入对比 ,134
土木工程,吉林大学,554,557,甘肃,理科,2015,第一批,加入对比 ,134
工业工程,吉林大学,554,556,甘肃,理科,2015,第一批,加入对比 ,134
物联网工程,吉林大学,555,556,甘肃,理科,2015,第一批,加入对比 ,134
计算机科学与技术,吉林大学,555,560,甘肃,理科,2015,第一批,加入对比 ,134
食品质量与安全,吉林大学,556,565,甘肃,理科,2015,第一批,加入对比 ,134
信息与计算科学,吉林大学,557,565,甘肃,理科,2015,第一批,加入对比 ,134
法学,吉林大学,557,557,甘肃,理科,2015,第一批,加入对比 ,134
交通运输,吉林大学,558,559,甘肃,理科,2015,第一批,加入对比 ,134
自动化,吉林大学,559,562,甘肃,理科,2015,第一批,加入对比 ,134
材料科学与工程,吉林大学,559,560,甘肃,理科,2015,第一批,加入对比 ,134
能源与动力工程,吉林大学,560,560,甘肃,理科,2015,第一批,加入对比 ,134
电子信息工程,吉林大学,560,563,甘肃,理科,2015,第一批,加入对比 ,134
微电子科学与工程,吉林大学,561,567,甘肃,理科,2015,第一批,加入对比 ,134
电气工程及其自动化,吉林大学,562,566,甘肃,理科,2015,第一批,加入对比 ,134
通信工程,吉林大学,566,581,甘肃,理科,2015,第一批,加入对比 ,134
考古学,吉林大学,567,577,甘肃,文科,2015,第一批,加入对比 ,134
高分子材料与工程,吉林大学,567,572,甘肃,理科,2015,第一批,加入对比 ,134
物理学,吉林大学,568,578,甘肃,理科,2015,第一批,加入对比 ,134
机械工程,吉林大学,569,583,甘肃,理科,2015,第一批,加入对比 ,134
农林经济管理,吉林大学,571,572,甘肃,文科,2015,第一批,加入对比 ,134
国际政治,吉林大学,572,572,甘肃,文科,2015,第一批,加入对比 ,134
英语,吉林大学,573,575,甘肃,文科,2015,第一批,加入对比 ,134
新闻学,吉林大学,575,577,甘肃,文科,2015,第一批,加入对比 ,134
金融学,吉林大学,576,577,甘肃,文科,2015,第一批,加入对比 ,134
俄语,吉林大学,576,580,甘肃,文科,2015,第一批,加入对比 ,134
化学,吉林大学,577,585,甘肃,理科,2015,第一批,加入对比 ,134
文物与博物馆学,吉林大学,577,581,甘肃,文科,2015,第一批,加入对比 ,134
法学,吉林大学,580,585,甘肃,文科,2015,第一批,加入对比 ,134
财政学,吉林大学,583,586,甘肃,文科,2015,第一批,加入对比 ,134
农林经济管理,吉林大学,609,610,河北,文科,2015,第一批,加入对比 ,134
英语,吉林大学,609,611,河北,文科,2015,第一批,加入对比 ,134
外交学,吉林大学,611,612,河北,文科,2015,第一批,加入对比 ,134
日语,吉林大学,611,614,河北,文科,2015,第一批,加入对比 ,134
广告学,吉林大学,613,613,河北,文科,2015,第一批,加入对比 ,134
政治学与行政学,吉林大学,614,614,河北,文科,2015,第一批,加入对比 ,134
哲学,吉林大学,616,628,河北,文科,2015,第一批,加入对比 ,134
法学,吉林大学,617,625,河北,文科,2015,第一批,加入对比 ,134
地质工程,吉林大学,619,621,河北,理科,2015,第一批,加入对比 ,134
测绘工程,吉林大学,620,621,河北,理科,2015,第一批,加入对比 ,134
地下水科学与工程,吉林大学,620,621,河北,理科,2015,第一批,加入对比 ,134
环境科学,吉林大学,620,622,河北,理科,2015,第一批,加入对比 ,134
药物制剂,吉林大学,621,622,河北,理科,2015,第一批,加入对比 ,134
地理信息科学,吉林大学,621,621,河北,理科,2015,第一批,加入对比 ,134
地理科学,吉林大学,621,621,河北,理科,2015,第一批,加入对比 ,134
工程管理,吉林大学,621,623,河北,理科,2015,第一批,加入对比 ,134
生物医学工程,吉林大学,622,626,河北,理科,2015,第一批,加入对比 ,134
农林经济管理,吉林大学,622,623,河北,理科,2015,第一批,加入对比 ,134
资源勘查工程,吉林大学,622,625,河北,理科,2015,第一批,加入对比 ,134
物理学类,吉林大学,622,623,河北,理科,2015,第一批,加入对比 ,134
信息管理与信息系统,吉林大学,622,625,河北,理科,2015,第一批,加入对比 ,134
食品科学与工程,吉林大学,622,624,河北,理科,2015,第一批,加入对比 ,134
地质学,吉林大学,622,622,河北,理科,2015,第一批,加入对比 ,134
金融学,吉林大学,622,624,河北,文科,2015,第一批,加入对比 ,134
工程力学,吉林大学,623,624,河北,理科,2015,第一批,加入对比 ,134
食品质量与安全,吉林大学,623,626,河北,理科,2015,第一批,加入对比 ,134
预防医学,吉林大学,623,624,河北,理科,2015,第一批,加入对比 ,134
放射医学,吉林大学,623,627,河北,理科,2015,第一批,加入对比 ,134
工业工程,吉林大学,623,623,河北,理科,2015,第一批,加入对比 ,134
环境工程,吉林大学,623,624,河北,理科,2015,第一批,加入对比 ,134
测控技术与仪器,吉林大学,623,629,河北,理科,2015,第一批,加入对比 ,134
档案学,吉林大学,624,625,河北,理科,2015,第一批,加入对比 ,134
交通运输,吉林大学,624,627,河北,理科,2015,第一批,加入对比 ,134
土地资源管理,吉林大学,624,626,河北,理科,2015,第一批,加入对比 ,134
生物技术,吉林大学,624,625,河北,理科,2015,第一批,加入对比 ,134
自动化,吉林大学,625,628,河北,理科,2015,第一批,加入对比 ,134
生物科学,吉林大学,625,630,河北,理科,2015,第一批,加入对比 ,134
材料成型及控制工程,吉林大学,626,632,河北,理科,2015,第一批,加入对比 ,134
金融数学,吉林大学,627,627,河北,理科,2015,第一批,加入对比 ,134
信息与计算科学,吉林大学,628,632,河北,理科,2015,第一批,加入对比 ,134
土地资源管理,吉林大学,552,555,甘肃,理科,2015,第一批,加入对比 ,135
软件工程,吉林大学,553,561,甘肃,理科,2015,第一批,加入对比 ,135
工程力学,吉林大学,553,555,甘肃,理科,2015,第一批,加入对比 ,135
信息工程,吉林大学,553,554,甘肃,理科,2015,第一批,加入对比 ,135
测绘工程,吉林大学,553,556,甘肃,理科,2015,第一批,加入对比 ,135
道路桥梁与渡河工程,吉林大学,553,555,甘肃,理科,2015,第一批,加入对比 ,135
土木工程,吉林大学,554,557,甘肃,理科,2015,第一批,加入对比 ,135
工业工程,吉林大学,554,556,甘肃,理科,2015,第一批,加入对比 ,135
物联网工程,吉林大学,555,556,甘肃,理科,2015,第一批,加入对比 ,135
计算机科学与技术,吉林大学,555,560,甘肃,理科,2015,第一批,加入对比 ,135
食品质量与安全,吉林大学,556,565,甘肃,理科,2015,第一批,加入对比 ,135
信息与计算科学,吉林大学,557,565,甘肃,理科,2015,第一批,加入对比 ,135
法学,吉林大学,557,557,甘肃,理科,2015,第一批,加入对比 ,135
交通运输,吉林大学,558,559,甘肃,理科,2015,第一批,加入对比 ,135
自动化,吉林大学,559,562,甘肃,理科,2015,第一批,加入对比 ,135
材料科学与工程,吉林大学,559,560,甘肃,理科,2015,第一批,加入对比 ,135
能源与动力工程,吉林大学,560,560,甘肃,理科,2015,第一批,加入对比 ,135
电子信息工程,吉林大学,560,563,甘肃,理科,2015,第一批,加入对比 ,135
微电子科学与工程,吉林大学,561,567,甘肃,理科,2015,第一批,加入对比 ,135
电气工程及其自动化,吉林大学,562,566,甘肃,理科,2015,第一批,加入对比 ,135
通信工程,吉林大学,566,581,甘肃,理科,2015,第一批,加入对比 ,135
考古学,吉林大学,567,577,甘肃,文科,2015,第一批,加入对比 ,135
高分子材料与工程,吉林大学,567,572,甘肃,理科,2015,第一批,加入对比 ,135
物理学,吉林大学,568,578,甘肃,理科,2015,第一批,加入对比 ,135
机械工程,吉林大学,569,583,甘肃,理科,2015,第一批,加入对比 ,135
农林经济管理,吉林大学,571,572,甘肃,文科,2015,第一批,加入对比 ,135
国际政治,吉林大学,572,572,甘肃,文科,2015,第一批,加入对比 ,135
英语,吉林大学,573,575,甘肃,文科,2015,第一批,加入对比 ,135
新闻学,吉林大学,575,577,甘肃,文科,2015,第一批,加入对比 ,135
金融学,吉林大学,576,577,甘肃,文科,2015,第一批,加入对比 ,135
俄语,吉林大学,576,580,甘肃,文科,2015,第一批,加入对比 ,135
化学,吉林大学,577,585,甘肃,理科,2015,第一批,加入对比 ,135
文物与博物馆学,吉林大学,577,581,甘肃,文科,2015,第一批,加入对比 ,135
法学,吉林大学,580,585,甘肃,文科,2015,第一批,加入对比 ,135
财政学,吉林大学,583,586,甘肃,文科,2015,第一批,加入对比 ,135
农林经济管理,吉林大学,609,610,河北,文科,2015,第一批,加入对比 ,135
英语,吉林大学,609,611,河北,文科,2015,第一批,加入对比 ,135
外交学,吉林大学,611,612,河北,文科,2015,第一批,加入对比 ,135
日语,吉林大学,611,614,河北,文科,2015,第一批,加入对比 ,135
广告学,吉林大学,613,613,河北,文科,2015,第一批,加入对比 ,135
政治学与行政学,吉林大学,614,614,河北,文科,2015,第一批,加入对比 ,135
哲学,吉林大学,616,628,河北,文科,2015,第一批,加入对比 ,135
法学,吉林大学,617,625,河北,文科,2015,第一批,加入对比 ,135
地质工程,吉林大学,619,621,河北,理科,2015,第一批,加入对比 ,135
测绘工程,吉林大学,620,621,河北,理科,2015,第一批,加入对比 ,135
地下水科学与工程,吉林大学,620,621,河北,理科,2015,第一批,加入对比 ,135
环境科学,吉林大学,620,622,河北,理科,2015,第一批,加入对比 ,135
药物制剂,吉林大学,621,622,河北,理科,2015,第一批,加入对比 ,135
地理信息科学,吉林大学,621,621,河北,理科,2015,第一批,加入对比 ,135
地理科学,吉林大学,621,621,河北,理科,2015,第一批,加入对比 ,135
工程管理,吉林大学,621,623,河北,理科,2015,第一批,加入对比 ,135
生物医学工程,吉林大学,622,626,河北,理科,2015,第一批,加入对比 ,135
农林经济管理,吉林大学,622,623,河北,理科,2015,第一批,加入对比 ,135
资源勘查工程,吉林大学,622,625,河北,理科,2015,第一批,加入对比 ,135
物理学类,吉林大学,622,623,河北,理科,2015,第一批,加入对比 ,135
信息管理与信息系统,吉林大学,622,625,河北,理科,2015,第一批,加入对比 ,135
食品科学与工程,吉林大学,622,624,河北,理科,2015,第一批,加入对比 ,135
地质学,吉林大学,622,622,河北,理科,2015,第一批,加入对比 ,135
金融学,吉林大学,622,624,河北,文科,2015,第一批,加入对比 ,135
工程力学,吉林大学,623,624,河北,理科,2015,第一批,加入对比 ,135
食品质量与安全,吉林大学,623,626,河北,理科,2015,第一批,加入对比 ,135
预防医学,吉林大学,623,624,河北,理科,2015,第一批,加入对比 ,135
放射医学,吉林大学,623,627,河北,理科,2015,第一批,加入对比 ,135
工业工程,吉林大学,623,623,河北,理科,2015,第一批,加入对比 ,135
环境工程,吉林大学,623,624,河北,理科,2015,第一批,加入对比 ,135
测控技术与仪器,吉林大学,623,629,河北,理科,2015,第一批,加入对比 ,135
档案学,吉林大学,624,625,河北,理科,2015,第一批,加入对比 ,135
交通运输,吉林大学,624,627,河北,理科,2015,第一批,加入对比 ,135
土地资源管理,吉林大学,624,626,河北,理科,2015,第一批,加入对比 ,135
生物技术,吉林大学,624,625,河北,理科,2015,第一批,加入对比 ,135
自动化,吉林大学,625,628,河北,理科,2015,第一批,加入对比 ,135
生物科学,吉林大学,625,630,河北,理科,2015,第一批,加入对比 ,135
材料成型及控制工程,吉林大学,626,632,河北,理科,2015,第一批,加入对比 ,135
金融数学,吉林大学,627,627,河北,理科,2015,第一批,加入对比 ,135
信息与计算科学,吉林大学,628,632,河北,理科,2015,第一批,加入对比 ,135
通信工程,吉林大学,628,630,河北,理科,2015,第一批,加入对比 ,135
无机非金属材料工程,吉林大学,628,629,河北,理科,2015,第一批,加入对比 ,135
制药工程,吉林大学,628,632,河北,理科,2015,第一批,加入对比 ,135
能源与动力工程,吉林大学,629,633,河北,理科,2015,第一批,加入对比 ,135
微电子科学与工程,吉林大学,629,645,河北,理科,2015,第一批,加入对比 ,135
法学,吉林大学,629,640,河北,理科,2015,第一批,加入对比 ,135
计算机科学与技术,吉林大学,630,645,河北,理科,2015,第一批,加入对比 ,135
光电信息科学与工程,吉林大学,630,632,河北,理科,2015,第一批,加入对比 ,135
电子信息工程,吉林大学,630,635,河北,理科,2015,第一批,加入对比 ,135
电气工程及其自动化,吉林大学,630,634,河北,理科,2015,第一批,加入对比 ,135
高分子材料与工程,吉林大学,630,630,河北,理科,2015,第一批,加入对比 ,135
财政学,吉林大学,631,634,河北,理科,2015,第一批,加入对比 ,135
应用化学,吉林大学,633,640,河北,理科,2015,第一批,加入对比 ,135
材料化学,吉林大学,633,635,河北,理科,2015,第一批,加入对比 ,135
机械工程,吉林大学,634,642,河北,理科,2015,第一批,加入对比 ,135
数学与应用数学,吉林大学,634,638,河北,理科,2015,第一批,加入对比 ,135
化学工程与工艺,吉林大学,635,635,河北,理科,2015,第一批,加入对比 ,135
会计学,吉林大学,636,649,河北,理科,2015,第一批,加入对比 ,135
化学,吉林大学,639,640,河北,理科,2015,第一批,加入对比 ,135
网络工程,吉林大学珠海学院,475,475,河北,理科,2015,第三批,加入对比 ,135
汽车服务工程,吉林大学珠海学院,475,475,河北,理科,2015,第三批,加入对比 ,135
测控技术与仪器,吉林大学珠海学院,476,478,河北,理科,2015,第三批,加入对比 ,135
自动化,吉林大学珠海学院,477,477,河北,理科,2015,第三批,加入对比 ,135
药物制剂,吉林大学珠海学院,481,485,河北,理科,2015,第三批,加入对比 ,135
计算机科学与技术,吉林大学珠海学院,482,488,河北,理科,2015,第三批,加入对比 ,135
微电子科学与工程,吉林大学珠海学院,489,489,河北,理科,2015,第三批,加入对比 ,135
软件工程,吉林大学珠海学院,491,491,河北,理科,2015,第三批,加入对比 ,135
机械设计制造及其自动化,吉林大学珠海学院,496,502,河北,理科,2015,第三批,加入对比 ,135
制药工程,吉林大学珠海学院,497,497,河北,理科,2015,第三批,加入对比 ,135
汉语言文学,吉林大学珠海学院,501,501,河北,文科,2015,第三批,加入对比 ,135
英语,吉林大学珠海学院,501,501,河北,文科,2015,第三批,加入对比 ,135
会计学,吉林大学珠海学院,509,509,河北,文科,2015,第三批,加入对比 ,135
车辆工程,吉林大学珠海学院,512,530,河北,理科,2015,第三批,加入对比 ,135
地质学,吉林大学,545,552,山西,理科,2015,第一批,加入对比 ,135
土地资源管理,吉林大学,547,553,山西,理科,2015,第一批,加入对比 ,135
工程力学,吉林大学,555,565,山西,理科,2015,第一批,加入对比 ,135
农林经济管理,吉林大学,556,557,山西,文科,2015,第一批,加入对比 ,135
外交学,吉林大学,556,557,山西,文科,2015,第一批,加入对比 ,135
食品质量与安全,吉林大学,556,559,山西,理科,2015,第一批,加入对比 ,135
资源勘查工程,吉林大学,557,568,山西,理科,2015,第一批,加入对比 ,135
哲学,吉林大学,557,558,山西,文科,2015,第一批,加入对比 ,135
考古学,吉林大学,558,560,山西,文科,2015,第一批,加入对比 ,135
英语,吉林大学,558,560,山西,文科,2015,第一批,加入对比 ,135
国际政治,吉林大学,558,559,山西,文科,2015,第一批,加入对比 ,135
社会学,吉林大学,558,559,山西,文科,2015,第一批,加入对比 ,135
新闻学,吉林大学,559,560,山西,文科,2015,第一批,加入对比 ,135
汉语言文学,吉林大学,561,563,山西,文科,2015,第一批,加入对比 ,135
无机非金属材料工程,吉林大学,561,581,山西,理科,2015,第一批,加入对比 ,135
食品科学与工程,吉林大学,563,577,山西,理科,2015,第一批,加入对比 ,135
金融学,吉林大学,564,567,山西,文科,2015,第一批,加入对比 ,135
农林经济管理,吉林大学,571,572,甘肃,文科,2015,第一批,加入对比 ,136
国际政治,吉林大学,572,572,甘肃,文科,2015,第一批,加入对比 ,136
英语,吉林大学,573,575,甘肃,文科,2015,第一批,加入对比 ,136
新闻学,吉林大学,575,577,甘肃,文科,2015,第一批,加入对比 ,136
金融学,吉林大学,576,577,甘肃,文科,2015,第一批,加入对比 ,136
俄语,吉林大学,576,580,甘肃,文科,2015,第一批,加入对比 ,136
化学,吉林大学,577,585,甘肃,理科,2015,第一批,加入对比 ,136
文物与博物馆学,吉林大学,577,581,甘肃,文科,2015,第一批,加入对比 ,136
法学,吉林大学,580,585,甘肃,文科,2015,第一批,加入对比 ,136
财政学,吉林大学,583,586,甘肃,文科,2015,第一批,加入对比 ,136
农林经济管理,吉林大学,609,610,河北,文科,2015,第一批,加入对比 ,136
英语,吉林大学,609,611,河北,文科,2015,第一批,加入对比 ,136
外交学,吉林大学,611,612,河北,文科,2015,第一批,加入对比 ,136
日语,吉林大学,611,614,河北,文科,2015,第一批,加入对比 ,136
广告学,吉林大学,613,613,河北,文科,2015,第一批,加入对比 ,136
政治学与行政学,吉林大学,614,614,河北,文科,2015,第一批,加入对比 ,136
哲学,吉林大学,616,628,河北,文科,2015,第一批,加入对比 ,136
法学,吉林大学,617,625,河北,文科,2015,第一批,加入对比 ,136
地质工程,吉林大学,619,621,河北,理科,2015,第一批,加入对比 ,136
测绘工程,吉林大学,620,621,河北,理科,2015,第一批,加入对比 ,136
地下水科学与工程,吉林大学,620,621,河北,理科,2015,第一批,加入对比 ,136
环境科学,吉林大学,620,622,河北,理科,2015,第一批,加入对比 ,136
药物制剂,吉林大学,621,622,河北,理科,2015,第一批,加入对比 ,136
地理信息科学,吉林大学,621,621,河北,理科,2015,第一批,加入对比 ,136
地理科学,吉林大学,621,621,河北,理科,2015,第一批,加入对比 ,136
工程管理,吉林大学,621,623,河北,理科,2015,第一批,加入对比 ,136
生物医学工程,吉林大学,622,626,河北,理科,2015,第一批,加入对比 ,136
农林经济管理,吉林大学,622,623,河北,理科,2015,第一批,加入对比 ,136
资源勘查工程,吉林大学,622,625,河北,理科,2015,第一批,加入对比 ,136
物理学类,吉林大学,622,623,河北,理科,2015,第一批,加入对比 ,136
信息管理与信息系统,吉林大学,622,625,河北,理科,2015,第一批,加入对比 ,136
食品科学与工程,吉林大学,622,624,河北,理科,2015,第一批,加入对比 ,136
地质学,吉林大学,622,622,河北,理科,2015,第一批,加入对比 ,136
金融学,吉林大学,622,624,河北,文科,2015,第一批,加入对比 ,136
工程力学,吉林大学,623,624,河北,理科,2015,第一批,加入对比 ,136
食品质量与安全,吉林大学,623,626,河北,理科,2015,第一批,加入对比 ,136
预防医学,吉林大学,623,624,河北,理科,2015,第一批,加入对比 ,136
放射医学,吉林大学,623,627,河北,理科,2015,第一批,加入对比 ,136
工业工程,吉林大学,623,623,河北,理科,2015,第一批,加入对比 ,136
环境工程,吉林大学,623,624,河北,理科,2015,第一批,加入对比 ,136
测控技术与仪器,吉林大学,623,629,河北,理科,2015,第一批,加入对比 ,136
档案学,吉林大学,624,625,河北,理科,2015,第一批,加入对比 ,136
交通运输,吉林大学,624,627,河北,理科,2015,第一批,加入对比 ,136
土地资源管理,吉林大学,624,626,河北,理科,2015,第一批,加入对比 ,136
生物技术,吉林大学,624,625,河北,理科,2015,第一批,加入对比 ,136
自动化,吉林大学,625,628,河北,理科,2015,第一批,加入对比 ,136
生物科学,吉林大学,625,630,河北,理科,2015,第一批,加入对比 ,136
材料成型及控制工程,吉林大学,626,632,河北,理科,2015,第一批,加入对比 ,136
金融数学,吉林大学,627,627,河北,理科,2015,第一批,加入对比 ,136
信息与计算科学,吉林大学,628,632,河北,理科,2015,第一批,加入对比 ,136
通信工程,吉林大学,628,630,河北,理科,2015,第一批,加入对比 ,136
无机非金属材料工程,吉林大学,628,629,河北,理科,2015,第一批,加入对比 ,136
制药工程,吉林大学,628,632,河北,理科,2015,第一批,加入对比 ,136
能源与动力工程,吉林大学,629,633,河北,理科,2015,第一批,加入对比 ,136
微电子科学与工程,吉林大学,629,645,河北,理科,2015,第一批,加入对比 ,136
法学,吉林大学,629,640,河北,理科,2015,第一批,加入对比 ,136
计算机科学与技术,吉林大学,630,645,河北,理科,2015,第一批,加入对比 ,136
光电信息科学与工程,吉林大学,630,632,河北,理科,2015,第一批,加入对比 ,136
电子信息工程,吉林大学,630,635,河北,理科,2015,第一批,加入对比 ,136
电气工程及其自动化,吉林大学,630,634,河北,理科,2015,第一批,加入对比 ,136
高分子材料与工程,吉林大学,630,630,河北,理科,2015,第一批,加入对比 ,136
财政学,吉林大学,631,634,河北,理科,2015,第一批,加入对比 ,136
应用化学,吉林大学,633,640,河北,理科,2015,第一批,加入对比 ,136
材料化学,吉林大学,633,635,河北,理科,2015,第一批,加入对比 ,136
机械工程,吉林大学,634,642,河北,理科,2015,第一批,加入对比 ,136
数学与应用数学,吉林大学,634,638,河北,理科,2015,第一批,加入对比 ,136
化学工程与工艺,吉林大学,635,635,河北,理科,2015,第一批,加入对比 ,136
会计学,吉林大学,636,649,河北,理科,2015,第一批,加入对比 ,136
化学,吉林大学,639,640,河北,理科,2015,第一批,加入对比 ,136
网络工程,吉林大学珠海学院,475,475,河北,理科,2015,第三批,加入对比 ,136
汽车服务工程,吉林大学珠海学院,475,475,河北,理科,2015,第三批,加入对比 ,136
测控技术与仪器,吉林大学珠海学院,476,478,河北,理科,2015,第三批,加入对比 ,136
自动化,吉林大学珠海学院,477,477,河北,理科,2015,第三批,加入对比 ,136
药物制剂,吉林大学珠海学院,481,485,河北,理科,2015,第三批,加入对比 ,136
计算机科学与技术,吉林大学珠海学院,482,488,河北,理科,2015,第三批,加入对比 ,136
微电子科学与工程,吉林大学珠海学院,489,489,河北,理科,2015,第三批,加入对比 ,136
软件工程,吉林大学珠海学院,491,491,河北,理科,2015,第三批,加入对比 ,136
机械设计制造及其自动化,吉林大学珠海学院,496,502,河北,理科,2015,第三批,加入对比 ,136
制药工程,吉林大学珠海学院,497,497,河北,理科,2015,第三批,加入对比 ,136
汉语言文学,吉林大学珠海学院,501,501,河北,文科,2015,第三批,加入对比 ,136
英语,吉林大学珠海学院,501,501,河北,文科,2015,第三批,加入对比 ,136
会计学,吉林大学珠海学院,509,509,河北,文科,2015,第三批,加入对比 ,136
车辆工程,吉林大学珠海学院,512,530,河北,理科,2015,第三批,加入对比 ,136
地质学,吉林大学,545,552,山西,理科,2015,第一批,加入对比 ,136
土地资源管理,吉林大学,547,553,山西,理科,2015,第一批,加入对比 ,136
工程力学,吉林大学,555,565,山西,理科,2015,第一批,加入对比 ,136
农林经济管理,吉林大学,556,557,山西,文科,2015,第一批,加入对比 ,136
外交学,吉林大学,556,557,山西,文科,2015,第一批,加入对比 ,136
食品质量与安全,吉林大学,556,559,山西,理科,2015,第一批,加入对比 ,136
资源勘查工程,吉林大学,557,568,山西,理科,2015,第一批,加入对比 ,136
哲学,吉林大学,557,558,山西,文科,2015,第一批,加入对比 ,136
考古学,吉林大学,558,560,山西,文科,2015,第一批,加入对比 ,136
英语,吉林大学,558,560,山西,文科,2015,第一批,加入对比 ,136
国际政治,吉林大学,558,559,山西,文科,2015,第一批,加入对比 ,136
社会学,吉林大学,558,559,山西,文科,2015,第一批,加入对比 ,136
新闻学,吉林大学,559,560,山西,文科,2015,第一批,加入对比 ,136
汉语言文学,吉林大学,561,563,山西,文科,2015,第一批,加入对比 ,136
无机非金属材料工程,吉林大学,561,581,山西,理科,2015,第一批,加入对比 ,136
食品科学与工程,吉林大学,563,577,山西,理科,2015,第一批,加入对比 ,136
金融学,吉林大学,564,567,山西,文科,2015,第一批,加入对比 ,136
信息管理与信息系统,吉林大学,565,580,山西,理科,2015,第一批,加入对比 ,136
地球物理学,吉林大学,565,588,山西,理科,2015,第一批,加入对比 ,136
法学,吉林大学,567,568,山西,文科,2015,第一批,加入对比 ,136
道路桥梁与渡河工程,吉林大学,570,574,山西,理科,2015,第一批,加入对比 ,136
工业工程,吉林大学,570,576,山西,理科,2015,第一批,加入对比 ,136
光电信息科学与工程,吉林大学,570,584,山西,理科,2015,第一批,加入对比 ,136
测控技术与仪器,吉林大学,571,579,山西,理科,2015,第一批,加入对比 ,136
微电子科学与工程,吉林大学,572,587,山西,理科,2015,第一批,加入对比 ,136
农业资源与环境,吉林大学,572,575,山西,理科,2015,第一批,加入对比 ,136
交通工程,吉林大学,574,580,山西,理科,2015,第一批,加入对比 ,136
材料成型及控制工程,吉林大学,575,582,山西,理科,2015,第一批,加入对比 ,136
环境工程,吉林大学,576,581,山西,理科,2015,第一批,加入对比 ,136
交通运输,吉林大学,576,581,山西,理科,2015,第一批,加入对比 ,136
工商管理,吉林大学,577,586,山西,理科,2015,第一批,加入对比 ,136
信息工程,吉林大学,577,579,山西,理科,2015,第一批,加入对比 ,136
材料化学,吉林大学,579,580,山西,理科,2015,第一批,加入对比 ,136
材料科学与工程,吉林大学,579,589,山西,理科,2015,第一批,加入对比 ,136
汽车服务工程,吉林大学,579,582,山西,理科,2015,第一批,加入对比 ,136
农业机械化及其自动化,吉林大学,579,589,山西,理科,2015,第一批,加入对比 ,136
通信工程,吉林大学,579,586,山西,理科,2015,第一批,加入对比 ,136
统计学,吉林大学,580,590,山西,理科,2015,第一批,加入对比 ,136
计算机科学与技术,吉林大学,580,589,山西,理科,2015,第一批,加入对比 ,136
电子信息工程,吉林大学,581,585,山西,理科,2015,第一批,加入对比 ,136
档案学,吉林大学,581,583,山西,理科,2015,第一批,加入对比 ,136
生物医学工程,吉林大学,582,585,山西,理科,2015,第一批,加入对比 ,136
工程管理,吉林大学,621,623,河北,理科,2015,第一批,加入对比 ,137
生物医学工程,吉林大学,622,626,河北,理科,2015,第一批,加入对比 ,137
农林经济管理,吉林大学,622,623,河北,理科,2015,第一批,加入对比 ,137
资源勘查工程,吉林大学,622,625,河北,理科,2015,第一批,加入对比 ,137
物理学类,吉林大学,622,623,河北,理科,2015,第一批,加入对比 ,137
信息管理与信息系统,吉林大学,622,625,河北,理科,2015,第一批,加入对比 ,137
食品科学与工程,吉林大学,622,624,河北,理科,2015,第一批,加入对比 ,137
地质学,吉林大学,622,622,河北,理科,2015,第一批,加入对比 ,137
金融学,吉林大学,622,624,河北,文科,2015,第一批,加入对比 ,137
工程力学,吉林大学,623,624,河北,理科,2015,第一批,加入对比 ,137
食品质量与安全,吉林大学,623,626,河北,理科,2015,第一批,加入对比 ,137
预防医学,吉林大学,623,624,河北,理科,2015,第一批,加入对比 ,137
放射医学,吉林大学,623,627,河北,理科,2015,第一批,加入对比 ,137
工业工程,吉林大学,623,623,河北,理科,2015,第一批,加入对比 ,137
环境工程,吉林大学,623,624,河北,理科,2015,第一批,加入对比 ,137
测控技术与仪器,吉林大学,623,629,河北,理科,2015,第一批,加入对比 ,137
档案学,吉林大学,624,625,河北,理科,2015,第一批,加入对比 ,137
交通运输,吉林大学,624,627,河北,理科,2015,第一批,加入对比 ,137
土地资源管理,吉林大学,624,626,河北,理科,2015,第一批,加入对比 ,137
生物技术,吉林大学,624,625,河北,理科,2015,第一批,加入对比 ,137
自动化,吉林大学,625,628,河北,理科,2015,第一批,加入对比 ,137
生物科学,吉林大学,625,630,河北,理科,2015,第一批,加入对比 ,137
材料成型及控制工程,吉林大学,626,632,河北,理科,2015,第一批,加入对比 ,137
金融数学,吉林大学,627,627,河北,理科,2015,第一批,加入对比 ,137
信息与计算科学,吉林大学,628,632,河北,理科,2015,第一批,加入对比 ,137
通信工程,吉林大学,628,630,河北,理科,2015,第一批,加入对比 ,137
无机非金属材料工程,吉林大学,628,629,河北,理科,2015,第一批,加入对比 ,137
制药工程,吉林大学,628,632,河北,理科,2015,第一批,加入对比 ,137
能源与动力工程,吉林大学,629,633,河北,理科,2015,第一批,加入对比 ,137
微电子科学与工程,吉林大学,629,645,河北,理科,2015,第一批,加入对比 ,137
法学,吉林大学,629,640,河北,理科,2015,第一批,加入对比 ,137
计算机科学与技术,吉林大学,630,645,河北,理科,2015,第一批,加入对比 ,137
光电信息科学与工程,吉林大学,630,632,河北,理科,2015,第一批,加入对比 ,137
电子信息工程,吉林大学,630,635,河北,理科,2015,第一批,加入对比 ,137
电气工程及其自动化,吉林大学,630,634,河北,理科,2015,第一批,加入对比 ,137
高分子材料与工程,吉林大学,630,630,河北,理科,2015,第一批,加入对比 ,137
财政学,吉林大学,631,634,河北,理科,2015,第一批,加入对比 ,137
应用化学,吉林大学,633,640,河北,理科,2015,第一批,加入对比 ,137
材料化学,吉林大学,633,635,河北,理科,2015,第一批,加入对比 ,137
机械工程,吉林大学,634,642,河北,理科,2015,第一批,加入对比 ,137
数学与应用数学,吉林大学,634,638,河北,理科,2015,第一批,加入对比 ,137
化学工程与工艺,吉林大学,635,635,河北,理科,2015,第一批,加入对比 ,137
会计学,吉林大学,636,649,河北,理科,2015,第一批,加入对比 ,137
化学,吉林大学,639,640,河北,理科,2015,第一批,加入对比 ,137
网络工程,吉林大学珠海学院,475,475,河北,理科,2015,第三批,加入对比 ,137
汽车服务工程,吉林大学珠海学院,475,475,河北,理科,2015,第三批,加入对比 ,137
测控技术与仪器,吉林大学珠海学院,476,478,河北,理科,2015,第三批,加入对比 ,137
自动化,吉林大学珠海学院,477,477,河北,理科,2015,第三批,加入对比 ,137
药物制剂,吉林大学珠海学院,481,485,河北,理科,2015,第三批,加入对比 ,137
计算机科学与技术,吉林大学珠海学院,482,488,河北,理科,2015,第三批,加入对比 ,137
微电子科学与工程,吉林大学珠海学院,489,489,河北,理科,2015,第三批,加入对比 ,137
软件工程,吉林大学珠海学院,491,491,河北,理科,2015,第三批,加入对比 ,137
机械设计制造及其自动化,吉林大学珠海学院,496,502,河北,理科,2015,第三批,加入对比 ,137
制药工程,吉林大学珠海学院,497,497,河北,理科,2015,第三批,加入对比 ,137
汉语言文学,吉林大学珠海学院,501,501,河北,文科,2015,第三批,加入对比 ,137
英语,吉林大学珠海学院,501,501,河北,文科,2015,第三批,加入对比 ,137
会计学,吉林大学珠海学院,509,509,河北,文科,2015,第三批,加入对比 ,137
车辆工程,吉林大学珠海学院,512,530,河北,理科,2015,第三批,加入对比 ,137
地质学,吉林大学,545,552,山西,理科,2015,第一批,加入对比 ,137
土地资源管理,吉林大学,547,553,山西,理科,2015,第一批,加入对比 ,137
工程力学,吉林大学,555,565,山西,理科,2015,第一批,加入对比 ,137
农林经济管理,吉林大学,556,557,山西,文科,2015,第一批,加入对比 ,137
外交学,吉林大学,556,557,山西,文科,2015,第一批,加入对比 ,137
食品质量与安全,吉林大学,556,559,山西,理科,2015,第一批,加入对比 ,137
资源勘查工程,吉林大学,557,568,山西,理科,2015,第一批,加入对比 ,137
哲学,吉林大学,557,558,山西,文科,2015,第一批,加入对比 ,137
考古学,吉林大学,558,560,山西,文科,2015,第一批,加入对比 ,137
英语,吉林大学,558,560,山西,文科,2015,第一批,加入对比 ,137
国际政治,吉林大学,558,559,山西,文科,2015,第一批,加入对比 ,137
社会学,吉林大学,558,559,山西,文科,2015,第一批,加入对比 ,137
新闻学,吉林大学,559,560,山西,文科,2015,第一批,加入对比 ,137
汉语言文学,吉林大学,561,563,山西,文科,2015,第一批,加入对比 ,137
无机非金属材料工程,吉林大学,561,581,山西,理科,2015,第一批,加入对比 ,137
食品科学与工程,吉林大学,563,577,山西,理科,2015,第一批,加入对比 ,137
金融学,吉林大学,564,567,山西,文科,2015,第一批,加入对比 ,137
信息管理与信息系统,吉林大学,565,580,山西,理科,2015,第一批,加入对比 ,137
地球物理学,吉林大学,565,588,山西,理科,2015,第一批,加入对比 ,137
法学,吉林大学,567,568,山西,文科,2015,第一批,加入对比 ,137
道路桥梁与渡河工程,吉林大学,570,574,山西,理科,2015,第一批,加入对比 ,137
工业工程,吉林大学,570,576,山西,理科,2015,第一批,加入对比 ,137
光电信息科学与工程,吉林大学,570,584,山西,理科,2015,第一批,加入对比 ,137
测控技术与仪器,吉林大学,571,579,山西,理科,2015,第一批,加入对比 ,137
微电子科学与工程,吉林大学,572,587,山西,理科,2015,第一批,加入对比 ,137
农业资源与环境,吉林大学,572,575,山西,理科,2015,第一批,加入对比 ,137
交通工程,吉林大学,574,580,山西,理科,2015,第一批,加入对比 ,137
材料成型及控制工程,吉林大学,575,582,山西,理科,2015,第一批,加入对比 ,137
环境工程,吉林大学,576,581,山西,理科,2015,第一批,加入对比 ,137
交通运输,吉林大学,576,581,山西,理科,2015,第一批,加入对比 ,137
工商管理,吉林大学,577,586,山西,理科,2015,第一批,加入对比 ,137
信息工程,吉林大学,577,579,山西,理科,2015,第一批,加入对比 ,137
材料化学,吉林大学,579,580,山西,理科,2015,第一批,加入对比 ,137
材料科学与工程,吉林大学,579,589,山西,理科,2015,第一批,加入对比 ,137
汽车服务工程,吉林大学,579,582,山西,理科,2015,第一批,加入对比 ,137
农业机械化及其自动化,吉林大学,579,589,山西,理科,2015,第一批,加入对比 ,137
通信工程,吉林大学,579,586,山西,理科,2015,第一批,加入对比 ,137
统计学,吉林大学,580,590,山西,理科,2015,第一批,加入对比 ,137
计算机科学与技术,吉林大学,580,589,山西,理科,2015,第一批,加入对比 ,137
电子信息工程,吉林大学,581,585,山西,理科,2015,第一批,加入对比 ,137
档案学,吉林大学,581,583,山西,理科,2015,第一批,加入对比 ,137
生物医学工程,吉林大学,582,585,山西,理科,2015,第一批,加入对比 ,137
通信工程,吉林大学,628,630,河北,理科,2015,第一批,加入对比 ,138
无机非金属材料工程,吉林大学,628,629,河北,理科,2015,第一批,加入对比 ,138
制药工程,吉林大学,628,632,河北,理科,2015,第一批,加入对比 ,138
能源与动力工程,吉林大学,629,633,河北,理科,2015,第一批,加入对比 ,138
微电子科学与工程,吉林大学,629,645,河北,理科,2015,第一批,加入对比 ,138
法学,吉林大学,629,640,河北,理科,2015,第一批,加入对比 ,138
计算机科学与技术,吉林大学,630,645,河北,理科,2015,第一批,加入对比 ,138
光电信息科学与工程,吉林大学,630,632,河北,理科,2015,第一批,加入对比 ,138
电子信息工程,吉林大学,630,635,河北,理科,2015,第一批,加入对比 ,138
电气工程及其自动化,吉林大学,630,634,河北,理科,2015,第一批,加入对比 ,138
高分子材料与工程,吉林大学,630,630,河北,理科,2015,第一批,加入对比 ,138
财政学,吉林大学,631,634,河北,理科,2015,第一批,加入对比 ,138
应用化学,吉林大学,633,640,河北,理科,2015,第一批,加入对比 ,138
材料化学,吉林大学,633,635,河北,理科,2015,第一批,加入对比 ,138
机械工程,吉林大学,634,642,河北,理科,2015,第一批,加入对比 ,138
数学与应用数学,吉林大学,634,638,河北,理科,2015,第一批,加入对比 ,138
化学工程与工艺,吉林大学,635,635,河北,理科,2015,第一批,加入对比 ,138
会计学,吉林大学,636,649,河北,理科,2015,第一批,加入对比 ,138
化学,吉林大学,639,640,河北,理科,2015,第一批,加入对比 ,138
网络工程,吉林大学珠海学院,475,475,河北,理科,2015,第三批,加入对比 ,138
汽车服务工程,吉林大学珠海学院,475,475,河北,理科,2015,第三批,加入对比 ,138
测控技术与仪器,吉林大学珠海学院,476,478,河北,理科,2015,第三批,加入对比 ,138
自动化,吉林大学珠海学院,477,477,河北,理科,2015,第三批,加入对比 ,138
药物制剂,吉林大学珠海学院,481,485,河北,理科,2015,第三批,加入对比 ,138
计算机科学与技术,吉林大学珠海学院,482,488,河北,理科,2015,第三批,加入对比 ,138
微电子科学与工程,吉林大学珠海学院,489,489,河北,理科,2015,第三批,加入对比 ,138
软件工程,吉林大学珠海学院,491,491,河北,理科,2015,第三批,加入对比 ,138
机械设计制造及其自动化,吉林大学珠海学院,496,502,河北,理科,2015,第三批,加入对比 ,138
制药工程,吉林大学珠海学院,497,497,河北,理科,2015,第三批,加入对比 ,138
汉语言文学,吉林大学珠海学院,501,501,河北,文科,2015,第三批,加入对比 ,138
英语,吉林大学珠海学院,501,501,河北,文科,2015,第三批,加入对比 ,138
会计学,吉林大学珠海学院,509,509,河北,文科,2015,第三批,加入对比 ,138
车辆工程,吉林大学珠海学院,512,530,河北,理科,2015,第三批,加入对比 ,138
地质学,吉林大学,545,552,山西,理科,2015,第一批,加入对比 ,138
土地资源管理,吉林大学,547,553,山西,理科,2015,第一批,加入对比 ,138
工程力学,吉林大学,555,565,山西,理科,2015,第一批,加入对比 ,138
农林经济管理,吉林大学,556,557,山西,文科,2015,第一批,加入对比 ,138
外交学,吉林大学,556,557,山西,文科,2015,第一批,加入对比 ,138
食品质量与安全,吉林大学,556,559,山西,理科,2015,第一批,加入对比 ,138
资源勘查工程,吉林大学,557,568,山西,理科,2015,第一批,加入对比 ,138
哲学,吉林大学,557,558,山西,文科,2015,第一批,加入对比 ,138
考古学,吉林大学,558,560,山西,文科,2015,第一批,加入对比 ,138
英语,吉林大学,558,560,山西,文科,2015,第一批,加入对比 ,138
国际政治,吉林大学,558,559,山西,文科,2015,第一批,加入对比 ,138
社会学,吉林大学,558,559,山西,文科,2015,第一批,加入对比 ,138
新闻学,吉林大学,559,560,山西,文科,2015,第一批,加入对比 ,138
汉语言文学,吉林大学,561,563,山西,文科,2015,第一批,加入对比 ,138
无机非金属材料工程,吉林大学,561,581,山西,理科,2015,第一批,加入对比 ,138
食品科学与工程,吉林大学,563,577,山西,理科,2015,第一批,加入对比 ,138
金融学,吉林大学,564,567,山西,文科,2015,第一批,加入对比 ,138
信息管理与信息系统,吉林大学,565,580,山西,理科,2015,第一批,加入对比 ,138
地球物理学,吉林大学,565,588,山西,理科,2015,第一批,加入对比 ,138
法学,吉林大学,567,568,山西,文科,2015,第一批,加入对比 ,138
道路桥梁与渡河工程,吉林大学,570,574,山西,理科,2015,第一批,加入对比 ,138
工业工程,吉林大学,570,576,山西,理科,2015,第一批,加入对比 ,138
光电信息科学与工程,吉林大学,570,584,山西,理科,2015,第一批,加入对比 ,138
测控技术与仪器,吉林大学,571,579,山西,理科,2015,第一批,加入对比 ,138
微电子科学与工程,吉林大学,572,587,山西,理科,2015,第一批,加入对比 ,138
农业资源与环境,吉林大学,572,575,山西,理科,2015,第一批,加入对比 ,138
交通工程,吉林大学,574,580,山西,理科,2015,第一批,加入对比 ,138
材料成型及控制工程,吉林大学,575,582,山西,理科,2015,第一批,加入对比 ,138
环境工程,吉林大学,576,581,山西,理科,2015,第一批,加入对比 ,138
交通运输,吉林大学,576,581,山西,理科,2015,第一批,加入对比 ,138
工商管理,吉林大学,577,586,山西,理科,2015,第一批,加入对比 ,138
信息工程,吉林大学,577,579,山西,理科,2015,第一批,加入对比 ,138
材料化学,吉林大学,579,580,山西,理科,2015,第一批,加入对比 ,138
材料科学与工程,吉林大学,579,589,山西,理科,2015,第一批,加入对比 ,138
汽车服务工程,吉林大学,579,582,山西,理科,2015,第一批,加入对比 ,138
农业机械化及其自动化,吉林大学,579,589,山西,理科,2015,第一批,加入对比 ,138
通信工程,吉林大学,579,586,山西,理科,2015,第一批,加入对比 ,138
统计学,吉林大学,580,590,山西,理科,2015,第一批,加入对比 ,138
计算机科学与技术,吉林大学,580,589,山西,理科,2015,第一批,加入对比 ,138
电子信息工程,吉林大学,581,585,山西,理科,2015,第一批,加入对比 ,138
档案学,吉林大学,581,583,山西,理科,2015,第一批,加入对比 ,138
生物医学工程,吉林大学,582,585,山西,理科,2015,第一批,加入对比 ,138
微电子科学与工程,吉林大学珠海学院,489,489,河北,理科,2015,第三批,加入对比 ,139
软件工程,吉林大学珠海学院,491,491,河北,理科,2015,第三批,加入对比 ,139
机械设计制造及其自动化,吉林大学珠海学院,496,502,河北,理科,2015,第三批,加入对比 ,139
制药工程,吉林大学珠海学院,497,497,河北,理科,2015,第三批,加入对比 ,139
汉语言文学,吉林大学珠海学院,501,501,河北,文科,2015,第三批,加入对比 ,139
英语,吉林大学珠海学院,501,501,河北,文科,2015,第三批,加入对比 ,139
会计学,吉林大学珠海学院,509,509,河北,文科,2015,第三批,加入对比 ,139
车辆工程,吉林大学珠海学院,512,530,河北,理科,2015,第三批,加入对比 ,139
地质学,吉林大学,545,552,山西,理科,2015,第一批,加入对比 ,139
土地资源管理,吉林大学,547,553,山西,理科,2015,第一批,加入对比 ,139
工程力学,吉林大学,555,565,山西,理科,2015,第一批,加入对比 ,139
农林经济管理,吉林大学,556,557,山西,文科,2015,第一批,加入对比 ,139
外交学,吉林大学,556,557,山西,文科,2015,第一批,加入对比 ,139
食品质量与安全,吉林大学,556,559,山西,理科,2015,第一批,加入对比 ,139
资源勘查工程,吉林大学,557,568,山西,理科,2015,第一批,加入对比 ,139
哲学,吉林大学,557,558,山西,文科,2015,第一批,加入对比 ,139
考古学,吉林大学,558,560,山西,文科,2015,第一批,加入对比 ,139
英语,吉林大学,558,560,山西,文科,2015,第一批,加入对比 ,139
国际政治,吉林大学,558,559,山西,文科,2015,第一批,加入对比 ,139
社会学,吉林大学,558,559,山西,文科,2015,第一批,加入对比 ,139
新闻学,吉林大学,559,560,山西,文科,2015,第一批,加入对比 ,139
汉语言文学,吉林大学,561,563,山西,文科,2015,第一批,加入对比 ,139
无机非金属材料工程,吉林大学,561,581,山西,理科,2015,第一批,加入对比 ,139
食品科学与工程,吉林大学,563,577,山西,理科,2015,第一批,加入对比 ,139
金融学,吉林大学,564,567,山西,文科,2015,第一批,加入对比 ,139
信息管理与信息系统,吉林大学,565,580,山西,理科,2015,第一批,加入对比 ,139
地球物理学,吉林大学,565,588,山西,理科,2015,第一批,加入对比 ,139
法学,吉林大学,567,568,山西,文科,2015,第一批,加入对比 ,139
道路桥梁与渡河工程,吉林大学,570,574,山西,理科,2015,第一批,加入对比 ,139
工业工程,吉林大学,570,576,山西,理科,2015,第一批,加入对比 ,139
光电信息科学与工程,吉林大学,570,584,山西,理科,2015,第一批,加入对比 ,139
测控技术与仪器,吉林大学,571,579,山西,理科,2015,第一批,加入对比 ,139
微电子科学与工程,吉林大学,572,587,山西,理科,2015,第一批,加入对比 ,139
农业资源与环境,吉林大学,572,575,山西,理科,2015,第一批,加入对比 ,139
交通工程,吉林大学,574,580,山西,理科,2015,第一批,加入对比 ,139
材料成型及控制工程,吉林大学,575,582,山西,理科,2015,第一批,加入对比 ,139
环境工程,吉林大学,576,581,山西,理科,2015,第一批,加入对比 ,139
交通运输,吉林大学,576,581,山西,理科,2015,第一批,加入对比 ,139
工商管理,吉林大学,577,586,山西,理科,2015,第一批,加入对比 ,139
信息工程,吉林大学,577,579,山西,理科,2015,第一批,加入对比 ,139
材料化学,吉林大学,579,580,山西,理科,2015,第一批,加入对比 ,139
材料科学与工程,吉林大学,579,589,山西,理科,2015,第一批,加入对比 ,139
汽车服务工程,吉林大学,579,582,山西,理科,2015,第一批,加入对比 ,139
农业机械化及其自动化,吉林大学,579,589,山西,理科,2015,第一批,加入对比 ,139
通信工程,吉林大学,579,586,山西,理科,2015,第一批,加入对比 ,139
统计学,吉林大学,580,590,山西,理科,2015,第一批,加入对比 ,139
计算机科学与技术,吉林大学,580,589,山西,理科,2015,第一批,加入对比 ,139
电子信息工程,吉林大学,581,585,山西,理科,2015,第一批,加入对比 ,139
档案学,吉林大学,581,583,山西,理科,2015,第一批,加入对比 ,139
生物医学工程,吉林大学,582,585,山西,理科,2015,第一批,加入对比 ,139
信息管理与信息系统,吉林大学,565,580,山西,理科,2015,第一批,加入对比 ,140
地球物理学,吉林大学,565,588,山西,理科,2015,第一批,加入对比 ,140
法学,吉林大学,567,568,山西,文科,2015,第一批,加入对比 ,140
道路桥梁与渡河工程,吉林大学,570,574,山西,理科,2015,第一批,加入对比 ,140
工业工程,吉林大学,570,576,山西,理科,2015,第一批,加入对比 ,140
光电信息科学与工程,吉林大学,570,584,山西,理科,2015,第一批,加入对比 ,140
测控技术与仪器,吉林大学,571,579,山西,理科,2015,第一批,加入对比 ,140
微电子科学与工程,吉林大学,572,587,山西,理科,2015,第一批,加入对比 ,140
农业资源与环境,吉林大学,572,575,山西,理科,2015,第一批,加入对比 ,140
交通工程,吉林大学,574,580,山西,理科,2015,第一批,加入对比 ,140
材料成型及控制工程,吉林大学,575,582,山西,理科,2015,第一批,加入对比 ,140
环境工程,吉林大学,576,581,山西,理科,2015,第一批,加入对比 ,140
交通运输,吉林大学,576,581,山西,理科,2015,第一批,加入对比 ,140
工商管理,吉林大学,577,586,山西,理科,2015,第一批,加入对比 ,140
信息工程,吉林大学,577,579,山西,理科,2015,第一批,加入对比 ,140
材料化学,吉林大学,579,580,山西,理科,2015,第一批,加入对比 ,140
材料科学与工程,吉林大学,579,589,山西,理科,2015,第一批,加入对比 ,140
汽车服务工程,吉林大学,579,582,山西,理科,2015,第一批,加入对比 ,140
农业机械化及其自动化,吉林大学,579,589,山西,理科,2015,第一批,加入对比 ,140
通信工程,吉林大学,579,586,山西,理科,2015,第一批,加入对比 ,140
统计学,吉林大学,580,590,山西,理科,2015,第一批,加入对比 ,140
计算机科学与技术,吉林大学,580,589,山西,理科,2015,第一批,加入对比 ,140
电子信息工程,吉林大学,581,585,山西,理科,2015,第一批,加入对比 ,140
档案学,吉林大学,581,583,山西,理科,2015,第一批,加入对比 ,140
生物医学工程,吉林大学,582,585,山西,理科,2015,第一批,加入对比 ,140
电气工程及其自动化,吉林大学,583,585,山西,理科,2015,第一批,加入对比 ,141
信息与计算科学,吉林大学,583,589,山西,理科,2015,第一批,加入对比 ,141
能源与动力工程,吉林大学,584,588,山西,理科,2015,第一批,加入对比 ,141
物联网工程,吉林大学,584,585,山西,理科,2015,第一批,加入对比 ,141
高分子材料与工程,吉林大学,585,592,山西,理科,2015,第一批,加入对比 ,141
数学与应用数学,吉林大学,586,591,山西,理科,2015,第一批,加入对比 ,141
物理学,吉林大学,586,587,山西,理科,2015,第一批,加入对比 ,141
软件工程,吉林大学,587,596,山西,理科,2015,第一批,加入对比 ,141
会计学,吉林大学,587,594,山西,理科,2015,第一批,加入对比 ,141
机械工程,吉林大学,589,596,山西,理科,2015,第一批,加入对比 ,141
电子科学与技术,吉林大学,589,591,山西,理科,2015,第一批,加入对比 ,141
化学,吉林大学,591,593,山西,理科,2015,第一批,加入对比 ,141
金融学,吉林大学,594,601,山西,理科,2015,第一批,加入对比 ,141
车辆工程,吉林大学,598,600,山西,理科,2015,第一批,加入对比 ,141
动物科学,吉林大学,551,555,内蒙古,理科,2015,第一批,加入对比 ,141
地下水科学与工程,吉林大学,561,570,内蒙古,理科,2015,第一批,加入对比 ,141
农林经济管理,吉林大学,566,567,内蒙古,文科,2015,第一批,加入对比 ,141
生物技术,吉林大学,567,580,内蒙古,理科,2015,第一批,加入对比 ,141
地质学,吉林大学,567,574,内蒙古,理科,2015,第一批,加入对比 ,141
临床药学,吉林大学,569,575,内蒙古,理科,2015,第一批,加入对比 ,141
物流工程,吉林大学,570,574,内蒙古,理科,2015,第一批,加入对比 ,141
勘查技术与工程,吉林大学,571,572,内蒙古,理科,2015,第一批,加入对比 ,141
英语,吉林大学,571,574,内蒙古,文科,2015,第一批,加入对比 ,141
考古学,吉林大学,572,572,内蒙古,文科,2015,第一批,加入对比 ,141
地理科学,吉林大学,574,575,内蒙古,理科,2015,第一批,加入对比 ,141
经济学,吉林大学,574,588,内蒙古,文科,2015,第一批,加入对比 ,142
食品科学与工程,吉林大学,574,576,内蒙古,理科,2015,第一批,加入对比 ,142
化学工程与工艺,吉林大学,575,579,内蒙古,理科,2015,第一批,加入对比 ,142
无机非金属材料工程,吉林大学,576,578,内蒙古,理科,2015,第一批,加入对比 ,142
物联网工程,吉林大学,576,582,内蒙古,理科,2015,第一批,加入对比 ,142
资源勘查工程,吉林大学,576,582,内蒙古,理科,2015,第一批,加入对比 ,142
地质工程,吉林大学,576,591,内蒙古,理科,2015,第一批,加入对比 ,142
环境科学,吉林大学,577,578,内蒙古,理科,2015,第一批,加入对比 ,142
生物医学工程,吉林大学,577,581,内蒙古,理科,2015,第一批,加入对比 ,142
自动化,吉林大学,578,594,内蒙古,理科,2015,第一批,加入对比 ,142
工业工程,吉林大学,578,579,内蒙古,理科,2015,第一批,加入对比 ,142
食品质量与安全,吉林大学,578,579,内蒙古,理科,2015,第一批,加入对比 ,142
高分子材料与工程,吉林大学,579,581,内蒙古,理科,2015,第一批,加入对比 ,142
材料化学,吉林大学,579,582,内蒙古,理科,2015,第一批,加入对比 ,142
药物制剂,吉林大学,579,584,内蒙古,理科,2015,第一批,加入对比 ,142
信息工程,吉林大学,580,592,内蒙古,理科,2015,第一批,加入对比 ,142
材料科学与工程,吉林大学,580,588,内蒙古,理科,2015,第一批,加入对比 ,142
测控技术与仪器,吉林大学,580,586,内蒙古,理科,2015,第一批,加入对比 ,142
制药工程,吉林大学,581,583,内蒙古,理科,2015,第一批,加入对比 ,142
政治学与行政学,吉林大学,581,587,内蒙古,文科,2015,第一批,加入对比 ,142
土地资源管理,吉林大学,581,582,内蒙古,理科,2015,第一批,加入对比 ,142
工程管理,吉林大学,582,585,内蒙古,理科,2015,第一批,加入对比 ,142
测绘工程,吉林大学,583,604,内蒙古,理科,2015,第一批,加入对比 ,142
汽车服务工程,吉林大学,583,599,内蒙古,理科,2015,第一批,加入对比 ,142
西班牙语,吉林大学,584,589,内蒙古,文科,2015,第一批,加入对比 ,142
计算机科学与技术,吉林大学,585,594,内蒙古,理科,2015,第一批,加入对比 ,142
核物理,吉林大学,585,587,内蒙古,理科,2015,第一批,加入对比 ,142
电子信息工程,吉林大学,585,586,内蒙古,理科,2015,第一批,加入对比 ,142
交通工程,吉林大学,586,586,内蒙古,理科,2015,第一批,加入对比 ,142
英语,吉林大学,586,589,内蒙古,理科,2015,第一批,加入对比 ,142
物理学,吉林大学,586,593,内蒙古,理科,2015,第一批,加入对比 ,142
光电信息科学与工程,吉林大学,586,590,内蒙古,理科,2015,第一批,加入对比 ,142
材料成型及控制工程,吉林大学,586,609,内蒙古,理科,2015,第一批,加入对比 ,142
电子科学与技术,吉林大学,586,597,内蒙古,理科,2015,第一批,加入对比 ,142
信息管理与信息系统,吉林大学,588,593,内蒙古,理科,2015,第一批,加入对比 ,142
汉语言文学,吉林大学,589,591,内蒙古,文科,2015,第一批,加入对比 ,142
道路桥梁与渡河工程,吉林大学,590,603,内蒙古,理科,2015,第一批,加入对比 ,142
机械工程,吉林大学,591,601,内蒙古,理科,2015,第一批,加入对比 ,142
通信工程,吉林大学,591,602,内蒙古,理科,2015,第一批,加入对比 ,142
微电子科学与工程,吉林大学,591,600,内蒙古,理科,2015,第一批,加入对比 ,142
金融学,吉林大学,591,593,内蒙古,文科,2015,第一批,加入对比 ,142
环境工程,吉林大学,592,597,内蒙古,理科,2015,第一批,加入对比 ,142
放射医学,吉林大学,593,602,内蒙古,理科,2015,第一批,加入对比 ,142
电气工程及其自动化,吉林大学,593,599,内蒙古,理科,2015,第一批,加入对比 ,142
包装工程,吉林大学,594,594,内蒙古,理科,2015,第一批,加入对比 ,142
能源与动力工程,吉林大学,597,607,内蒙古,理科,2015,第一批,加入对比 ,142
法学,吉林大学,597,600,内蒙古,文科,2015,第一批,加入对比 ,142
金融数学,吉林大学,600,601,内蒙古,理科,2015,第一批,加入对比 ,142
数学与应用数学,吉林大学,601,602,内蒙古,理科,2015,第一批,加入对比 ,142
化学,吉林大学,607,624,内蒙古,理科,2015,第一批,加入对比 ,142
计算机科学与技术,吉林大学,585,594,内蒙古,理科,2015,第一批,加入对比 ,143
核物理,吉林大学,585,587,内蒙古,理科,2015,第一批,加入对比 ,143
电子信息工程,吉林大学,585,586,内蒙古,理科,2015,第一批,加入对比 ,143
交通工程,吉林大学,586,586,内蒙古,理科,2015,第一批,加入对比 ,143
英语,吉林大学,586,589,内蒙古,理科,2015,第一批,加入对比 ,143
物理学,吉林大学,586,593,内蒙古,理科,2015,第一批,加入对比 ,143
光电信息科学与工程,吉林大学,586,590,内蒙古,理科,2015,第一批,加入对比 ,143
材料成型及控制工程,吉林大学,586,609,内蒙古,理科,2015,第一批,加入对比 ,143
电子科学与技术,吉林大学,586,597,内蒙古,理科,2015,第一批,加入对比 ,143
信息管理与信息系统,吉林大学,588,593,内蒙古,理科,2015,第一批,加入对比 ,143
汉语言文学,吉林大学,589,591,内蒙古,文科,2015,第一批,加入对比 ,143
道路桥梁与渡河工程,吉林大学,590,603,内蒙古,理科,2015,第一批,加入对比 ,143
机械工程,吉林大学,591,601,内蒙古,理科,2015,第一批,加入对比 ,143
通信工程,吉林大学,591,602,内蒙古,理科,2015,第一批,加入对比 ,143
微电子科学与工程,吉林大学,591,600,内蒙古,理科,2015,第一批,加入对比 ,143
金融学,吉林大学,591,593,内蒙古,文科,2015,第一批,加入对比 ,143
环境工程,吉林大学,592,597,内蒙古,理科,2015,第一批,加入对比 ,143
放射医学,吉林大学,593,602,内蒙古,理科,2015,第一批,加入对比 ,143
电气工程及其自动化,吉林大学,593,599,内蒙古,理科,2015,第一批,加入对比 ,143
包装工程,吉林大学,594,594,内蒙古,理科,2015,第一批,加入对比 ,143
能源与动力工程,吉林大学,597,607,内蒙古,理科,2015,第一批,加入对比 ,143
法学,吉林大学,597,600,内蒙古,文科,2015,第一批,加入对比 ,143
金融数学,吉林大学,600,601,内蒙古,理科,2015,第一批,加入对比 ,143
数学与应用数学,吉林大学,601,602,内蒙古,理科,2015,第一批,加入对比 ,143
化学,吉林大学,607,624,内蒙古,理科,2015,第一批,加入对比 ,143
会计学,吉林大学,608,614,内蒙古,理科,2015,第一批,加入对比 ,143
法学,吉林大学,618,621,内蒙古,理科,2015,第一批,加入对比 ,143
通信工程,吉林大学珠海学院,340,340,内蒙古,理科,2015,第二批,加入对比 ,143
工业工程,吉林大学珠海学院,341,343,内蒙古,理科,2015,第二批,加入对比 ,143
化学工程与工艺,吉林大学珠海学院,343,346,内蒙古,理科,2015,第二批,加入对比 ,143
汽车服务工程,吉林大学珠海学院,343,349,内蒙古,理科,2015,第二批,加入对比 ,143
微电子科学与工程,吉林大学珠海学院,346,351,内蒙古,理科,2015,第二批,加入对比 ,143
测控技术与仪器,吉林大学珠海学院,353,359,内蒙古,理科,2015,第二批,加入对比 ,143
网络工程,吉林大学珠海学院,354,355,内蒙古,理科,2015,第二批,加入对比 ,143
制药工程,吉林大学珠海学院,356,357,内蒙古,理科,2015,第二批,加入对比 ,143
药物制剂,吉林大学珠海学院,357,376,内蒙古,理科,2015,第二批,加入对比 ,143
机械设计制造及其自动化,吉林大学珠海学院,357,369,内蒙古,理科,2015,第二批,加入对比 ,143
中药学,吉林大学珠海学院,363,363,内蒙古,理科,2015,第二批,加入对比 ,143
软件工程,吉林大学珠海学院,363,376,内蒙古,理科,2015,第二批,加入对比 ,143
车辆工程,吉林大学珠海学院,364,385,内蒙古,理科,2015,第二批,加入对比 ,143
自动化,吉林大学珠海学院,370,373,内蒙古,理科,2015,第二批,加入对比 ,143
计算机科学与技术,吉林大学珠海学院,377,387,内蒙古,理科,2015,第二批,加入对比 ,143
汉语言文学,吉林大学珠海学院,423,423,内蒙古,文科,2015,第二批,加入对比 ,143
广告学,吉林大学珠海学院,429,429,内蒙古,文科,2015,第二批,加入对比 ,143
新闻学,吉林大学,571,572,河南,文科,2015,第一批,加入对比 ,143
日语,吉林大学,571,572,河南,文科,2015,第一批,加入对比 ,143
西班牙语,吉林大学,571,574,河南,文科,2015,第一批,加入对比 ,143
生物技术,吉林大学,581,614,河南,理科,2015,第一批,加入对比 ,143
园艺,吉林大学,582,599,河南,理科,2015,第一批,加入对比 ,143
地球物理学,吉林大学,598,601,河南,理科,2015,第一批,加入对比 ,143
水文与水资源工程,吉林大学,599,601,河南,理科,2015,第一批,加入对比 ,143
食品科学与工程,吉林大学,599,607,河南,理科,2015,第一批,加入对比 ,143
地质学,吉林大学,601,601,河南,理科,2015,第一批,加入对比 ,143
地下水科学与工程,吉林大学,602,604,河南,理科,2015,第一批,加入对比 ,143
土地资源管理,吉林大学,602,602,河南,理科,2015,第一批,加入对比 ,143
食品质量与安全,吉林大学,602,608,河南,理科,2015,第一批,加入对比 ,143
工业工程,吉林大学,603,604,河南,理科,2015,第一批,加入对比 ,143
勘查技术与工程,吉林大学,603,605,河南,理科,2015,第一批,加入对比 ,143
地质工程,吉林大学,603,608,河南,理科,2015,第一批,加入对比 ,143
药物制剂,吉林大学,603,604,河南,理科,2015,第一批,加入对比 ,143
英语,吉林大学,603,603,河南,理科,2015,第一批,加入对比 ,143
测绘工程,吉林大学,604,608,河南,理科,2015,第一批,加入对比 ,143
资源勘查工程,吉林大学,604,609,河南,理科,2015,第一批,加入对比 ,143
材料物理,吉林大学,604,608,河南,理科,2015,第一批,加入对比 ,143
制药工程,吉林大学,604,606,河南,理科,2015,第一批,加入对比 ,143
物流工程,吉林大学,604,607,河南,理科,2015,第一批,加入对比 ,143
光电信息科学与工程,吉林大学,604,607,河南,理科,2015,第一批,加入对比 ,143
农业机械化及其自动化,吉林大学,605,607,河南,理科,2015,第一批,加入对比 ,143
无机非金属材料工程,吉林大学,605,608,河南,理科,2015,第一批,加入对比 ,143
应用物理学,吉林大学,605,615,河南,理科,2015,第一批,加入对比 ,143
信息工程,吉林大学,605,611,河南,理科,2015,第一批,加入对比 ,143
生物科学,吉林大学,605,607,河南,理科,2015,第一批,加入对比 ,143
预防医学,吉林大学,605,612,河南,理科,2015,第一批,加入对比 ,143
工程力学,吉林大学,606,607,河南,理科,2015,第一批,加入对比 ,143
材料成型及控制工程,吉林大学,606,612,河南,理科,2015,第一批,加入对比 ,143
会计学,吉林大学,608,614,内蒙古,理科,2015,第一批,加入对比 ,144
法学,吉林大学,618,621,内蒙古,理科,2015,第一批,加入对比 ,144
通信工程,吉林大学珠海学院,340,340,内蒙古,理科,2015,第二批,加入对比 ,144
工业工程,吉林大学珠海学院,341,343,内蒙古,理科,2015,第二批,加入对比 ,144
化学工程与工艺,吉林大学珠海学院,343,346,内蒙古,理科,2015,第二批,加入对比 ,144
汽车服务工程,吉林大学珠海学院,343,349,内蒙古,理科,2015,第二批,加入对比 ,144
微电子科学与工程,吉林大学珠海学院,346,351,内蒙古,理科,2015,第二批,加入对比 ,144
测控技术与仪器,吉林大学珠海学院,353,359,内蒙古,理科,2015,第二批,加入对比 ,144
网络工程,吉林大学珠海学院,354,355,内蒙古,理科,2015,第二批,加入对比 ,144
制药工程,吉林大学珠海学院,356,357,内蒙古,理科,2015,第二批,加入对比 ,144
药物制剂,吉林大学珠海学院,357,376,内蒙古,理科,2015,第二批,加入对比 ,144
机械设计制造及其自动化,吉林大学珠海学院,357,369,内蒙古,理科,2015,第二批,加入对比 ,144
中药学,吉林大学珠海学院,363,363,内蒙古,理科,2015,第二批,加入对比 ,144
软件工程,吉林大学珠海学院,363,376,内蒙古,理科,2015,第二批,加入对比 ,144
车辆工程,吉林大学珠海学院,364,385,内蒙古,理科,2015,第二批,加入对比 ,144
自动化,吉林大学珠海学院,370,373,内蒙古,理科,2015,第二批,加入对比 ,144
计算机科学与技术,吉林大学珠海学院,377,387,内蒙古,理科,2015,第二批,加入对比 ,144
汉语言文学,吉林大学珠海学院,423,423,内蒙古,文科,2015,第二批,加入对比 ,144
广告学,吉林大学珠海学院,429,429,内蒙古,文科,2015,第二批,加入对比 ,144
新闻学,吉林大学,571,572,河南,文科,2015,第一批,加入对比 ,144
日语,吉林大学,571,572,河南,文科,2015,第一批,加入对比 ,144
西班牙语,吉林大学,571,574,河南,文科,2015,第一批,加入对比 ,144
生物技术,吉林大学,581,614,河南,理科,2015,第一批,加入对比 ,144
园艺,吉林大学,582,599,河南,理科,2015,第一批,加入对比 ,144
地球物理学,吉林大学,598,601,河南,理科,2015,第一批,加入对比 ,144
水文与水资源工程,吉林大学,599,601,河南,理科,2015,第一批,加入对比 ,144
食品科学与工程,吉林大学,599,607,河南,理科,2015,第一批,加入对比 ,144
地质学,吉林大学,601,601,河南,理科,2015,第一批,加入对比 ,144
地下水科学与工程,吉林大学,602,604,河南,理科,2015,第一批,加入对比 ,144
土地资源管理,吉林大学,602,602,河南,理科,2015,第一批,加入对比 ,144
食品质量与安全,吉林大学,602,608,河南,理科,2015,第一批,加入对比 ,144
工业工程,吉林大学,603,604,河南,理科,2015,第一批,加入对比 ,144
勘查技术与工程,吉林大学,603,605,河南,理科,2015,第一批,加入对比 ,144
地质工程,吉林大学,603,608,河南,理科,2015,第一批,加入对比 ,144
药物制剂,吉林大学,603,604,河南,理科,2015,第一批,加入对比 ,144
英语,吉林大学,603,603,河南,理科,2015,第一批,加入对比 ,144
测绘工程,吉林大学,604,608,河南,理科,2015,第一批,加入对比 ,144
资源勘查工程,吉林大学,604,609,河南,理科,2015,第一批,加入对比 ,144
材料物理,吉林大学,604,608,河南,理科,2015,第一批,加入对比 ,144
制药工程,吉林大学,604,606,河南,理科,2015,第一批,加入对比 ,144
物流工程,吉林大学,604,607,河南,理科,2015,第一批,加入对比 ,144
光电信息科学与工程,吉林大学,604,607,河南,理科,2015,第一批,加入对比 ,144
农业机械化及其自动化,吉林大学,605,607,河南,理科,2015,第一批,加入对比 ,144
无机非金属材料工程,吉林大学,605,608,河南,理科,2015,第一批,加入对比 ,144
应用物理学,吉林大学,605,615,河南,理科,2015,第一批,加入对比 ,144
信息工程,吉林大学,605,611,河南,理科,2015,第一批,加入对比 ,144
生物科学,吉林大学,605,607,河南,理科,2015,第一批,加入对比 ,144
预防医学,吉林大学,605,612,河南,理科,2015,第一批,加入对比 ,144
工程力学,吉林大学,606,607,河南,理科,2015,第一批,加入对比 ,144
材料成型及控制工程,吉林大学,606,612,河南,理科,2015,第一批,加入对比 ,144
计算机科学与技术,吉林大学,606,617,河南,理科,2015,第一批,加入对比 ,144
材料科学与工程,吉林大学,606,610,河南,理科,2015,第一批,加入对比 ,144
工商管理,吉林大学,606,616,河南,理科,2015,第一批,加入对比 ,144
工程管理,吉林大学,606,607,河南,理科,2015,第一批,加入对比 ,144
信息管理与信息系统,吉林大学,607,622,河南,理科,2015,第一批,加入对比 ,144
财政学,吉林大学,607,609,河南,理科,2015,第一批,加入对比 ,144
软件工程,吉林大学,607,614,河南,理科,2015,第一批,加入对比 ,144
放射医学,吉林大学,607,611,河南,理科,2015,第一批,加入对比 ,144
微电子科学与工程,吉林大学,607,612,河南,理科,2015,第一批,加入对比 ,144
化学工程与工艺,吉林大学,608,609,河南,理科,2015,第一批,加入对比 ,144
交通工程,吉林大学,608,614,河南,理科,2015,第一批,加入对比 ,144
高分子材料与工程,吉林大学,608,612,河南,理科,2015,第一批,加入对比 ,144
信息与计算科学,吉林大学,608,615,河南,理科,2015,第一批,加入对比 ,144
电子信息工程,吉林大学,609,613,河南,理科,2015,第一批,加入对比 ,144
通信工程,吉林大学,609,613,河南,理科,2015,第一批,加入对比 ,144
数学与应用数学,吉林大学,609,610,河南,理科,2015,第一批,加入对比 ,144
电子科学与技术,吉林大学,609,610,河南,理科,2015,第一批,加入对比 ,144
统计学,吉林大学,609,611,河南,理科,2015,第一批,加入对比 ,144
土木工程,吉林大学,609,613,河南,理科,2015,第一批,加入对比 ,144
物理学,吉林大学,610,617,河南,理科,2015,第一批,加入对比 ,144
物联网工程,吉林大学,611,614,河南,理科,2015,第一批,加入对比 ,144
自动化,吉林大学,611,619,河南,理科,2015,第一批,加入对比 ,144
法学,吉林大学,611,614,河南,理科,2015,第一批,加入对比 ,144
临床药学,吉林大学,611,613,河南,理科,2015,第一批,加入对比 ,144
会计学,吉林大学,613,621,河南,理科,2015,第一批,加入对比 ,144
金融学,吉林大学,613,615,河南,理科,2015,第一批,加入对比 ,144
核物理,吉林大学,613,622,河南,理科,2015,第一批,加入对比 ,144
化学,吉林大学,616,621,河南,理科,2015,第一批,加入对比 ,144
应用化学,吉林大学,619,621,河南,理科,2015,第一批,加入对比 ,144
车辆工程,吉林大学,624,630,河南,理科,2015,第一批,加入对比 ,144
微电子科学与工程,吉林大学珠海学院,445,450,河南,理科,2015,第三批,加入对比 ,144
制药工程,吉林大学珠海学院,450,452,河南,理科,2015,第三批,加入对比 ,144
计算机科学与技术,吉林大学珠海学院,451,454,河南,理科,2015,第三批,加入对比 ,144
汽车服务工程,吉林大学珠海学院,452,456,河南,理科,2015,第三批,加入对比 ,144
软件工程,吉林大学珠海学院,452,455,河南,理科,2015,第三批,加入对比 ,144
英语,吉林大学珠海学院,453,453,河南,文科,2015,第三批,加入对比 ,144
应用化学,吉林大学珠海学院,453,455,河南,理科,2015,第三批,加入对比 ,144
日语,吉林大学珠海学院,454,454,河南,文科,2015,第三批,加入对比 ,144
汉语言文学,吉林大学珠海学院,454,454,河南,文科,2015,第三批,加入对比 ,144
通信工程,吉林大学珠海学院,454,456,河南,理科,2015,第三批,加入对比 ,144
机械设计制造及其自动化,吉林大学珠海学院,456,459,河南,理科,2015,第三批,加入对比 ,144
建筑学,吉林大学珠海学院,458,458,河南,理科,2015,第三批,加入对比 ,144
会计学,吉林大学珠海学院,458,458,河南,文科,2015,第三批,加入对比 ,144
车辆工程,吉林大学珠海学院,459,470,河南,理科,2015,第三批,加入对比 ,144
英语,吉林大学珠海学院,460,460,河南,理科,2015,第三批,加入对比 ,144
会计学,吉林大学珠海学院,465,465,河南,理科,2015,第三批,加入对比 ,144
金融学,吉林大学珠海学院,468,468,河南,文科,2015,第三批,加入对比 ,144
广告学,吉林大学珠海学院,481,481,河南,文科,2015,第三批,加入对比 ,144
金融学,吉林大学珠海学院,484,484,河南,理科,2015,第三批,加入对比 ,144
水文与水资源工程,吉林大学,634,640,海南,理科,2015,第一批,加入对比 ,144
水文与水资源工程,吉林大学,599,601,河南,理科,2015,第一批,加入对比 ,145
食品科学与工程,吉林大学,599,607,河南,理科,2015,第一批,加入对比 ,145
地质学,吉林大学,601,601,河南,理科,2015,第一批,加入对比 ,145
地下水科学与工程,吉林大学,602,604,河南,理科,2015,第一批,加入对比 ,145
土地资源管理,吉林大学,602,602,河南,理科,2015,第一批,加入对比 ,145
食品质量与安全,吉林大学,602,608,河南,理科,2015,第一批,加入对比 ,145
工业工程,吉林大学,603,604,河南,理科,2015,第一批,加入对比 ,145
勘查技术与工程,吉林大学,603,605,河南,理科,2015,第一批,加入对比 ,145
地质工程,吉林大学,603,608,河南,理科,2015,第一批,加入对比 ,145
药物制剂,吉林大学,603,604,河南,理科,2015,第一批,加入对比 ,145
英语,吉林大学,603,603,河南,理科,2015,第一批,加入对比 ,145
测绘工程,吉林大学,604,608,河南,理科,2015,第一批,加入对比 ,145
资源勘查工程,吉林大学,604,609,河南,理科,2015,第一批,加入对比 ,145
材料物理,吉林大学,604,608,河南,理科,2015,第一批,加入对比 ,145
制药工程,吉林大学,604,606,河南,理科,2015,第一批,加入对比 ,145
物流工程,吉林大学,604,607,河南,理科,2015,第一批,加入对比 ,145
光电信息科学与工程,吉林大学,604,607,河南,理科,2015,第一批,加入对比 ,145
农业机械化及其自动化,吉林大学,605,607,河南,理科,2015,第一批,加入对比 ,145
无机非金属材料工程,吉林大学,605,608,河南,理科,2015,第一批,加入对比 ,145
应用物理学,吉林大学,605,615,河南,理科,2015,第一批,加入对比 ,145
信息工程,吉林大学,605,611,河南,理科,2015,第一批,加入对比 ,145
生物科学,吉林大学,605,607,河南,理科,2015,第一批,加入对比 ,145
预防医学,吉林大学,605,612,河南,理科,2015,第一批,加入对比 ,145
工程力学,吉林大学,606,607,河南,理科,2015,第一批,加入对比 ,145
材料成型及控制工程,吉林大学,606,612,河南,理科,2015,第一批,加入对比 ,145
计算机科学与技术,吉林大学,606,617,河南,理科,2015,第一批,加入对比 ,145
材料科学与工程,吉林大学,606,610,河南,理科,2015,第一批,加入对比 ,145
工商管理,吉林大学,606,616,河南,理科,2015,第一批,加入对比 ,145
工程管理,吉林大学,606,607,河南,理科,2015,第一批,加入对比 ,145
信息管理与信息系统,吉林大学,607,622,河南,理科,2015,第一批,加入对比 ,145
财政学,吉林大学,607,609,河南,理科,2015,第一批,加入对比 ,145
软件工程,吉林大学,607,614,河南,理科,2015,第一批,加入对比 ,145
放射医学,吉林大学,607,611,河南,理科,2015,第一批,加入对比 ,145
微电子科学与工程,吉林大学,607,612,河南,理科,2015,第一批,加入对比 ,145
化学工程与工艺,吉林大学,608,609,河南,理科,2015,第一批,加入对比 ,145
交通工程,吉林大学,608,614,河南,理科,2015,第一批,加入对比 ,145
高分子材料与工程,吉林大学,608,612,河南,理科,2015,第一批,加入对比 ,145
信息与计算科学,吉林大学,608,615,河南,理科,2015,第一批,加入对比 ,145
电子信息工程,吉林大学,609,613,河南,理科,2015,第一批,加入对比 ,145
通信工程,吉林大学,609,613,河南,理科,2015,第一批,加入对比 ,145
数学与应用数学,吉林大学,609,610,河南,理科,2015,第一批,加入对比 ,145
电子科学与技术,吉林大学,609,610,河南,理科,2015,第一批,加入对比 ,145
统计学,吉林大学,609,611,河南,理科,2015,第一批,加入对比 ,145
土木工程,吉林大学,609,613,河南,理科,2015,第一批,加入对比 ,145
物理学,吉林大学,610,617,河南,理科,2015,第一批,加入对比 ,145
物联网工程,吉林大学,611,614,河南,理科,2015,第一批,加入对比 ,145
自动化,吉林大学,611,619,河南,理科,2015,第一批,加入对比 ,145
法学,吉林大学,611,614,河南,理科,2015,第一批,加入对比 ,145
临床药学,吉林大学,611,613,河南,理科,2015,第一批,加入对比 ,145
会计学,吉林大学,613,621,河南,理科,2015,第一批,加入对比 ,145
金融学,吉林大学,613,615,河南,理科,2015,第一批,加入对比 ,145
核物理,吉林大学,613,622,河南,理科,2015,第一批,加入对比 ,145
化学,吉林大学,616,621,河南,理科,2015,第一批,加入对比 ,145
应用化学,吉林大学,619,621,河南,理科,2015,第一批,加入对比 ,145
车辆工程,吉林大学,624,630,河南,理科,2015,第一批,加入对比 ,145
微电子科学与工程,吉林大学珠海学院,445,450,河南,理科,2015,第三批,加入对比 ,145
制药工程,吉林大学珠海学院,450,452,河南,理科,2015,第三批,加入对比 ,145
计算机科学与技术,吉林大学珠海学院,451,454,河南,理科,2015,第三批,加入对比 ,145
汽车服务工程,吉林大学珠海学院,452,456,河南,理科,2015,第三批,加入对比 ,145
软件工程,吉林大学珠海学院,452,455,河南,理科,2015,第三批,加入对比 ,145
英语,吉林大学珠海学院,453,453,河南,文科,2015,第三批,加入对比 ,145
应用化学,吉林大学珠海学院,453,455,河南,理科,2015,第三批,加入对比 ,145
日语,吉林大学珠海学院,454,454,河南,文科,2015,第三批,加入对比 ,145
汉语言文学,吉林大学珠海学院,454,454,河南,文科,2015,第三批,加入对比 ,145
通信工程,吉林大学珠海学院,454,456,河南,理科,2015,第三批,加入对比 ,145
机械设计制造及其自动化,吉林大学珠海学院,456,459,河南,理科,2015,第三批,加入对比 ,145
建筑学,吉林大学珠海学院,458,458,河南,理科,2015,第三批,加入对比 ,145
会计学,吉林大学珠海学院,458,458,河南,文科,2015,第三批,加入对比 ,145
车辆工程,吉林大学珠海学院,459,470,河南,理科,2015,第三批,加入对比 ,145
英语,吉林大学珠海学院,460,460,河南,理科,2015,第三批,加入对比 ,145
会计学,吉林大学珠海学院,465,465,河南,理科,2015,第三批,加入对比 ,145
金融学,吉林大学珠海学院,468,468,河南,文科,2015,第三批,加入对比 ,145
广告学,吉林大学珠海学院,481,481,河南,文科,2015,第三批,加入对比 ,145
金融学,吉林大学珠海学院,484,484,河南,理科,2015,第三批,加入对比 ,145
水文与水资源工程,吉林大学,634,640,海南,理科,2015,第一批,加入对比 ,145
材料成型及控制工程,吉林大学,649,677,海南,理科,2015,第一批,加入对比 ,145
机械工程,吉林大学,651,670,海南,理科,2015,第一批,加入对比 ,145
地质学,吉林大学,656,682,海南,理科,2015,第一批,加入对比 ,145
应用化学,吉林大学,676,703,海南,理科,2015,第一批,加入对比 ,145
地质工程,吉林大学,679,685,海南,理科,2015,第一批,加入对比 ,145
通信工程,吉林大学,689,694,海南,理科,2015,第一批,加入对比 ,145
测控技术与仪器,吉林大学,692,706,海南,理科,2015,第一批,加入对比 ,145
计算机科学与技术,吉林大学,694,696,海南,理科,2015,第一批,加入对比 ,145
信息管理与信息系统,吉林大学,697,706,海南,理科,2015,第一批,加入对比 ,145
自动化,吉林大学,700,713,海南,理科,2015,第一批,加入对比 ,145
汽车服务工程,吉林大学,700,711,海南,理科,2015,第一批,加入对比 ,145
化学,吉林大学,700,719,海南,理科,2015,第一批,加入对比 ,145
信息工程,吉林大学,707,707,海南,理科,2015,第一批,加入对比 ,145
信息与计算科学,吉林大学,707,708,海南,理科,2015,第一批,加入对比 ,145
工商管理,吉林大学,708,737,海南,理科,2015,第一批,加入对比 ,145
数学与应用数学,吉林大学,710,713,海南,理科,2015,第一批,加入对比 ,145
微电子科学与工程,吉林大学,713,719,海南,理科,2015,第一批,加入对比 ,145
软件工程,吉林大学,716,724,海南,理科,2015,第一批,加入对比 ,145
土木工程,吉林大学,719,730,海南,理科,2015,第一批,加入对比 ,145
法学,吉林大学,721,733,海南,理科,2015,第一批,加入对比 ,145
经济学,吉林大学,723,724,海南,理科,2015,第一批,加入对比 ,145
电子科学与技术,吉林大学,727,743,海南,理科,2015,第一批,加入对比 ,145
会计学,吉林大学,740,746,海南,理科,2015,第一批,加入对比 ,145
车辆工程,吉林大学,749,750,海南,理科,2015,第一批,加入对比 ,145
汉语言文学,吉林大学,758,759,海南,文科,2015,第一批,加入对比 ,145
新闻学,吉林大学,761,764,海南,文科,2015,第一批,加入对比 ,145
金融学,吉林大学,764,765,海南,文科,2015,第一批,加入对比 ,145
政治学与行政学,吉林大学,765,772,海南,文科,2015,第一批,加入对比 ,145
法学,吉林大学,781,789,海南,文科,2015,第一批,加入对比 ,145
测控技术与仪器,吉林大学珠海学院,551,554,海南,理科,2015,第二批,加入对比 ,145
化学工程与工艺,吉林大学珠海学院,553,553,海南,理科,2015,第二批,加入对比 ,145
药物制剂,吉林大学珠海学院,554,555,海南,理科,2015,第二批,加入对比 ,145
自动化,吉林大学珠海学院,554,556,海南,理科,2015,第二批,加入对比 ,145
网络工程,吉林大学珠海学院,558,559,海南,理科,2015,第二批,加入对比 ,145
工业工程,吉林大学珠海学院,558,560,海南,理科,2015,第二批,加入对比 ,145
车辆工程,吉林大学珠海学院,561,561,海南,理科,2015,第二批,加入对比 ,145
机械设计制造及其自动化,吉林大学珠海学院,561,567,海南,理科,2015,第二批,加入对比 ,145
城乡规划,吉林大学珠海学院,564,564,海南,理科,2015,第二批,加入对比 ,145
制药工程,吉林大学珠海学院,564,565,海南,理科,2015,第二批,加入对比 ,145
计算机科学与技术,吉林大学珠海学院,564,566,海南,理科,2015,第二批,加入对比 ,145
通信工程,吉林大学珠海学院,566,576,海南,理科,2015,第二批,加入对比 ,145
建筑学,吉林大学珠海学院,568,568,海南,理科,2015,第二批,加入对比 ,145
软件工程,吉林大学珠海学院,570,571,海南,理科,2015,第二批,加入对比 ,145
汽车服务工程,吉林大学珠海学院,577,582,海南,理科,2015,第二批,加入对比 ,145
会计学,吉林大学珠海学院,594,594,海南,理科,2015,第二批,加入对比 ,145
金融学,吉林大学珠海学院,614,614,海南,理科,2015,第二批,加入对比 ,145
广告学,吉林大学珠海学院,618,618,海南,文科,2015,第二批,加入对比 ,145
金融学,吉林大学珠海学院,699,699,海南,文科,2015,第二批,加入对比 ,145
会计学,吉林大学珠海学院,708,708,海南,文科,2015,第二批,加入对比 ,145
信息管理与信息系统,吉林大学,548,555,广西,理科,2015,第一批,加入对比 ,145
计算机科学与技术,吉林大学,606,617,河南,理科,2015,第一批,加入对比 ,146
材料科学与工程,吉林大学,606,610,河南,理科,2015,第一批,加入对比 ,146
工商管理,吉林大学,606,616,河南,理科,2015,第一批,加入对比 ,146
工程管理,吉林大学,606,607,河南,理科,2015,第一批,加入对比 ,146
信息管理与信息系统,吉林大学,607,622,河南,理科,2015,第一批,加入对比 ,146
财政学,吉林大学,607,609,河南,理科,2015,第一批,加入对比 ,146
软件工程,吉林大学,607,614,河南,理科,2015,第一批,加入对比 ,146
放射医学,吉林大学,607,611,河南,理科,2015,第一批,加入对比 ,146
微电子科学与工程,吉林大学,607,612,河南,理科,2015,第一批,加入对比 ,146
化学工程与工艺,吉林大学,608,609,河南,理科,2015,第一批,加入对比 ,146
交通工程,吉林大学,608,614,河南,理科,2015,第一批,加入对比 ,146
高分子材料与工程,吉林大学,608,612,河南,理科,2015,第一批,加入对比 ,146
信息与计算科学,吉林大学,608,615,河南,理科,2015,第一批,加入对比 ,146
电子信息工程,吉林大学,609,613,河南,理科,2015,第一批,加入对比 ,146
通信工程,吉林大学,609,613,河南,理科,2015,第一批,加入对比 ,146
数学与应用数学,吉林大学,609,610,河南,理科,2015,第一批,加入对比 ,146
电子科学与技术,吉林大学,609,610,河南,理科,2015,第一批,加入对比 ,146
统计学,吉林大学,609,611,河南,理科,2015,第一批,加入对比 ,146
土木工程,吉林大学,609,613,河南,理科,2015,第一批,加入对比 ,146
物理学,吉林大学,610,617,河南,理科,2015,第一批,加入对比 ,146
物联网工程,吉林大学,611,614,河南,理科,2015,第一批,加入对比 ,146
自动化,吉林大学,611,619,河南,理科,2015,第一批,加入对比 ,146
法学,吉林大学,611,614,河南,理科,2015,第一批,加入对比 ,146
临床药学,吉林大学,611,613,河南,理科,2015,第一批,加入对比 ,146
会计学,吉林大学,613,621,河南,理科,2015,第一批,加入对比 ,146
金融学,吉林大学,613,615,河南,理科,2015,第一批,加入对比 ,146
核物理,吉林大学,613,622,河南,理科,2015,第一批,加入对比 ,146
化学,吉林大学,616,621,河南,理科,2015,第一批,加入对比 ,146
应用化学,吉林大学,619,621,河南,理科,2015,第一批,加入对比 ,146
车辆工程,吉林大学,624,630,河南,理科,2015,第一批,加入对比 ,146
微电子科学与工程,吉林大学珠海学院,445,450,河南,理科,2015,第三批,加入对比 ,146
制药工程,吉林大学珠海学院,450,452,河南,理科,2015,第三批,加入对比 ,146
计算机科学与技术,吉林大学珠海学院,451,454,河南,理科,2015,第三批,加入对比 ,146
汽车服务工程,吉林大学珠海学院,452,456,河南,理科,2015,第三批,加入对比 ,146
软件工程,吉林大学珠海学院,452,455,河南,理科,2015,第三批,加入对比 ,146
英语,吉林大学珠海学院,453,453,河南,文科,2015,第三批,加入对比 ,146
应用化学,吉林大学珠海学院,453,455,河南,理科,2015,第三批,加入对比 ,146
日语,吉林大学珠海学院,454,454,河南,文科,2015,第三批,加入对比 ,146
汉语言文学,吉林大学珠海学院,454,454,河南,文科,2015,第三批,加入对比 ,146
通信工程,吉林大学珠海学院,454,456,河南,理科,2015,第三批,加入对比 ,146
机械设计制造及其自动化,吉林大学珠海学院,456,459,河南,理科,2015,第三批,加入对比 ,146
建筑学,吉林大学珠海学院,458,458,河南,理科,2015,第三批,加入对比 ,146
会计学,吉林大学珠海学院,458,458,河南,文科,2015,第三批,加入对比 ,146
车辆工程,吉林大学珠海学院,459,470,河南,理科,2015,第三批,加入对比 ,146
英语,吉林大学珠海学院,460,460,河南,理科,2015,第三批,加入对比 ,146
会计学,吉林大学珠海学院,465,465,河南,理科,2015,第三批,加入对比 ,146
金融学,吉林大学珠海学院,468,468,河南,文科,2015,第三批,加入对比 ,146
广告学,吉林大学珠海学院,481,481,河南,文科,2015,第三批,加入对比 ,146
金融学,吉林大学珠海学院,484,484,河南,理科,2015,第三批,加入对比 ,146
水文与水资源工程,吉林大学,634,640,海南,理科,2015,第一批,加入对比 ,146
材料成型及控制工程,吉林大学,649,677,海南,理科,2015,第一批,加入对比 ,146
机械工程,吉林大学,651,670,海南,理科,2015,第一批,加入对比 ,146
地质学,吉林大学,656,682,海南,理科,2015,第一批,加入对比 ,146
应用化学,吉林大学,676,703,海南,理科,2015,第一批,加入对比 ,146
地质工程,吉林大学,679,685,海南,理科,2015,第一批,加入对比 ,146
通信工程,吉林大学,689,694,海南,理科,2015,第一批,加入对比 ,146
测控技术与仪器,吉林大学,692,706,海南,理科,2015,第一批,加入对比 ,146
计算机科学与技术,吉林大学,694,696,海南,理科,2015,第一批,加入对比 ,146
信息管理与信息系统,吉林大学,697,706,海南,理科,2015,第一批,加入对比 ,146
自动化,吉林大学,700,713,海南,理科,2015,第一批,加入对比 ,146
汽车服务工程,吉林大学,700,711,海南,理科,2015,第一批,加入对比 ,146
化学,吉林大学,700,719,海南,理科,2015,第一批,加入对比 ,146
信息工程,吉林大学,707,707,海南,理科,2015,第一批,加入对比 ,146
信息与计算科学,吉林大学,707,708,海南,理科,2015,第一批,加入对比 ,146
工商管理,吉林大学,708,737,海南,理科,2015,第一批,加入对比 ,146
数学与应用数学,吉林大学,710,713,海南,理科,2015,第一批,加入对比 ,146
微电子科学与工程,吉林大学,713,719,海南,理科,2015,第一批,加入对比 ,146
软件工程,吉林大学,716,724,海南,理科,2015,第一批,加入对比 ,146
土木工程,吉林大学,719,730,海南,理科,2015,第一批,加入对比 ,146
法学,吉林大学,721,733,海南,理科,2015,第一批,加入对比 ,146
经济学,吉林大学,723,724,海南,理科,2015,第一批,加入对比 ,146
电子科学与技术,吉林大学,727,743,海南,理科,2015,第一批,加入对比 ,146
会计学,吉林大学,740,746,海南,理科,2015,第一批,加入对比 ,146
车辆工程,吉林大学,749,750,海南,理科,2015,第一批,加入对比 ,146
汉语言文学,吉林大学,758,759,海南,文科,2015,第一批,加入对比 ,146
新闻学,吉林大学,761,764,海南,文科,2015,第一批,加入对比 ,146
金融学,吉林大学,764,765,海南,文科,2015,第一批,加入对比 ,146
政治学与行政学,吉林大学,765,772,海南,文科,2015,第一批,加入对比 ,146
法学,吉林大学,781,789,海南,文科,2015,第一批,加入对比 ,146
测控技术与仪器,吉林大学珠海学院,551,554,海南,理科,2015,第二批,加入对比 ,146
化学工程与工艺,吉林大学珠海学院,553,553,海南,理科,2015,第二批,加入对比 ,146
药物制剂,吉林大学珠海学院,554,555,海南,理科,2015,第二批,加入对比 ,146
自动化,吉林大学珠海学院,554,556,海南,理科,2015,第二批,加入对比 ,146
网络工程,吉林大学珠海学院,558,559,海南,理科,2015,第二批,加入对比 ,146
工业工程,吉林大学珠海学院,558,560,海南,理科,2015,第二批,加入对比 ,146
车辆工程,吉林大学珠海学院,561,561,海南,理科,2015,第二批,加入对比 ,146
机械设计制造及其自动化,吉林大学珠海学院,561,567,海南,理科,2015,第二批,加入对比 ,146
城乡规划,吉林大学珠海学院,564,564,海南,理科,2015,第二批,加入对比 ,146
制药工程,吉林大学珠海学院,564,565,海南,理科,2015,第二批,加入对比 ,146
计算机科学与技术,吉林大学珠海学院,564,566,海南,理科,2015,第二批,加入对比 ,146
通信工程,吉林大学珠海学院,566,576,海南,理科,2015,第二批,加入对比 ,146
建筑学,吉林大学珠海学院,568,568,海南,理科,2015,第二批,加入对比 ,146
软件工程,吉林大学珠海学院,570,571,海南,理科,2015,第二批,加入对比 ,146
汽车服务工程,吉林大学珠海学院,577,582,海南,理科,2015,第二批,加入对比 ,146
会计学,吉林大学珠海学院,594,594,海南,理科,2015,第二批,加入对比 ,146
金融学,吉林大学珠海学院,614,614,海南,理科,2015,第二批,加入对比 ,146
广告学,吉林大学珠海学院,618,618,海南,文科,2015,第二批,加入对比 ,146
金融学,吉林大学珠海学院,699,699,海南,文科,2015,第二批,加入对比 ,146
会计学,吉林大学珠海学院,708,708,海南,文科,2015,第二批,加入对比 ,146
信息管理与信息系统,吉林大学,548,555,广西,理科,2015,第一批,加入对比 ,146
地质学,吉林大学,548,550,广西,理科,2015,第一批,加入对比 ,146
生物医学工程,吉林大学,549,551,广西,理科,2015,第一批,加入对比 ,146
环境工程,吉林大学,549,563,广西,理科,2015,第一批,加入对比 ,146
工业工程,吉林大学,551,555,广西,理科,2015,第一批,加入对比 ,146
农业机械化及其自动化,吉林大学,551,562,广西,理科,2015,第一批,加入对比 ,146
地质工程,吉林大学,551,558,广西,理科,2015,第一批,加入对比 ,146
资源勘查工程,吉林大学,552,555,广西,理科,2015,第一批,加入对比 ,146
水文与水资源工程,吉林大学,552,554,广西,理科,2015,第一批,加入对比 ,146
放射医学,吉林大学,552,553,广西,理科,2015,第一批,加入对比 ,146
道路桥梁与渡河工程,吉林大学,554,555,广西,理科,2015,第一批,加入对比 ,146
预防医学,吉林大学,556,559,广西,理科,2015,第一批,加入对比 ,146
地下水科学与工程,吉林大学,556,586,广西,理科,2015,第一批,加入对比 ,146
土地资源管理,吉林大学,558,563,广西,理科,2015,第一批,加入对比 ,146
生物科学,吉林大学,558,560,广西,理科,2015,第一批,加入对比 ,146
应用物理学,吉林大学,558,559,广西,理科,2015,第一批,加入对比 ,146
包装工程,吉林大学,559,566,广西,理科,2015,第一批,加入对比 ,146
信息与计算科学,吉林大学,559,564,广西,理科,2015,第一批,加入对比 ,146
信息工程,吉林大学,560,561,广西,理科,2015,第一批,加入对比 ,146
工程力学,吉林大学,560,566,广西,理科,2015,第一批,加入对比 ,146
物流工程,吉林大学,561,576,广西,理科,2015,第一批,加入对比 ,146
食品科学与工程,吉林大学,561,561,广西,理科,2015,第一批,加入对比 ,146
土木工程,吉林大学,562,565,广西,理科,2015,第一批,加入对比 ,146
物理学,吉林大学,563,569,广西,理科,2015,第一批,加入对比 ,146
计算机科学与技术,吉林大学,564,572,广西,理科,2015,第一批,加入对比 ,146
通信工程,吉林大学,564,569,广西,理科,2015,第一批,加入对比 ,146
金融学,吉林大学,613,615,河南,理科,2015,第一批,加入对比 ,147
核物理,吉林大学,613,622,河南,理科,2015,第一批,加入对比 ,147
化学,吉林大学,616,621,河南,理科,2015,第一批,加入对比 ,147
应用化学,吉林大学,619,621,河南,理科,2015,第一批,加入对比 ,147
车辆工程,吉林大学,624,630,河南,理科,2015,第一批,加入对比 ,147
微电子科学与工程,吉林大学珠海学院,445,450,河南,理科,2015,第三批,加入对比 ,147
制药工程,吉林大学珠海学院,450,452,河南,理科,2015,第三批,加入对比 ,147
计算机科学与技术,吉林大学珠海学院,451,454,河南,理科,2015,第三批,加入对比 ,147
汽车服务工程,吉林大学珠海学院,452,456,河南,理科,2015,第三批,加入对比 ,147
软件工程,吉林大学珠海学院,452,455,河南,理科,2015,第三批,加入对比 ,147
英语,吉林大学珠海学院,453,453,河南,文科,2015,第三批,加入对比 ,147
应用化学,吉林大学珠海学院,453,455,河南,理科,2015,第三批,加入对比 ,147
日语,吉林大学珠海学院,454,454,河南,文科,2015,第三批,加入对比 ,147
汉语言文学,吉林大学珠海学院,454,454,河南,文科,2015,第三批,加入对比 ,147
通信工程,吉林大学珠海学院,454,456,河南,理科,2015,第三批,加入对比 ,147
机械设计制造及其自动化,吉林大学珠海学院,456,459,河南,理科,2015,第三批,加入对比 ,147
建筑学,吉林大学珠海学院,458,458,河南,理科,2015,第三批,加入对比 ,147
会计学,吉林大学珠海学院,458,458,河南,文科,2015,第三批,加入对比 ,147
车辆工程,吉林大学珠海学院,459,470,河南,理科,2015,第三批,加入对比 ,147
英语,吉林大学珠海学院,460,460,河南,理科,2015,第三批,加入对比 ,147
会计学,吉林大学珠海学院,465,465,河南,理科,2015,第三批,加入对比 ,147
金融学,吉林大学珠海学院,468,468,河南,文科,2015,第三批,加入对比 ,147
广告学,吉林大学珠海学院,481,481,河南,文科,2015,第三批,加入对比 ,147
金融学,吉林大学珠海学院,484,484,河南,理科,2015,第三批,加入对比 ,147
水文与水资源工程,吉林大学,634,640,海南,理科,2015,第一批,加入对比 ,147
材料成型及控制工程,吉林大学,649,677,海南,理科,2015,第一批,加入对比 ,147
机械工程,吉林大学,651,670,海南,理科,2015,第一批,加入对比 ,147
地质学,吉林大学,656,682,海南,理科,2015,第一批,加入对比 ,147
应用化学,吉林大学,676,703,海南,理科,2015,第一批,加入对比 ,147
地质工程,吉林大学,679,685,海南,理科,2015,第一批,加入对比 ,147
通信工程,吉林大学,689,694,海南,理科,2015,第一批,加入对比 ,147
测控技术与仪器,吉林大学,692,706,海南,理科,2015,第一批,加入对比 ,147
计算机科学与技术,吉林大学,694,696,海南,理科,2015,第一批,加入对比 ,147
信息管理与信息系统,吉林大学,697,706,海南,理科,2015,第一批,加入对比 ,147
自动化,吉林大学,700,713,海南,理科,2015,第一批,加入对比 ,147
汽车服务工程,吉林大学,700,711,海南,理科,2015,第一批,加入对比 ,147
化学,吉林大学,700,719,海南,理科,2015,第一批,加入对比 ,147
信息工程,吉林大学,707,707,海南,理科,2015,第一批,加入对比 ,147
信息与计算科学,吉林大学,707,708,海南,理科,2015,第一批,加入对比 ,147
工商管理,吉林大学,708,737,海南,理科,2015,第一批,加入对比 ,147
数学与应用数学,吉林大学,710,713,海南,理科,2015,第一批,加入对比 ,147
微电子科学与工程,吉林大学,713,719,海南,理科,2015,第一批,加入对比 ,147
软件工程,吉林大学,716,724,海南,理科,2015,第一批,加入对比 ,147
土木工程,吉林大学,719,730,海南,理科,2015,第一批,加入对比 ,147
法学,吉林大学,721,733,海南,理科,2015,第一批,加入对比 ,147
经济学,吉林大学,723,724,海南,理科,2015,第一批,加入对比 ,147
电子科学与技术,吉林大学,727,743,海南,理科,2015,第一批,加入对比 ,147
会计学,吉林大学,740,746,海南,理科,2015,第一批,加入对比 ,147
车辆工程,吉林大学,749,750,海南,理科,2015,第一批,加入对比 ,147
汉语言文学,吉林大学,758,759,海南,文科,2015,第一批,加入对比 ,147
新闻学,吉林大学,761,764,海南,文科,2015,第一批,加入对比 ,147
金融学,吉林大学,764,765,海南,文科,2015,第一批,加入对比 ,147
政治学与行政学,吉林大学,765,772,海南,文科,2015,第一批,加入对比 ,147
法学,吉林大学,781,789,海南,文科,2015,第一批,加入对比 ,147
测控技术与仪器,吉林大学珠海学院,551,554,海南,理科,2015,第二批,加入对比 ,147
化学工程与工艺,吉林大学珠海学院,553,553,海南,理科,2015,第二批,加入对比 ,147
药物制剂,吉林大学珠海学院,554,555,海南,理科,2015,第二批,加入对比 ,147
自动化,吉林大学珠海学院,554,556,海南,理科,2015,第二批,加入对比 ,147
网络工程,吉林大学珠海学院,558,559,海南,理科,2015,第二批,加入对比 ,147
工业工程,吉林大学珠海学院,558,560,海南,理科,2015,第二批,加入对比 ,147
车辆工程,吉林大学珠海学院,561,561,海南,理科,2015,第二批,加入对比 ,147
机械设计制造及其自动化,吉林大学珠海学院,561,567,海南,理科,2015,第二批,加入对比 ,147
城乡规划,吉林大学珠海学院,564,564,海南,理科,2015,第二批,加入对比 ,147
制药工程,吉林大学珠海学院,564,565,海南,理科,2015,第二批,加入对比 ,147
计算机科学与技术,吉林大学珠海学院,564,566,海南,理科,2015,第二批,加入对比 ,147
通信工程,吉林大学珠海学院,566,576,海南,理科,2015,第二批,加入对比 ,147
建筑学,吉林大学珠海学院,568,568,海南,理科,2015,第二批,加入对比 ,147
软件工程,吉林大学珠海学院,570,571,海南,理科,2015,第二批,加入对比 ,147
汽车服务工程,吉林大学珠海学院,577,582,海南,理科,2015,第二批,加入对比 ,147
会计学,吉林大学珠海学院,594,594,海南,理科,2015,第二批,加入对比 ,147
金融学,吉林大学珠海学院,614,614,海南,理科,2015,第二批,加入对比 ,147
广告学,吉林大学珠海学院,618,618,海南,文科,2015,第二批,加入对比 ,147
金融学,吉林大学珠海学院,699,699,海南,文科,2015,第二批,加入对比 ,147
会计学,吉林大学珠海学院,708,708,海南,文科,2015,第二批,加入对比 ,147
信息管理与信息系统,吉林大学,548,555,广西,理科,2015,第一批,加入对比 ,147
地质学,吉林大学,548,550,广西,理科,2015,第一批,加入对比 ,147
生物医学工程,吉林大学,549,551,广西,理科,2015,第一批,加入对比 ,147
环境工程,吉林大学,549,563,广西,理科,2015,第一批,加入对比 ,147
工业工程,吉林大学,551,555,广西,理科,2015,第一批,加入对比 ,147
农业机械化及其自动化,吉林大学,551,562,广西,理科,2015,第一批,加入对比 ,147
地质工程,吉林大学,551,558,广西,理科,2015,第一批,加入对比 ,147
资源勘查工程,吉林大学,552,555,广西,理科,2015,第一批,加入对比 ,147
水文与水资源工程,吉林大学,552,554,广西,理科,2015,第一批,加入对比 ,147
放射医学,吉林大学,552,553,广西,理科,2015,第一批,加入对比 ,147
道路桥梁与渡河工程,吉林大学,554,555,广西,理科,2015,第一批,加入对比 ,147
预防医学,吉林大学,556,559,广西,理科,2015,第一批,加入对比 ,147
地下水科学与工程,吉林大学,556,586,广西,理科,2015,第一批,加入对比 ,147
土地资源管理,吉林大学,558,563,广西,理科,2015,第一批,加入对比 ,147
生物科学,吉林大学,558,560,广西,理科,2015,第一批,加入对比 ,147
应用物理学,吉林大学,558,559,广西,理科,2015,第一批,加入对比 ,147
包装工程,吉林大学,559,566,广西,理科,2015,第一批,加入对比 ,147
信息与计算科学,吉林大学,559,564,广西,理科,2015,第一批,加入对比 ,147
信息工程,吉林大学,560,561,广西,理科,2015,第一批,加入对比 ,147
工程力学,吉林大学,560,566,广西,理科,2015,第一批,加入对比 ,147
物流工程,吉林大学,561,576,广西,理科,2015,第一批,加入对比 ,147
食品科学与工程,吉林大学,561,561,广西,理科,2015,第一批,加入对比 ,147
土木工程,吉林大学,562,565,广西,理科,2015,第一批,加入对比 ,147
物理学,吉林大学,563,569,广西,理科,2015,第一批,加入对比 ,147
计算机科学与技术,吉林大学,564,572,广西,理科,2015,第一批,加入对比 ,147
通信工程,吉林大学,564,569,广西,理科,2015,第一批,加入对比 ,147
材料成型及控制工程,吉林大学,649,677,海南,理科,2015,第一批,加入对比 ,148
机械工程,吉林大学,651,670,海南,理科,2015,第一批,加入对比 ,148
地质学,吉林大学,656,682,海南,理科,2015,第一批,加入对比 ,148
应用化学,吉林大学,676,703,海南,理科,2015,第一批,加入对比 ,148
地质工程,吉林大学,679,685,海南,理科,2015,第一批,加入对比 ,148
通信工程,吉林大学,689,694,海南,理科,2015,第一批,加入对比 ,148
测控技术与仪器,吉林大学,692,706,海南,理科,2015,第一批,加入对比 ,148
计算机科学与技术,吉林大学,694,696,海南,理科,2015,第一批,加入对比 ,148
信息管理与信息系统,吉林大学,697,706,海南,理科,2015,第一批,加入对比 ,148
自动化,吉林大学,700,713,海南,理科,2015,第一批,加入对比 ,148
汽车服务工程,吉林大学,700,711,海南,理科,2015,第一批,加入对比 ,148
化学,吉林大学,700,719,海南,理科,2015,第一批,加入对比 ,148
信息工程,吉林大学,707,707,海南,理科,2015,第一批,加入对比 ,148
信息与计算科学,吉林大学,707,708,海南,理科,2015,第一批,加入对比 ,148
工商管理,吉林大学,708,737,海南,理科,2015,第一批,加入对比 ,148
数学与应用数学,吉林大学,710,713,海南,理科,2015,第一批,加入对比 ,148
微电子科学与工程,吉林大学,713,719,海南,理科,2015,第一批,加入对比 ,148
软件工程,吉林大学,716,724,海南,理科,2015,第一批,加入对比 ,148
土木工程,吉林大学,719,730,海南,理科,2015,第一批,加入对比 ,148
法学,吉林大学,721,733,海南,理科,2015,第一批,加入对比 ,148
经济学,吉林大学,723,724,海南,理科,2015,第一批,加入对比 ,148
电子科学与技术,吉林大学,727,743,海南,理科,2015,第一批,加入对比 ,148
会计学,吉林大学,740,746,海南,理科,2015,第一批,加入对比 ,148
车辆工程,吉林大学,749,750,海南,理科,2015,第一批,加入对比 ,148
汉语言文学,吉林大学,758,759,海南,文科,2015,第一批,加入对比 ,148
新闻学,吉林大学,761,764,海南,文科,2015,第一批,加入对比 ,148
金融学,吉林大学,764,765,海南,文科,2015,第一批,加入对比 ,148
政治学与行政学,吉林大学,765,772,海南,文科,2015,第一批,加入对比 ,148
法学,吉林大学,781,789,海南,文科,2015,第一批,加入对比 ,148
测控技术与仪器,吉林大学珠海学院,551,554,海南,理科,2015,第二批,加入对比 ,148
化学工程与工艺,吉林大学珠海学院,553,553,海南,理科,2015,第二批,加入对比 ,148
药物制剂,吉林大学珠海学院,554,555,海南,理科,2015,第二批,加入对比 ,148
自动化,吉林大学珠海学院,554,556,海南,理科,2015,第二批,加入对比 ,148
网络工程,吉林大学珠海学院,558,559,海南,理科,2015,第二批,加入对比 ,148
工业工程,吉林大学珠海学院,558,560,海南,理科,2015,第二批,加入对比 ,148
车辆工程,吉林大学珠海学院,561,561,海南,理科,2015,第二批,加入对比 ,148
机械设计制造及其自动化,吉林大学珠海学院,561,567,海南,理科,2015,第二批,加入对比 ,148
城乡规划,吉林大学珠海学院,564,564,海南,理科,2015,第二批,加入对比 ,148
制药工程,吉林大学珠海学院,564,565,海南,理科,2015,第二批,加入对比 ,148
计算机科学与技术,吉林大学珠海学院,564,566,海南,理科,2015,第二批,加入对比 ,148
通信工程,吉林大学珠海学院,566,576,海南,理科,2015,第二批,加入对比 ,148
建筑学,吉林大学珠海学院,568,568,海南,理科,2015,第二批,加入对比 ,148
软件工程,吉林大学珠海学院,570,571,海南,理科,2015,第二批,加入对比 ,148
汽车服务工程,吉林大学珠海学院,577,582,海南,理科,2015,第二批,加入对比 ,148
会计学,吉林大学珠海学院,594,594,海南,理科,2015,第二批,加入对比 ,148
金融学,吉林大学珠海学院,614,614,海南,理科,2015,第二批,加入对比 ,148
广告学,吉林大学珠海学院,618,618,海南,文科,2015,第二批,加入对比 ,148
金融学,吉林大学珠海学院,699,699,海南,文科,2015,第二批,加入对比 ,148
会计学,吉林大学珠海学院,708,708,海南,文科,2015,第二批,加入对比 ,148
信息管理与信息系统,吉林大学,548,555,广西,理科,2015,第一批,加入对比 ,148
地质学,吉林大学,548,550,广西,理科,2015,第一批,加入对比 ,148
生物医学工程,吉林大学,549,551,广西,理科,2015,第一批,加入对比 ,148
环境工程,吉林大学,549,563,广西,理科,2015,第一批,加入对比 ,148
工业工程,吉林大学,551,555,广西,理科,2015,第一批,加入对比 ,148
农业机械化及其自动化,吉林大学,551,562,广西,理科,2015,第一批,加入对比 ,148
地质工程,吉林大学,551,558,广西,理科,2015,第一批,加入对比 ,148
资源勘查工程,吉林大学,552,555,广西,理科,2015,第一批,加入对比 ,148
水文与水资源工程,吉林大学,552,554,广西,理科,2015,第一批,加入对比 ,148
放射医学,吉林大学,552,553,广西,理科,2015,第一批,加入对比 ,148
道路桥梁与渡河工程,吉林大学,554,555,广西,理科,2015,第一批,加入对比 ,148
预防医学,吉林大学,556,559,广西,理科,2015,第一批,加入对比 ,148
地下水科学与工程,吉林大学,556,586,广西,理科,2015,第一批,加入对比 ,148
土地资源管理,吉林大学,558,563,广西,理科,2015,第一批,加入对比 ,148
生物科学,吉林大学,558,560,广西,理科,2015,第一批,加入对比 ,148
应用物理学,吉林大学,558,559,广西,理科,2015,第一批,加入对比 ,148
包装工程,吉林大学,559,566,广西,理科,2015,第一批,加入对比 ,148
信息与计算科学,吉林大学,559,564,广西,理科,2015,第一批,加入对比 ,148
信息工程,吉林大学,560,561,广西,理科,2015,第一批,加入对比 ,148
工程力学,吉林大学,560,566,广西,理科,2015,第一批,加入对比 ,148
物流工程,吉林大学,561,576,广西,理科,2015,第一批,加入对比 ,148
食品科学与工程,吉林大学,561,561,广西,理科,2015,第一批,加入对比 ,148
土木工程,吉林大学,562,565,广西,理科,2015,第一批,加入对比 ,148
物理学,吉林大学,563,569,广西,理科,2015,第一批,加入对比 ,148
计算机科学与技术,吉林大学,564,572,广西,理科,2015,第一批,加入对比 ,148
通信工程,吉林大学,564,569,广西,理科,2015,第一批,加入对比 ,148
新闻学,吉林大学,761,764,海南,文科,2015,第一批,加入对比 ,149
金融学,吉林大学,764,765,海南,文科,2015,第一批,加入对比 ,149
政治学与行政学,吉林大学,765,772,海南,文科,2015,第一批,加入对比 ,149
法学,吉林大学,781,789,海南,文科,2015,第一批,加入对比 ,149
测控技术与仪器,吉林大学珠海学院,551,554,海南,理科,2015,第二批,加入对比 ,149
化学工程与工艺,吉林大学珠海学院,553,553,海南,理科,2015,第二批,加入对比 ,149
药物制剂,吉林大学珠海学院,554,555,海南,理科,2015,第二批,加入对比 ,149
自动化,吉林大学珠海学院,554,556,海南,理科,2015,第二批,加入对比 ,149
网络工程,吉林大学珠海学院,558,559,海南,理科,2015,第二批,加入对比 ,149
工业工程,吉林大学珠海学院,558,560,海南,理科,2015,第二批,加入对比 ,149
车辆工程,吉林大学珠海学院,561,561,海南,理科,2015,第二批,加入对比 ,149
机械设计制造及其自动化,吉林大学珠海学院,561,567,海南,理科,2015,第二批,加入对比 ,149
城乡规划,吉林大学珠海学院,564,564,海南,理科,2015,第二批,加入对比 ,149
制药工程,吉林大学珠海学院,564,565,海南,理科,2015,第二批,加入对比 ,149
计算机科学与技术,吉林大学珠海学院,564,566,海南,理科,2015,第二批,加入对比 ,149
通信工程,吉林大学珠海学院,566,576,海南,理科,2015,第二批,加入对比 ,149
建筑学,吉林大学珠海学院,568,568,海南,理科,2015,第二批,加入对比 ,149
软件工程,吉林大学珠海学院,570,571,海南,理科,2015,第二批,加入对比 ,149
汽车服务工程,吉林大学珠海学院,577,582,海南,理科,2015,第二批,加入对比 ,149
会计学,吉林大学珠海学院,594,594,海南,理科,2015,第二批,加入对比 ,149
金融学,吉林大学珠海学院,614,614,海南,理科,2015,第二批,加入对比 ,149
广告学,吉林大学珠海学院,618,618,海南,文科,2015,第二批,加入对比 ,149
金融学,吉林大学珠海学院,699,699,海南,文科,2015,第二批,加入对比 ,149
会计学,吉林大学珠海学院,708,708,海南,文科,2015,第二批,加入对比 ,149
信息管理与信息系统,吉林大学,548,555,广西,理科,2015,第一批,加入对比 ,149
地质学,吉林大学,548,550,广西,理科,2015,第一批,加入对比 ,149
生物医学工程,吉林大学,549,551,广西,理科,2015,第一批,加入对比 ,149
环境工程,吉林大学,549,563,广西,理科,2015,第一批,加入对比 ,149
工业工程,吉林大学,551,555,广西,理科,2015,第一批,加入对比 ,149
农业机械化及其自动化,吉林大学,551,562,广西,理科,2015,第一批,加入对比 ,149
地质工程,吉林大学,551,558,广西,理科,2015,第一批,加入对比 ,149
资源勘查工程,吉林大学,552,555,广西,理科,2015,第一批,加入对比 ,149
水文与水资源工程,吉林大学,552,554,广西,理科,2015,第一批,加入对比 ,149
放射医学,吉林大学,552,553,广西,理科,2015,第一批,加入对比 ,149
道路桥梁与渡河工程,吉林大学,554,555,广西,理科,2015,第一批,加入对比 ,149
预防医学,吉林大学,556,559,广西,理科,2015,第一批,加入对比 ,149
地下水科学与工程,吉林大学,556,586,广西,理科,2015,第一批,加入对比 ,149
土地资源管理,吉林大学,558,563,广西,理科,2015,第一批,加入对比 ,149
生物科学,吉林大学,558,560,广西,理科,2015,第一批,加入对比 ,149
应用物理学,吉林大学,558,559,广西,理科,2015,第一批,加入对比 ,149
包装工程,吉林大学,559,566,广西,理科,2015,第一批,加入对比 ,149
信息与计算科学,吉林大学,559,564,广西,理科,2015,第一批,加入对比 ,149
信息工程,吉林大学,560,561,广西,理科,2015,第一批,加入对比 ,149
工程力学,吉林大学,560,566,广西,理科,2015,第一批,加入对比 ,149
物流工程,吉林大学,561,576,广西,理科,2015,第一批,加入对比 ,149
食品科学与工程,吉林大学,561,561,广西,理科,2015,第一批,加入对比 ,149
土木工程,吉林大学,562,565,广西,理科,2015,第一批,加入对比 ,149
物理学,吉林大学,563,569,广西,理科,2015,第一批,加入对比 ,149
计算机科学与技术,吉林大学,564,572,广西,理科,2015,第一批,加入对比 ,149
通信工程,吉林大学,564,569,广西,理科,2015,第一批,加入对比 ,149
地质学,吉林大学,548,550,广西,理科,2015,第一批,加入对比 ,150
生物医学工程,吉林大学,549,551,广西,理科,2015,第一批,加入对比 ,150
环境工程,吉林大学,549,563,广西,理科,2015,第一批,加入对比 ,150
工业工程,吉林大学,551,555,广西,理科,2015,第一批,加入对比 ,150
农业机械化及其自动化,吉林大学,551,562,广西,理科,2015,第一批,加入对比 ,150
地质工程,吉林大学,551,558,广西,理科,2015,第一批,加入对比 ,150
资源勘查工程,吉林大学,552,555,广西,理科,2015,第一批,加入对比 ,150
水文与水资源工程,吉林大学,552,554,广西,理科,2015,第一批,加入对比 ,150
放射医学,吉林大学,552,553,广西,理科,2015,第一批,加入对比 ,150
道路桥梁与渡河工程,吉林大学,554,555,广西,理科,2015,第一批,加入对比 ,150
预防医学,吉林大学,556,559,广西,理科,2015,第一批,加入对比 ,150
地下水科学与工程,吉林大学,556,586,广西,理科,2015,第一批,加入对比 ,150
土地资源管理,吉林大学,558,563,广西,理科,2015,第一批,加入对比 ,150
生物科学,吉林大学,558,560,广西,理科,2015,第一批,加入对比 ,150
应用物理学,吉林大学,558,559,广西,理科,2015,第一批,加入对比 ,150
包装工程,吉林大学,559,566,广西,理科,2015,第一批,加入对比 ,150
信息与计算科学,吉林大学,559,564,广西,理科,2015,第一批,加入对比 ,150
信息工程,吉林大学,560,561,广西,理科,2015,第一批,加入对比 ,150
工程力学,吉林大学,560,566,广西,理科,2015,第一批,加入对比 ,150
物流工程,吉林大学,561,576,广西,理科,2015,第一批,加入对比 ,150
食品科学与工程,吉林大学,561,561,广西,理科,2015,第一批,加入对比 ,150
土木工程,吉林大学,562,565,广西,理科,2015,第一批,加入对比 ,150
物理学,吉林大学,563,569,广西,理科,2015,第一批,加入对比 ,150
计算机科学与技术,吉林大学,564,572,广西,理科,2015,第一批,加入对比 ,150
通信工程,吉林大学,564,569,广西,理科,2015,第一批,加入对比 ,150
测控技术与仪器,吉林大学,564,574,广西,理科,2015,第一批,加入对比 ,151
统计学,吉林大学,564,566,广西,理科,2015,第一批,加入对比 ,151
制药工程,吉林大学,565,572,广西,理科,2015,第一批,加入对比 ,151
交通运输,吉林大学,566,569,广西,理科,2015,第一批,加入对比 ,151
电子科学与技术,吉林大学,566,573,广西,理科,2015,第一批,加入对比 ,151
材料成型及控制工程,吉林大学,566,571,广西,理科,2015,第一批,加入对比 ,151
法学,吉林大学,567,577,广西,理科,2015,第一批,加入对比 ,151
化学,吉林大学,569,576,广西,理科,2015,第一批,加入对比 ,151
电子信息工程,吉林大学,569,575,广西,理科,2015,第一批,加入对比 ,151
能源与动力工程,吉林大学,570,577,广西,理科,2015,第一批,加入对比 ,151
自动化,吉林大学,571,578,广西,理科,2015,第一批,加入对比 ,151
软件工程,吉林大学,571,578,广西,理科,2015,第一批,加入对比 ,151
数学与应用数学,吉林大学,573,577,广西,理科,2015,第一批,加入对比 ,151
微电子科学与工程,吉林大学,573,579,广西,理科,2015,第一批,加入对比 ,151
材料科学与工程,吉林大学,574,577,广西,理科,2015,第一批,加入对比 ,151
物联网工程,吉林大学,577,582,广西,理科,2015,第一批,加入对比 ,151
机械工程,吉林大学,579,611,广西,理科,2015,第一批,加入对比 ,151
电气工程及其自动化,吉林大学,580,581,广西,理科,2015,第一批,加入对比 ,151
会计学,吉林大学,584,585,广西,理科,2015,第一批,加入对比 ,151
英语,吉林大学,584,586,广西,文科,2015,第一批,加入对比 ,151
应用化学,吉林大学,584,596,广西,理科,2015,第一批,加入对比 ,151
国际政治,吉林大学,586,588,广西,文科,2015,第一批,加入对比 ,151
法学,吉林大学,591,595,广西,文科,2015,第一批,加入对比 ,151
西班牙语,吉林大学,591,593,广西,文科,2015,第一批,加入对比 ,151
金融学,吉林大学,598,598,广西,文科,2015,第一批,加入对比 ,151
车辆工程,吉林大学,624,624,广西,理科,2015,第一批,加入对比 ,152
汽车服务工程,吉林大学珠海学院,381,383,广西,理科,2015,第二批,加入对比 ,152
化学工程与工艺,吉林大学珠海学院,384,385,广西,理科,2015,第二批,加入对比 ,152
自动化,吉林大学珠海学院,384,389,广西,理科,2015,第二批,加入对比 ,152
微电子科学与工程,吉林大学珠海学院,388,389,广西,理科,2015,第二批,加入对比 ,152
工业工程,吉林大学珠海学院,389,393,广西,理科,2015,第二批,加入对比 ,152
车辆工程,吉林大学珠海学院,389,402,广西,理科,2015,第二批,加入对比 ,152
中药学,吉林大学珠海学院,391,392,广西,理科,2015,第二批,加入对比 ,152
制药工程,吉林大学珠海学院,393,404,广西,理科,2015,第二批,加入对比 ,152
测控技术与仪器,吉林大学珠海学院,396,402,广西,理科,2015,第二批,加入对比 ,152
机械设计制造及其自动化,吉林大学珠海学院,408,411,广西,理科,2015,第二批,加入对比 ,152
通信工程,吉林大学珠海学院,409,412,广西,理科,2015,第二批,加入对比 ,152
应用化学,吉林大学珠海学院,411,434,广西,理科,2015,第二批,加入对比 ,152
建筑学,吉林大学珠海学院,419,419,广西,理科,2015,第二批,加入对比 ,152
计算机科学与技术,吉林大学珠海学院,419,423,广西,理科,2015,第二批,加入对比 ,152
软件工程,吉林大学珠海学院,423,430,广西,理科,2015,第二批,加入对比 ,152
网络工程,吉林大学珠海学院,423,423,广西,理科,2015,第二批,加入对比 ,152
会计学,吉林大学珠海学院,482,482,广西,文科,2015,第二批,加入对比 ,152
金融学,吉林大学珠海学院,496,503,广西,文科,2015,第二批,加入对比 ,152
农林经济管理,吉林大学,536,536,贵州,理科,2015,第一批,加入对比 ,152
地质工程,吉林大学,540,543,贵州,理科,2015,第一批,加入对比 ,152
材料科学与工程,吉林大学,541,546,贵州,理科,2015,第一批,加入对比 ,152
地理信息科学,吉林大学,541,544,贵州,理科,2015,第一批,加入对比 ,152
自动化,吉林大学,543,546,贵州,理科,2015,第一批,加入对比 ,152
地质学,吉林大学,545,557,贵州,理科,2015,第一批,加入对比 ,152
通信工程,吉林大学,547,556,贵州,理科,2015,第一批,加入对比 ,152
工程力学,吉林大学,550,560,贵州,理科,2015,第一批,加入对比 ,152
统计学,吉林大学,554,557,贵州,理科,2015,第一批,加入对比 ,152
软件工程,吉林大学,554,558,贵州,理科,2015,第一批,加入对比 ,152
数学与应用数学,吉林大学,557,557,贵州,理科,2015,第一批,加入对比 ,152
法学,吉林大学,558,560,贵州,理科,2015,第一批,加入对比 ,152
计算机科学与技术,吉林大学,559,563,贵州,理科,2015,第一批,加入对比 ,152
电子信息工程,吉林大学,560,563,贵州,理科,2015,第一批,加入对比 ,152
能源与动力工程,吉林大学,560,569,贵州,理科,2015,第一批,加入对比 ,152
电气工程及其自动化,吉林大学,562,563,贵州,理科,2015,第一批,加入对比 ,152
土木工程,吉林大学,566,567,贵州,理科,2015,第一批,加入对比 ,152
车辆工程,吉林大学,571,572,贵州,理科,2015,第一批,加入对比 ,152
核物理,吉林大学,577,592,贵州,理科,2015,第一批,加入对比 ,152
文物与博物馆学,吉林大学,595,603,贵州,文科,2015,第一批,加入对比 ,152
社会学,吉林大学,611,611,贵州,文科,2015,第一批,加入对比 ,152
日语,吉林大学,614,614,贵州,文科,2015,第一批,加入对比 ,152
政治学与行政学,吉林大学,615,618,贵州,文科,2015,第一批,加入对比 ,152
金融学,吉林大学,624,628,贵州,文科,2015,第一批,加入对比 ,152
制药工程,吉林大学珠海学院,345,345,贵州,理科,2015,第三批,加入对比 ,152
应用化学,吉林大学珠海学院,346,346,贵州,理科,2015,第三批,加入对比 ,152
药物制剂,吉林大学珠海学院,347,347,贵州,理科,2015,第三批,加入对比 ,152
软件工程,吉林大学珠海学院,358,358,贵州,理科,2015,第三批,加入对比 ,152
中药学,吉林大学珠海学院,362,362,贵州,理科,2015,第三批,加入对比 ,152
计算机科学与技术,吉林大学珠海学院,364,364,贵州,理科,2015,第三批,加入对比 ,152
自动化,吉林大学珠海学院,366,366,贵州,理科,2015,第三批,加入对比 ,152
通信工程,吉林大学,547,556,贵州,理科,2015,第一批,加入对比 ,153
工程力学,吉林大学,550,560,贵州,理科,2015,第一批,加入对比 ,153
统计学,吉林大学,554,557,贵州,理科,2015,第一批,加入对比 ,153
软件工程,吉林大学,554,558,贵州,理科,2015,第一批,加入对比 ,153
数学与应用数学,吉林大学,557,557,贵州,理科,2015,第一批,加入对比 ,153
法学,吉林大学,558,560,贵州,理科,2015,第一批,加入对比 ,153
计算机科学与技术,吉林大学,559,563,贵州,理科,2015,第一批,加入对比 ,153
电子信息工程,吉林大学,560,563,贵州,理科,2015,第一批,加入对比 ,153
能源与动力工程,吉林大学,560,569,贵州,理科,2015,第一批,加入对比 ,153
电气工程及其自动化,吉林大学,562,563,贵州,理科,2015,第一批,加入对比 ,153
土木工程,吉林大学,566,567,贵州,理科,2015,第一批,加入对比 ,153
车辆工程,吉林大学,571,572,贵州,理科,2015,第一批,加入对比 ,153
核物理,吉林大学,577,592,贵州,理科,2015,第一批,加入对比 ,153
文物与博物馆学,吉林大学,595,603,贵州,文科,2015,第一批,加入对比 ,153
社会学,吉林大学,611,611,贵州,文科,2015,第一批,加入对比 ,153
日语,吉林大学,614,614,贵州,文科,2015,第一批,加入对比 ,153
政治学与行政学,吉林大学,615,618,贵州,文科,2015,第一批,加入对比 ,153
金融学,吉林大学,624,628,贵州,文科,2015,第一批,加入对比 ,153
制药工程,吉林大学珠海学院,345,345,贵州,理科,2015,第三批,加入对比 ,153
应用化学,吉林大学珠海学院,346,346,贵州,理科,2015,第三批,加入对比 ,153
药物制剂,吉林大学珠海学院,347,347,贵州,理科,2015,第三批,加入对比 ,153
软件工程,吉林大学珠海学院,358,358,贵州,理科,2015,第三批,加入对比 ,153
中药学,吉林大学珠海学院,362,362,贵州,理科,2015,第三批,加入对比 ,153
计算机科学与技术,吉林大学珠海学院,364,364,贵州,理科,2015,第三批,加入对比 ,153
自动化,吉林大学珠海学院,366,366,贵州,理科,2015,第三批,加入对比 ,153
汽车服务工程,吉林大学珠海学院,366,366,贵州,理科,2015,第三批,加入对比 ,153
微电子科学与工程,吉林大学珠海学院,367,367,贵州,理科,2015,第三批,加入对比 ,153
测控技术与仪器,吉林大学珠海学院,368,368,贵州,理科,2015,第三批,加入对比 ,153
通信工程,吉林大学珠海学院,370,370,贵州,理科,2015,第三批,加入对比 ,153
车辆工程,吉林大学珠海学院,371,371,贵州,理科,2015,第三批,加入对比 ,153
机械设计制造及其自动化,吉林大学珠海学院,371,371,贵州,理科,2015,第三批,加入对比 ,153
广告学,吉林大学珠海学院,459,459,贵州,文科,2015,第三批,加入对比 ,153
汉语言文学,吉林大学珠海学院,472,472,贵州,文科,2015,第三批,加入对比 ,153
地质工程,吉林大学,551,563,云南,理科,2015,第一批,加入对比 ,153
地理科学,吉林大学,562,564,云南,理科,2015,第一批,加入对比 ,153
食品质量与安全,吉林大学,564,565,云南,理科,2015,第一批,加入对比 ,153
地质学,吉林大学,565,568,云南,理科,2015,第一批,加入对比 ,153
环境工程,吉林大学,573,574,云南,理科,2015,第一批,加入对比 ,153
材料物理,吉林大学,573,579,云南,理科,2015,第一批,加入对比 ,153
自动化,吉林大学,576,577,云南,理科,2015,第一批,加入对比 ,153
统计学,吉林大学,577,587,云南,理科,2015,第一批,加入对比 ,153
信息工程,吉林大学,577,584,云南,理科,2015,第一批,加入对比 ,153
物理学,吉林大学,581,582,云南,理科,2015,第一批,加入对比 ,153
土木工程,吉林大学,583,587,云南,理科,2015,第一批,加入对比 ,153
通信工程,吉林大学,584,594,云南,理科,2015,第一批,加入对比 ,153
计算机科学与技术,吉林大学,585,586,云南,理科,2015,第一批,加入对比 ,153
软件工程,吉林大学,588,591,云南,理科,2015,第一批,加入对比 ,153
数学与应用数学,吉林大学,592,606,云南,理科,2015,第一批,加入对比 ,153
材料科学与工程,吉林大学,592,594,云南,理科,2015,第一批,加入对比 ,153
化学,吉林大学,593,604,云南,理科,2015,第一批,加入对比 ,153
政治学与行政学,吉林大学,594,597,云南,文科,2015,第一批,加入对比 ,153
法学,吉林大学,594,594,云南,理科,2015,第一批,加入对比 ,153
会计学,吉林大学,595,597,云南,理科,2015,第一批,加入对比 ,153
工商管理,吉林大学,599,605,云南,理科,2015,第一批,加入对比 ,153
法学,吉林大学,605,608,云南,文科,2015,第一批,加入对比 ,153
车辆工程,吉林大学,629,649,云南,理科,2015,第一批,加入对比 ,153
机械设计制造及其自动化,吉林大学珠海学院,411,411,云南,理科,2015,第三批,加入对比 ,153
制药工程,吉林大学珠海学院,413,413,云南,理科,2015,第三批,加入对比 ,153
药物制剂,吉林大学珠海学院,415,415,云南,理科,2015,第三批,加入对比 ,153
汽车服务工程,吉林大学珠海学院,416,416,云南,理科,2015,第三批,加入对比 ,153
计算机科学与技术,吉林大学珠海学院,420,420,云南,理科,2015,第三批,加入对比 ,153
通信工程,吉林大学珠海学院,420,420,云南,理科,2015,第三批,加入对比 ,153
微电子科学与工程,吉林大学珠海学院,423,423,云南,理科,2015,第三批,加入对比 ,153
软件工程,吉林大学珠海学院,425,425,云南,理科,2015,第三批,加入对比 ,153
汉语国际教育,吉林大学珠海学院,462,475,云南,文科,2015,第三批,加入对比 ,153
汉语言文学,吉林大学珠海学院,470,470,云南,文科,2015,第三批,加入对比 ,153
地质学,吉林大学,415,416,青海,理科,2015,第一批,加入对比 ,153
资源勘查工程,吉林大学,457,495,青海,理科,2015,第一批,加入对比 ,153
地质工程,吉林大学,458,476,青海,理科,2015,第一批,加入对比 ,153
食品科学与工程,吉林大学,461,481,青海,理科,2015,第一批,加入对比 ,153
测控技术与仪器,吉林大学,462,475,青海,理科,2015,第一批,加入对比 ,153
信息工程,吉林大学,466,501,青海,理科,2015,第一批,加入对比 ,153
测绘工程,吉林大学,473,481,青海,理科,2015,第一批,加入对比 ,153
电气工程及其自动化,吉林大学,473,517,青海,理科,2015,第一批,加入对比 ,153
计算机科学与技术,吉林大学,479,500,青海,理科,2015,第一批,加入对比 ,153
汽车服务工程,吉林大学珠海学院,366,366,贵州,理科,2015,第三批,加入对比 ,154
微电子科学与工程,吉林大学珠海学院,367,367,贵州,理科,2015,第三批,加入对比 ,154
测控技术与仪器,吉林大学珠海学院,368,368,贵州,理科,2015,第三批,加入对比 ,154
通信工程,吉林大学珠海学院,370,370,贵州,理科,2015,第三批,加入对比 ,154
车辆工程,吉林大学珠海学院,371,371,贵州,理科,2015,第三批,加入对比 ,154
机械设计制造及其自动化,吉林大学珠海学院,371,371,贵州,理科,2015,第三批,加入对比 ,154
广告学,吉林大学珠海学院,459,459,贵州,文科,2015,第三批,加入对比 ,154
汉语言文学,吉林大学珠海学院,472,472,贵州,文科,2015,第三批,加入对比 ,154
地质工程,吉林大学,551,563,云南,理科,2015,第一批,加入对比 ,154
地理科学,吉林大学,562,564,云南,理科,2015,第一批,加入对比 ,154
食品质量与安全,吉林大学,564,565,云南,理科,2015,第一批,加入对比 ,154
地质学,吉林大学,565,568,云南,理科,2015,第一批,加入对比 ,154
环境工程,吉林大学,573,574,云南,理科,2015,第一批,加入对比 ,154
材料物理,吉林大学,573,579,云南,理科,2015,第一批,加入对比 ,154
自动化,吉林大学,576,577,云南,理科,2015,第一批,加入对比 ,154
统计学,吉林大学,577,587,云南,理科,2015,第一批,加入对比 ,154
信息工程,吉林大学,577,584,云南,理科,2015,第一批,加入对比 ,154
物理学,吉林大学,581,582,云南,理科,2015,第一批,加入对比 ,154
土木工程,吉林大学,583,587,云南,理科,2015,第一批,加入对比 ,154
通信工程,吉林大学,584,594,云南,理科,2015,第一批,加入对比 ,154
计算机科学与技术,吉林大学,585,586,云南,理科,2015,第一批,加入对比 ,154
软件工程,吉林大学,588,591,云南,理科,2015,第一批,加入对比 ,154
数学与应用数学,吉林大学,592,606,云南,理科,2015,第一批,加入对比 ,154
材料科学与工程,吉林大学,592,594,云南,理科,2015,第一批,加入对比 ,154
化学,吉林大学,593,604,云南,理科,2015,第一批,加入对比 ,154
政治学与行政学,吉林大学,594,597,云南,文科,2015,第一批,加入对比 ,154
法学,吉林大学,594,594,云南,理科,2015,第一批,加入对比 ,154
会计学,吉林大学,595,597,云南,理科,2015,第一批,加入对比 ,154
工商管理,吉林大学,599,605,云南,理科,2015,第一批,加入对比 ,154
法学,吉林大学,605,608,云南,文科,2015,第一批,加入对比 ,154
车辆工程,吉林大学,629,649,云南,理科,2015,第一批,加入对比 ,154
机械设计制造及其自动化,吉林大学珠海学院,411,411,云南,理科,2015,第三批,加入对比 ,154
制药工程,吉林大学珠海学院,413,413,云南,理科,2015,第三批,加入对比 ,154
药物制剂,吉林大学珠海学院,415,415,云南,理科,2015,第三批,加入对比 ,154
汽车服务工程,吉林大学珠海学院,416,416,云南,理科,2015,第三批,加入对比 ,154
计算机科学与技术,吉林大学珠海学院,420,420,云南,理科,2015,第三批,加入对比 ,154
通信工程,吉林大学珠海学院,420,420,云南,理科,2015,第三批,加入对比 ,154
微电子科学与工程,吉林大学珠海学院,423,423,云南,理科,2015,第三批,加入对比 ,154
软件工程,吉林大学珠海学院,425,425,云南,理科,2015,第三批,加入对比 ,154
汉语国际教育,吉林大学珠海学院,462,475,云南,文科,2015,第三批,加入对比 ,154
汉语言文学,吉林大学珠海学院,470,470,云南,文科,2015,第三批,加入对比 ,154
地质学,吉林大学,415,416,青海,理科,2015,第一批,加入对比 ,154
资源勘查工程,吉林大学,457,495,青海,理科,2015,第一批,加入对比 ,154
地质工程,吉林大学,458,476,青海,理科,2015,第一批,加入对比 ,154
食品科学与工程,吉林大学,461,481,青海,理科,2015,第一批,加入对比 ,154
测控技术与仪器,吉林大学,462,475,青海,理科,2015,第一批,加入对比 ,154
信息工程,吉林大学,466,501,青海,理科,2015,第一批,加入对比 ,154
测绘工程,吉林大学,473,481,青海,理科,2015,第一批,加入对比 ,154
电气工程及其自动化,吉林大学,473,517,青海,理科,2015,第一批,加入对比 ,154
计算机科学与技术,吉林大学,479,500,青海,理科,2015,第一批,加入对比 ,154
化学,吉林大学,480,483,青海,理科,2015,第一批,加入对比 ,154
微电子科学与工程,吉林大学,481,484,青海,理科,2015,第一批,加入对比 ,154
自动化,吉林大学,492,510,青海,理科,2015,第一批,加入对比 ,154
软件工程,吉林大学,494,501,青海,理科,2015,第一批,加入对比 ,154
信息管理与信息系统,吉林大学,496,512,青海,理科,2015,第一批,加入对比 ,154
通信工程,吉林大学,503,522,青海,理科,2015,第一批,加入对比 ,154
数学与应用数学,吉林大学,503,505,青海,理科,2015,第一批,加入对比 ,154
土木工程,吉林大学,509,518,青海,理科,2015,第一批,加入对比 ,154
工商管理,吉林大学,511,521,青海,理科,2015,第一批,加入对比 ,154
社会学,吉林大学,511,512,青海,文科,2015,第一批,加入对比 ,154
农林经济管理,吉林大学,518,528,青海,文科,2015,第一批,加入对比 ,154
英语,吉林大学,523,530,青海,文科,2015,第一批,加入对比 ,154
国际政治,吉林大学,530,531,青海,文科,2015,第一批,加入对比 ,154
金融学,吉林大学,538,541,青海,理科,2015,第一批,加入对比 ,154
法学,吉林大学,545,555,青海,文科,2015,第一批,加入对比 ,154
中药学,吉林大学珠海学院,351,351,青海,理科,2015,第三批,加入对比 ,154
网络工程,吉林大学珠海学院,355,355,青海,理科,2015,第三批,加入对比 ,154
软件工程,吉林大学珠海学院,361,361,青海,理科,2015,第三批,加入对比 ,154
会计学,吉林大学珠海学院,404,404,青海,文科,2015,第三批,加入对比 ,154
广告学,吉林大学珠海学院,409,409,青海,文科,2015,第三批,加入对比 ,154
资源勘查工程,吉林大学,503,505,宁夏,理科,2015,第一批,加入对比 ,154
信息管理与信息系统,吉林大学,511,511,宁夏,理科,2015,第一批,加入对比 ,154
水文与水资源工程,吉林大学,511,519,宁夏,理科,2015,第一批,加入对比 ,154
测绘工程,吉林大学,514,521,宁夏,理科,2015,第一批,加入对比 ,154
信息工程,吉林大学,516,527,宁夏,理科,2015,第一批,加入对比 ,154
农业机械化及其自动化,吉林大学,524,531,宁夏,理科,2015,第一批,加入对比 ,154
道路桥梁与渡河工程,吉林大学,524,527,宁夏,理科,2015,第一批,加入对比 ,154
电子科学与技术,吉林大学,525,528,宁夏,理科,2015,第一批,加入对比 ,154
物理学,吉林大学,526,533,宁夏,理科,2015,第一批,加入对比 ,154
土木工程,吉林大学,527,533,宁夏,理科,2015,第一批,加入对比 ,154
交通运输,吉林大学,527,531,宁夏,理科,2015,第一批,加入对比 ,154
测控技术与仪器,吉林大学,528,535,宁夏,理科,2015,第一批,加入对比 ,154
电子信息工程,吉林大学,529,535,宁夏,理科,2015,第一批,加入对比 ,154
材料成型及控制工程,吉林大学,529,530,宁夏,理科,2015,第一批,加入对比 ,154
通信工程,吉林大学,532,538,宁夏,理科,2015,第一批,加入对比 ,154
材料科学与工程,吉林大学,533,537,宁夏,理科,2015,第一批,加入对比 ,154
计算机科学与技术,吉林大学,534,538,宁夏,理科,2015,第一批,加入对比 ,154
工商管理,吉林大学,535,547,宁夏,理科,2015,第一批,加入对比 ,154
统计学,吉林大学,535,538,宁夏,理科,2015,第一批,加入对比 ,154
地质学,吉林大学,536,542,宁夏,理科,2015,第一批,加入对比 ,154
化学,吉林大学,537,544,宁夏,理科,2015,第一批,加入对比 ,154
自动化,吉林大学,538,538,宁夏,理科,2015,第一批,加入对比 ,154
软件工程,吉林大学,539,545,宁夏,理科,2015,第一批,加入对比 ,154
能源与动力工程,吉林大学,539,541,宁夏,理科,2015,第一批,加入对比 ,154
机械工程,吉林大学,540,543,宁夏,理科,2015,第一批,加入对比 ,154
电气工程及其自动化,吉林大学,543,547,宁夏,理科,2015,第一批,加入对比 ,154
金融学,吉林大学,543,544,宁夏,理科,2015,第一批,加入对比 ,154
车辆工程,吉林大学,546,550,宁夏,理科,2015,第一批,加入对比 ,154
俄语,吉林大学,568,569,宁夏,文科,2015,第一批,加入对比 ,154
文物与博物馆学,吉林大学,570,573,宁夏,文科,2015,第一批,加入对比 ,154
政治学与行政学,吉林大学,594,597,云南,文科,2015,第一批,加入对比 ,155
法学,吉林大学,594,594,云南,理科,2015,第一批,加入对比 ,155
会计学,吉林大学,595,597,云南,理科,2015,第一批,加入对比 ,155
工商管理,吉林大学,599,605,云南,理科,2015,第一批,加入对比 ,155
法学,吉林大学,605,608,云南,文科,2015,第一批,加入对比 ,155
车辆工程,吉林大学,629,649,云南,理科,2015,第一批,加入对比 ,155
机械设计制造及其自动化,吉林大学珠海学院,411,411,云南,理科,2015,第三批,加入对比 ,155
制药工程,吉林大学珠海学院,413,413,云南,理科,2015,第三批,加入对比 ,155
药物制剂,吉林大学珠海学院,415,415,云南,理科,2015,第三批,加入对比 ,155
汽车服务工程,吉林大学珠海学院,416,416,云南,理科,2015,第三批,加入对比 ,155
计算机科学与技术,吉林大学珠海学院,420,420,云南,理科,2015,第三批,加入对比 ,155
通信工程,吉林大学珠海学院,420,420,云南,理科,2015,第三批,加入对比 ,155
微电子科学与工程,吉林大学珠海学院,423,423,云南,理科,2015,第三批,加入对比 ,155
软件工程,吉林大学珠海学院,425,425,云南,理科,2015,第三批,加入对比 ,155
汉语国际教育,吉林大学珠海学院,462,475,云南,文科,2015,第三批,加入对比 ,155
汉语言文学,吉林大学珠海学院,470,470,云南,文科,2015,第三批,加入对比 ,155
地质学,吉林大学,415,416,青海,理科,2015,第一批,加入对比 ,155
资源勘查工程,吉林大学,457,495,青海,理科,2015,第一批,加入对比 ,155
地质工程,吉林大学,458,476,青海,理科,2015,第一批,加入对比 ,155
食品科学与工程,吉林大学,461,481,青海,理科,2015,第一批,加入对比 ,155
测控技术与仪器,吉林大学,462,475,青海,理科,2015,第一批,加入对比 ,155
信息工程,吉林大学,466,501,青海,理科,2015,第一批,加入对比 ,155
测绘工程,吉林大学,473,481,青海,理科,2015,第一批,加入对比 ,155
电气工程及其自动化,吉林大学,473,517,青海,理科,2015,第一批,加入对比 ,155
计算机科学与技术,吉林大学,479,500,青海,理科,2015,第一批,加入对比 ,155
化学,吉林大学,480,483,青海,理科,2015,第一批,加入对比 ,155
微电子科学与工程,吉林大学,481,484,青海,理科,2015,第一批,加入对比 ,155
自动化,吉林大学,492,510,青海,理科,2015,第一批,加入对比 ,155
软件工程,吉林大学,494,501,青海,理科,2015,第一批,加入对比 ,155
信息管理与信息系统,吉林大学,496,512,青海,理科,2015,第一批,加入对比 ,155
通信工程,吉林大学,503,522,青海,理科,2015,第一批,加入对比 ,155
数学与应用数学,吉林大学,503,505,青海,理科,2015,第一批,加入对比 ,155
土木工程,吉林大学,509,518,青海,理科,2015,第一批,加入对比 ,155
工商管理,吉林大学,511,521,青海,理科,2015,第一批,加入对比 ,155
社会学,吉林大学,511,512,青海,文科,2015,第一批,加入对比 ,155
农林经济管理,吉林大学,518,528,青海,文科,2015,第一批,加入对比 ,155
英语,吉林大学,523,530,青海,文科,2015,第一批,加入对比 ,155
国际政治,吉林大学,530,531,青海,文科,2015,第一批,加入对比 ,155
金融学,吉林大学,538,541,青海,理科,2015,第一批,加入对比 ,155
法学,吉林大学,545,555,青海,文科,2015,第一批,加入对比 ,155
中药学,吉林大学珠海学院,351,351,青海,理科,2015,第三批,加入对比 ,155
网络工程,吉林大学珠海学院,355,355,青海,理科,2015,第三批,加入对比 ,155
软件工程,吉林大学珠海学院,361,361,青海,理科,2015,第三批,加入对比 ,155
会计学,吉林大学珠海学院,404,404,青海,文科,2015,第三批,加入对比 ,155
广告学,吉林大学珠海学院,409,409,青海,文科,2015,第三批,加入对比 ,155
资源勘查工程,吉林大学,503,505,宁夏,理科,2015,第一批,加入对比 ,155
信息管理与信息系统,吉林大学,511,511,宁夏,理科,2015,第一批,加入对比 ,155
水文与水资源工程,吉林大学,511,519,宁夏,理科,2015,第一批,加入对比 ,155
测绘工程,吉林大学,514,521,宁夏,理科,2015,第一批,加入对比 ,155
信息工程,吉林大学,516,527,宁夏,理科,2015,第一批,加入对比 ,155
农业机械化及其自动化,吉林大学,524,531,宁夏,理科,2015,第一批,加入对比 ,155
道路桥梁与渡河工程,吉林大学,524,527,宁夏,理科,2015,第一批,加入对比 ,155
电子科学与技术,吉林大学,525,528,宁夏,理科,2015,第一批,加入对比 ,155
物理学,吉林大学,526,533,宁夏,理科,2015,第一批,加入对比 ,155
土木工程,吉林大学,527,533,宁夏,理科,2015,第一批,加入对比 ,155
交通运输,吉林大学,527,531,宁夏,理科,2015,第一批,加入对比 ,155
测控技术与仪器,吉林大学,528,535,宁夏,理科,2015,第一批,加入对比 ,155
电子信息工程,吉林大学,529,535,宁夏,理科,2015,第一批,加入对比 ,155
材料成型及控制工程,吉林大学,529,530,宁夏,理科,2015,第一批,加入对比 ,155
通信工程,吉林大学,532,538,宁夏,理科,2015,第一批,加入对比 ,155
材料科学与工程,吉林大学,533,537,宁夏,理科,2015,第一批,加入对比 ,155
计算机科学与技术,吉林大学,534,538,宁夏,理科,2015,第一批,加入对比 ,155
工商管理,吉林大学,535,547,宁夏,理科,2015,第一批,加入对比 ,155
统计学,吉林大学,535,538,宁夏,理科,2015,第一批,加入对比 ,155
地质学,吉林大学,536,542,宁夏,理科,2015,第一批,加入对比 ,155
化学,吉林大学,537,544,宁夏,理科,2015,第一批,加入对比 ,155
自动化,吉林大学,538,538,宁夏,理科,2015,第一批,加入对比 ,155
软件工程,吉林大学,539,545,宁夏,理科,2015,第一批,加入对比 ,155
能源与动力工程,吉林大学,539,541,宁夏,理科,2015,第一批,加入对比 ,155
机械工程,吉林大学,540,543,宁夏,理科,2015,第一批,加入对比 ,155
电气工程及其自动化,吉林大学,543,547,宁夏,理科,2015,第一批,加入对比 ,155
金融学,吉林大学,543,544,宁夏,理科,2015,第一批,加入对比 ,155
车辆工程,吉林大学,546,550,宁夏,理科,2015,第一批,加入对比 ,155
俄语,吉林大学,568,569,宁夏,文科,2015,第一批,加入对比 ,155
文物与博物馆学,吉林大学,570,573,宁夏,文科,2015,第一批,加入对比 ,155
新闻学,吉林大学,570,574,宁夏,文科,2015,第一批,加入对比 ,155
英语,吉林大学,571,575,宁夏,文科,2015,第一批,加入对比 ,155
法学,吉林大学,576,580,宁夏,文科,2015,第一批,加入对比 ,155
应用化学,吉林大学珠海学院,386,386,宁夏,理科,2015,第三批,加入对比 ,155
制药工程,吉林大学珠海学院,400,400,宁夏,理科,2015,第三批,加入对比 ,155
自动化,吉林大学珠海学院,400,400,宁夏,理科,2015,第三批,加入对比 ,155
中药学,吉林大学珠海学院,401,401,宁夏,理科,2015,第三批,加入对比 ,155
测控技术与仪器,吉林大学珠海学院,401,401,宁夏,理科,2015,第三批,加入对比 ,155
通信工程,吉林大学珠海学院,402,403,宁夏,理科,2015,第三批,加入对比 ,155
车辆工程,吉林大学珠海学院,403,407,宁夏,理科,2015,第三批,加入对比 ,155
化学工程与工艺,吉林大学珠海学院,405,405,宁夏,理科,2015,第三批,加入对比 ,155
软件工程,吉林大学珠海学院,406,406,宁夏,理科,2015,第三批,加入对比 ,155
计算机科学与技术,吉林大学珠海学院,407,407,宁夏,理科,2015,第三批,加入对比 ,155
机械设计制造及其自动化,吉林大学珠海学院,412,412,宁夏,理科,2015,第三批,加入对比 ,155
汉语言文学,吉林大学珠海学院,464,464,宁夏,文科,2015,第三批,加入对比 ,155
会计学,吉林大学珠海学院,467,470,宁夏,文科,2015,第三批,加入对比 ,155
资源勘查工程,吉林大学,534,560,新疆,理科,2015,第一批,加入对比 ,155
软件工程,吉林大学,536,549,新疆,理科,2015,第一批,加入对比 ,155
地质工程,吉林大学,542,544,新疆,理科,2015,第一批,加入对比 ,155
食品科学与工程,吉林大学,543,544,新疆,理科,2015,第一批,加入对比 ,155
食品质量与安全,吉林大学,544,545,新疆,理科,2015,第一批,加入对比 ,155
地质学,吉林大学,544,544,新疆,理科,2015,第一批,加入对比 ,155
农业机械化及其自动化,吉林大学,545,547,新疆,理科,2015,第一批,加入对比 ,155
道路桥梁与渡河工程,吉林大学,545,547,新疆,理科,2015,第一批,加入对比 ,155
信息工程,吉林大学,545,547,新疆,理科,2015,第一批,加入对比 ,155
材料物理,吉林大学,545,548,新疆,理科,2015,第一批,加入对比 ,155
材料成型及控制工程,吉林大学,546,549,新疆,理科,2015,第一批,加入对比 ,155
信息管理与信息系统,吉林大学,547,550,新疆,理科,2015,第一批,加入对比 ,155
土木工程,吉林大学,548,554,新疆,理科,2015,第一批,加入对比 ,155
测控技术与仪器,吉林大学,548,551,新疆,理科,2015,第一批,加入对比 ,155
物理学,吉林大学,548,550,新疆,理科,2015,第一批,加入对比 ,155
信息与计算科学,吉林大学,548,556,新疆,理科,2015,第一批,加入对比 ,155
计算机科学与技术,吉林大学,549,556,新疆,理科,2015,第一批,加入对比 ,155
自动化,吉林大学,549,552,新疆,理科,2015,第一批,加入对比 ,155
电子科学与技术,吉林大学,549,556,新疆,理科,2015,第一批,加入对比 ,155
勘查技术与工程,吉林大学,550,561,新疆,理科,2015,第一批,加入对比 ,155
化学工程与工艺,吉林大学,550,551,新疆,理科,2015,第一批,加入对比 ,155
通信工程,吉林大学,550,557,新疆,理科,2015,第一批,加入对比 ,155
材料科学与工程,吉林大学,550,551,新疆,理科,2015,第一批,加入对比 ,155
汽车服务工程,吉林大学,551,553,新疆,理科,2015,第一批,加入对比 ,155
电气工程及其自动化,吉林大学,554,555,新疆,理科,2015,第一批,加入对比 ,155
机械工程,吉林大学,555,569,新疆,理科,2015,第一批,加入对比 ,155
药物制剂,吉林大学,556,558,新疆,理科,2015,第一批,加入对比 ,155
电子信息工程,吉林大学,556,559,新疆,理科,2015,第一批,加入对比 ,155
预防医学,吉林大学,557,564,新疆,理科,2015,第一批,加入对比 ,155
工商管理,吉林大学,558,559,新疆,理科,2015,第一批,加入对比 ,155
放射医学,吉林大学,558,562,新疆,理科,2015,第一批,加入对比 ,155
金融学,吉林大学,561,562,新疆,理科,2015,第一批,加入对比 ,155
经济学,吉林大学,562,564,新疆,理科,2015,第一批,加入对比 ,155
政治学与行政学,吉林大学,567,570,新疆,文科,2015,第一批,加入对比 ,155
化学,吉林大学,480,483,青海,理科,2015,第一批,加入对比 ,156
微电子科学与工程,吉林大学,481,484,青海,理科,2015,第一批,加入对比 ,156
自动化,吉林大学,492,510,青海,理科,2015,第一批,加入对比 ,156
软件工程,吉林大学,494,501,青海,理科,2015,第一批,加入对比 ,156
信息管理与信息系统,吉林大学,496,512,青海,理科,2015,第一批,加入对比 ,156
通信工程,吉林大学,503,522,青海,理科,2015,第一批,加入对比 ,156
数学与应用数学,吉林大学,503,505,青海,理科,2015,第一批,加入对比 ,156
土木工程,吉林大学,509,518,青海,理科,2015,第一批,加入对比 ,156
工商管理,吉林大学,511,521,青海,理科,2015,第一批,加入对比 ,156
社会学,吉林大学,511,512,青海,文科,2015,第一批,加入对比 ,156
农林经济管理,吉林大学,518,528,青海,文科,2015,第一批,加入对比 ,156
英语,吉林大学,523,530,青海,文科,2015,第一批,加入对比 ,156
国际政治,吉林大学,530,531,青海,文科,2015,第一批,加入对比 ,156
金融学,吉林大学,538,541,青海,理科,2015,第一批,加入对比 ,156
法学,吉林大学,545,555,青海,文科,2015,第一批,加入对比 ,156
中药学,吉林大学珠海学院,351,351,青海,理科,2015,第三批,加入对比 ,156
网络工程,吉林大学珠海学院,355,355,青海,理科,2015,第三批,加入对比 ,156
软件工程,吉林大学珠海学院,361,361,青海,理科,2015,第三批,加入对比 ,156
会计学,吉林大学珠海学院,404,404,青海,文科,2015,第三批,加入对比 ,156
广告学,吉林大学珠海学院,409,409,青海,文科,2015,第三批,加入对比 ,156
资源勘查工程,吉林大学,503,505,宁夏,理科,2015,第一批,加入对比 ,156
信息管理与信息系统,吉林大学,511,511,宁夏,理科,2015,第一批,加入对比 ,156
水文与水资源工程,吉林大学,511,519,宁夏,理科,2015,第一批,加入对比 ,156
测绘工程,吉林大学,514,521,宁夏,理科,2015,第一批,加入对比 ,156
信息工程,吉林大学,516,527,宁夏,理科,2015,第一批,加入对比 ,156
农业机械化及其自动化,吉林大学,524,531,宁夏,理科,2015,第一批,加入对比 ,156
道路桥梁与渡河工程,吉林大学,524,527,宁夏,理科,2015,第一批,加入对比 ,156
电子科学与技术,吉林大学,525,528,宁夏,理科,2015,第一批,加入对比 ,156
物理学,吉林大学,526,533,宁夏,理科,2015,第一批,加入对比 ,156
土木工程,吉林大学,527,533,宁夏,理科,2015,第一批,加入对比 ,156
交通运输,吉林大学,527,531,宁夏,理科,2015,第一批,加入对比 ,156
测控技术与仪器,吉林大学,528,535,宁夏,理科,2015,第一批,加入对比 ,156
电子信息工程,吉林大学,529,535,宁夏,理科,2015,第一批,加入对比 ,156
材料成型及控制工程,吉林大学,529,530,宁夏,理科,2015,第一批,加入对比 ,156
通信工程,吉林大学,532,538,宁夏,理科,2015,第一批,加入对比 ,156
材料科学与工程,吉林大学,533,537,宁夏,理科,2015,第一批,加入对比 ,156
计算机科学与技术,吉林大学,534,538,宁夏,理科,2015,第一批,加入对比 ,156
工商管理,吉林大学,535,547,宁夏,理科,2015,第一批,加入对比 ,156
统计学,吉林大学,535,538,宁夏,理科,2015,第一批,加入对比 ,156
地质学,吉林大学,536,542,宁夏,理科,2015,第一批,加入对比 ,156
化学,吉林大学,537,544,宁夏,理科,2015,第一批,加入对比 ,156
自动化,吉林大学,538,538,宁夏,理科,2015,第一批,加入对比 ,156
软件工程,吉林大学,539,545,宁夏,理科,2015,第一批,加入对比 ,156
能源与动力工程,吉林大学,539,541,宁夏,理科,2015,第一批,加入对比 ,156
机械工程,吉林大学,540,543,宁夏,理科,2015,第一批,加入对比 ,156
电气工程及其自动化,吉林大学,543,547,宁夏,理科,2015,第一批,加入对比 ,156
金融学,吉林大学,543,544,宁夏,理科,2015,第一批,加入对比 ,156
车辆工程,吉林大学,546,550,宁夏,理科,2015,第一批,加入对比 ,156
俄语,吉林大学,568,569,宁夏,文科,2015,第一批,加入对比 ,156
文物与博物馆学,吉林大学,570,573,宁夏,文科,2015,第一批,加入对比 ,156
新闻学,吉林大学,570,574,宁夏,文科,2015,第一批,加入对比 ,156
英语,吉林大学,571,575,宁夏,文科,2015,第一批,加入对比 ,156
法学,吉林大学,576,580,宁夏,文科,2015,第一批,加入对比 ,156
应用化学,吉林大学珠海学院,386,386,宁夏,理科,2015,第三批,加入对比 ,156
制药工程,吉林大学珠海学院,400,400,宁夏,理科,2015,第三批,加入对比 ,156
自动化,吉林大学珠海学院,400,400,宁夏,理科,2015,第三批,加入对比 ,156
中药学,吉林大学珠海学院,401,401,宁夏,理科,2015,第三批,加入对比 ,156
测控技术与仪器,吉林大学珠海学院,401,401,宁夏,理科,2015,第三批,加入对比 ,156
通信工程,吉林大学珠海学院,402,403,宁夏,理科,2015,第三批,加入对比 ,156
车辆工程,吉林大学珠海学院,403,407,宁夏,理科,2015,第三批,加入对比 ,156
化学工程与工艺,吉林大学珠海学院,405,405,宁夏,理科,2015,第三批,加入对比 ,156
软件工程,吉林大学珠海学院,406,406,宁夏,理科,2015,第三批,加入对比 ,156
计算机科学与技术,吉林大学珠海学院,407,407,宁夏,理科,2015,第三批,加入对比 ,156
机械设计制造及其自动化,吉林大学珠海学院,412,412,宁夏,理科,2015,第三批,加入对比 ,156
汉语言文学,吉林大学珠海学院,464,464,宁夏,文科,2015,第三批,加入对比 ,156
会计学,吉林大学珠海学院,467,470,宁夏,文科,2015,第三批,加入对比 ,156
资源勘查工程,吉林大学,534,560,新疆,理科,2015,第一批,加入对比 ,156
软件工程,吉林大学,536,549,新疆,理科,2015,第一批,加入对比 ,156
地质工程,吉林大学,542,544,新疆,理科,2015,第一批,加入对比 ,156
食品科学与工程,吉林大学,543,544,新疆,理科,2015,第一批,加入对比 ,156
食品质量与安全,吉林大学,544,545,新疆,理科,2015,第一批,加入对比 ,156
地质学,吉林大学,544,544,新疆,理科,2015,第一批,加入对比 ,156
农业机械化及其自动化,吉林大学,545,547,新疆,理科,2015,第一批,加入对比 ,156
道路桥梁与渡河工程,吉林大学,545,547,新疆,理科,2015,第一批,加入对比 ,156
信息工程,吉林大学,545,547,新疆,理科,2015,第一批,加入对比 ,156
材料物理,吉林大学,545,548,新疆,理科,2015,第一批,加入对比 ,156
材料成型及控制工程,吉林大学,546,549,新疆,理科,2015,第一批,加入对比 ,156
信息管理与信息系统,吉林大学,547,550,新疆,理科,2015,第一批,加入对比 ,156
土木工程,吉林大学,548,554,新疆,理科,2015,第一批,加入对比 ,156
测控技术与仪器,吉林大学,548,551,新疆,理科,2015,第一批,加入对比 ,156
物理学,吉林大学,548,550,新疆,理科,2015,第一批,加入对比 ,156
信息与计算科学,吉林大学,548,556,新疆,理科,2015,第一批,加入对比 ,156
计算机科学与技术,吉林大学,549,556,新疆,理科,2015,第一批,加入对比 ,156
自动化,吉林大学,549,552,新疆,理科,2015,第一批,加入对比 ,156
电子科学与技术,吉林大学,549,556,新疆,理科,2015,第一批,加入对比 ,156
勘查技术与工程,吉林大学,550,561,新疆,理科,2015,第一批,加入对比 ,156
化学工程与工艺,吉林大学,550,551,新疆,理科,2015,第一批,加入对比 ,156
通信工程,吉林大学,550,557,新疆,理科,2015,第一批,加入对比 ,156
材料科学与工程,吉林大学,550,551,新疆,理科,2015,第一批,加入对比 ,156
汽车服务工程,吉林大学,551,553,新疆,理科,2015,第一批,加入对比 ,156
电气工程及其自动化,吉林大学,554,555,新疆,理科,2015,第一批,加入对比 ,156
机械工程,吉林大学,555,569,新疆,理科,2015,第一批,加入对比 ,156
药物制剂,吉林大学,556,558,新疆,理科,2015,第一批,加入对比 ,156
电子信息工程,吉林大学,556,559,新疆,理科,2015,第一批,加入对比 ,156
预防医学,吉林大学,557,564,新疆,理科,2015,第一批,加入对比 ,156
工商管理,吉林大学,558,559,新疆,理科,2015,第一批,加入对比 ,156
放射医学,吉林大学,558,562,新疆,理科,2015,第一批,加入对比 ,156
金融学,吉林大学,561,562,新疆,理科,2015,第一批,加入对比 ,156
经济学,吉林大学,562,564,新疆,理科,2015,第一批,加入对比 ,156
政治学与行政学,吉林大学,567,570,新疆,文科,2015,第一批,加入对比 ,156
俄语,吉林大学,569,570,新疆,文科,2015,第一批,加入对比 ,156
交通运输,吉林大学,570,578,新疆,理科,2015,第一批,加入对比 ,156
英语,吉林大学,571,575,新疆,文科,2015,第一批,加入对比 ,156
法学,吉林大学,575,580,新疆,文科,2015,第一批,加入对比 ,156
会计学,吉林大学,577,582,新疆,理科,2015,第一批,加入对比 ,156
制药工程,吉林大学珠海学院,382,382,新疆,理科,2015,第三批,加入对比 ,156
化学工程与工艺,吉林大学珠海学院,382,382,新疆,理科,2015,第三批,加入对比 ,156
自动化,吉林大学珠海学院,384,384,新疆,理科,2015,第三批,加入对比 ,156
计算机科学与技术,吉林大学珠海学院,386,386,新疆,理科,2015,第三批,加入对比 ,156
机械设计制造及其自动化,吉林大学珠海学院,388,388,新疆,理科,2015,第三批,加入对比 ,156
通信工程,吉林大学珠海学院,389,389,新疆,理科,2015,第三批,加入对比 ,156
会计学,吉林大学珠海学院,391,391,新疆,理科,2015,第三批,加入对比 ,156
药物制剂,吉林大学珠海学院,395,395,新疆,理科,2015,第三批,加入对比 ,156
软件工程,吉林大学珠海学院,396,396,新疆,理科,2015,第三批,加入对比 ,156
金融学,吉林大学珠海学院,406,411,新疆,理科,2015,第三批,加入对比 ,156
会计学,吉林大学珠海学院,426,426,新疆,文科,2015,第三批,加入对比 ,156
农林经济管理,吉林大学,567,567,江西,文科,2015,第一批,加入对比 ,156
英语,吉林大学,568,570,江西,文科,2015,第一批,加入对比 ,156
日语,吉林大学,569,570,江西,文科,2015,第一批,加入对比 ,156
金融学,吉林大学,579,580,江西,文科,2015,第一批,加入对比 ,156
食品质量与安全,吉林大学,589,594,江西,理科,2015,第一批,加入对比 ,156
地理科学,吉林大学,598,598,江西,理科,2015,第一批,加入对比 ,156
无机非金属材料工程,吉林大学,598,599,江西,理科,2015,第一批,加入对比 ,156
地质工程,吉林大学,598,598,江西,理科,2015,第一批,加入对比 ,156
工业工程,吉林大学,599,599,江西,理科,2015,第一批,加入对比 ,156
农业机械化及其自动化,吉林大学,524,531,宁夏,理科,2015,第一批,加入对比 ,157
道路桥梁与渡河工程,吉林大学,524,527,宁夏,理科,2015,第一批,加入对比 ,157
电子科学与技术,吉林大学,525,528,宁夏,理科,2015,第一批,加入对比 ,157
物理学,吉林大学,526,533,宁夏,理科,2015,第一批,加入对比 ,157
土木工程,吉林大学,527,533,宁夏,理科,2015,第一批,加入对比 ,157
交通运输,吉林大学,527,531,宁夏,理科,2015,第一批,加入对比 ,157
测控技术与仪器,吉林大学,528,535,宁夏,理科,2015,第一批,加入对比 ,157
电子信息工程,吉林大学,529,535,宁夏,理科,2015,第一批,加入对比 ,157
材料成型及控制工程,吉林大学,529,530,宁夏,理科,2015,第一批,加入对比 ,157
通信工程,吉林大学,532,538,宁夏,理科,2015,第一批,加入对比 ,157
材料科学与工程,吉林大学,533,537,宁夏,理科,2015,第一批,加入对比 ,157
计算机科学与技术,吉林大学,534,538,宁夏,理科,2015,第一批,加入对比 ,157
工商管理,吉林大学,535,547,宁夏,理科,2015,第一批,加入对比 ,157
统计学,吉林大学,535,538,宁夏,理科,2015,第一批,加入对比 ,157
地质学,吉林大学,536,542,宁夏,理科,2015,第一批,加入对比 ,157
化学,吉林大学,537,544,宁夏,理科,2015,第一批,加入对比 ,157
自动化,吉林大学,538,538,宁夏,理科,2015,第一批,加入对比 ,157
软件工程,吉林大学,539,545,宁夏,理科,2015,第一批,加入对比 ,157
能源与动力工程,吉林大学,539,541,宁夏,理科,2015,第一批,加入对比 ,157
机械工程,吉林大学,540,543,宁夏,理科,2015,第一批,加入对比 ,157
电气工程及其自动化,吉林大学,543,547,宁夏,理科,2015,第一批,加入对比 ,157
金融学,吉林大学,543,544,宁夏,理科,2015,第一批,加入对比 ,157
车辆工程,吉林大学,546,550,宁夏,理科,2015,第一批,加入对比 ,157
俄语,吉林大学,568,569,宁夏,文科,2015,第一批,加入对比 ,157
文物与博物馆学,吉林大学,570,573,宁夏,文科,2015,第一批,加入对比 ,157
新闻学,吉林大学,570,574,宁夏,文科,2015,第一批,加入对比 ,157
英语,吉林大学,571,575,宁夏,文科,2015,第一批,加入对比 ,157
法学,吉林大学,576,580,宁夏,文科,2015,第一批,加入对比 ,157
应用化学,吉林大学珠海学院,386,386,宁夏,理科,2015,第三批,加入对比 ,157
制药工程,吉林大学珠海学院,400,400,宁夏,理科,2015,第三批,加入对比 ,157
自动化,吉林大学珠海学院,400,400,宁夏,理科,2015,第三批,加入对比 ,157
中药学,吉林大学珠海学院,401,401,宁夏,理科,2015,第三批,加入对比 ,157
测控技术与仪器,吉林大学珠海学院,401,401,宁夏,理科,2015,第三批,加入对比 ,157
通信工程,吉林大学珠海学院,402,403,宁夏,理科,2015,第三批,加入对比 ,157
车辆工程,吉林大学珠海学院,403,407,宁夏,理科,2015,第三批,加入对比 ,157
化学工程与工艺,吉林大学珠海学院,405,405,宁夏,理科,2015,第三批,加入对比 ,157
软件工程,吉林大学珠海学院,406,406,宁夏,理科,2015,第三批,加入对比 ,157
计算机科学与技术,吉林大学珠海学院,407,407,宁夏,理科,2015,第三批,加入对比 ,157
机械设计制造及其自动化,吉林大学珠海学院,412,412,宁夏,理科,2015,第三批,加入对比 ,157
汉语言文学,吉林大学珠海学院,464,464,宁夏,文科,2015,第三批,加入对比 ,157
会计学,吉林大学珠海学院,467,470,宁夏,文科,2015,第三批,加入对比 ,157
资源勘查工程,吉林大学,534,560,新疆,理科,2015,第一批,加入对比 ,157
软件工程,吉林大学,536,549,新疆,理科,2015,第一批,加入对比 ,157
地质工程,吉林大学,542,544,新疆,理科,2015,第一批,加入对比 ,157
食品科学与工程,吉林大学,543,544,新疆,理科,2015,第一批,加入对比 ,157
食品质量与安全,吉林大学,544,545,新疆,理科,2015,第一批,加入对比 ,157
地质学,吉林大学,544,544,新疆,理科,2015,第一批,加入对比 ,157
农业机械化及其自动化,吉林大学,545,547,新疆,理科,2015,第一批,加入对比 ,157
道路桥梁与渡河工程,吉林大学,545,547,新疆,理科,2015,第一批,加入对比 ,157
信息工程,吉林大学,545,547,新疆,理科,2015,第一批,加入对比 ,157
材料物理,吉林大学,545,548,新疆,理科,2015,第一批,加入对比 ,157
材料成型及控制工程,吉林大学,546,549,新疆,理科,2015,第一批,加入对比 ,157
信息管理与信息系统,吉林大学,547,550,新疆,理科,2015,第一批,加入对比 ,157
土木工程,吉林大学,548,554,新疆,理科,2015,第一批,加入对比 ,157
测控技术与仪器,吉林大学,548,551,新疆,理科,2015,第一批,加入对比 ,157
物理学,吉林大学,548,550,新疆,理科,2015,第一批,加入对比 ,157
信息与计算科学,吉林大学,548,556,新疆,理科,2015,第一批,加入对比 ,157
计算机科学与技术,吉林大学,549,556,新疆,理科,2015,第一批,加入对比 ,157
自动化,吉林大学,549,552,新疆,理科,2015,第一批,加入对比 ,157
电子科学与技术,吉林大学,549,556,新疆,理科,2015,第一批,加入对比 ,157
勘查技术与工程,吉林大学,550,561,新疆,理科,2015,第一批,加入对比 ,157
化学工程与工艺,吉林大学,550,551,新疆,理科,2015,第一批,加入对比 ,157
通信工程,吉林大学,550,557,新疆,理科,2015,第一批,加入对比 ,157
材料科学与工程,吉林大学,550,551,新疆,理科,2015,第一批,加入对比 ,157
汽车服务工程,吉林大学,551,553,新疆,理科,2015,第一批,加入对比 ,157
电气工程及其自动化,吉林大学,554,555,新疆,理科,2015,第一批,加入对比 ,157
机械工程,吉林大学,555,569,新疆,理科,2015,第一批,加入对比 ,157
药物制剂,吉林大学,556,558,新疆,理科,2015,第一批,加入对比 ,157
电子信息工程,吉林大学,556,559,新疆,理科,2015,第一批,加入对比 ,157
预防医学,吉林大学,557,564,新疆,理科,2015,第一批,加入对比 ,157
工商管理,吉林大学,558,559,新疆,理科,2015,第一批,加入对比 ,157
放射医学,吉林大学,558,562,新疆,理科,2015,第一批,加入对比 ,157
金融学,吉林大学,561,562,新疆,理科,2015,第一批,加入对比 ,157
经济学,吉林大学,562,564,新疆,理科,2015,第一批,加入对比 ,157
政治学与行政学,吉林大学,567,570,新疆,文科,2015,第一批,加入对比 ,157
俄语,吉林大学,569,570,新疆,文科,2015,第一批,加入对比 ,157
交通运输,吉林大学,570,578,新疆,理科,2015,第一批,加入对比 ,157
英语,吉林大学,571,575,新疆,文科,2015,第一批,加入对比 ,157
法学,吉林大学,575,580,新疆,文科,2015,第一批,加入对比 ,157
会计学,吉林大学,577,582,新疆,理科,2015,第一批,加入对比 ,157
制药工程,吉林大学珠海学院,382,382,新疆,理科,2015,第三批,加入对比 ,157
化学工程与工艺,吉林大学珠海学院,382,382,新疆,理科,2015,第三批,加入对比 ,157
自动化,吉林大学珠海学院,384,384,新疆,理科,2015,第三批,加入对比 ,157
计算机科学与技术,吉林大学珠海学院,386,386,新疆,理科,2015,第三批,加入对比 ,157
机械设计制造及其自动化,吉林大学珠海学院,388,388,新疆,理科,2015,第三批,加入对比 ,157
通信工程,吉林大学珠海学院,389,389,新疆,理科,2015,第三批,加入对比 ,157
会计学,吉林大学珠海学院,391,391,新疆,理科,2015,第三批,加入对比 ,157
药物制剂,吉林大学珠海学院,395,395,新疆,理科,2015,第三批,加入对比 ,157
软件工程,吉林大学珠海学院,396,396,新疆,理科,2015,第三批,加入对比 ,157
金融学,吉林大学珠海学院,406,411,新疆,理科,2015,第三批,加入对比 ,157
会计学,吉林大学珠海学院,426,426,新疆,文科,2015,第三批,加入对比 ,157
农林经济管理,吉林大学,567,567,江西,文科,2015,第一批,加入对比 ,157
英语,吉林大学,568,570,江西,文科,2015,第一批,加入对比 ,157
日语,吉林大学,569,570,江西,文科,2015,第一批,加入对比 ,157
金融学,吉林大学,579,580,江西,文科,2015,第一批,加入对比 ,157
食品质量与安全,吉林大学,589,594,江西,理科,2015,第一批,加入对比 ,157
地理科学,吉林大学,598,598,江西,理科,2015,第一批,加入对比 ,157
无机非金属材料工程,吉林大学,598,599,江西,理科,2015,第一批,加入对比 ,157
地质工程,吉林大学,598,598,江西,理科,2015,第一批,加入对比 ,157
工业工程,吉林大学,599,599,江西,理科,2015,第一批,加入对比 ,157
新闻学,吉林大学,570,574,宁夏,文科,2015,第一批,加入对比 ,158
英语,吉林大学,571,575,宁夏,文科,2015,第一批,加入对比 ,158
法学,吉林大学,576,580,宁夏,文科,2015,第一批,加入对比 ,158
应用化学,吉林大学珠海学院,386,386,宁夏,理科,2015,第三批,加入对比 ,158
制药工程,吉林大学珠海学院,400,400,宁夏,理科,2015,第三批,加入对比 ,158
自动化,吉林大学珠海学院,400,400,宁夏,理科,2015,第三批,加入对比 ,158
中药学,吉林大学珠海学院,401,401,宁夏,理科,2015,第三批,加入对比 ,158
测控技术与仪器,吉林大学珠海学院,401,401,宁夏,理科,2015,第三批,加入对比 ,158
通信工程,吉林大学珠海学院,402,403,宁夏,理科,2015,第三批,加入对比 ,158
车辆工程,吉林大学珠海学院,403,407,宁夏,理科,2015,第三批,加入对比 ,158
化学工程与工艺,吉林大学珠海学院,405,405,宁夏,理科,2015,第三批,加入对比 ,158
软件工程,吉林大学珠海学院,406,406,宁夏,理科,2015,第三批,加入对比 ,158
计算机科学与技术,吉林大学珠海学院,407,407,宁夏,理科,2015,第三批,加入对比 ,158
机械设计制造及其自动化,吉林大学珠海学院,412,412,宁夏,理科,2015,第三批,加入对比 ,158
汉语言文学,吉林大学珠海学院,464,464,宁夏,文科,2015,第三批,加入对比 ,158
会计学,吉林大学珠海学院,467,470,宁夏,文科,2015,第三批,加入对比 ,158
资源勘查工程,吉林大学,534,560,新疆,理科,2015,第一批,加入对比 ,158
软件工程,吉林大学,536,549,新疆,理科,2015,第一批,加入对比 ,158
地质工程,吉林大学,542,544,新疆,理科,2015,第一批,加入对比 ,158
食品科学与工程,吉林大学,543,544,新疆,理科,2015,第一批,加入对比 ,158
食品质量与安全,吉林大学,544,545,新疆,理科,2015,第一批,加入对比 ,158
地质学,吉林大学,544,544,新疆,理科,2015,第一批,加入对比 ,158
农业机械化及其自动化,吉林大学,545,547,新疆,理科,2015,第一批,加入对比 ,158
道路桥梁与渡河工程,吉林大学,545,547,新疆,理科,2015,第一批,加入对比 ,158
信息工程,吉林大学,545,547,新疆,理科,2015,第一批,加入对比 ,158
材料物理,吉林大学,545,548,新疆,理科,2015,第一批,加入对比 ,158
材料成型及控制工程,吉林大学,546,549,新疆,理科,2015,第一批,加入对比 ,158
信息管理与信息系统,吉林大学,547,550,新疆,理科,2015,第一批,加入对比 ,158
土木工程,吉林大学,548,554,新疆,理科,2015,第一批,加入对比 ,158
测控技术与仪器,吉林大学,548,551,新疆,理科,2015,第一批,加入对比 ,158
物理学,吉林大学,548,550,新疆,理科,2015,第一批,加入对比 ,158
信息与计算科学,吉林大学,548,556,新疆,理科,2015,第一批,加入对比 ,158
计算机科学与技术,吉林大学,549,556,新疆,理科,2015,第一批,加入对比 ,158
自动化,吉林大学,549,552,新疆,理科,2015,第一批,加入对比 ,158
电子科学与技术,吉林大学,549,556,新疆,理科,2015,第一批,加入对比 ,158
勘查技术与工程,吉林大学,550,561,新疆,理科,2015,第一批,加入对比 ,158
化学工程与工艺,吉林大学,550,551,新疆,理科,2015,第一批,加入对比 ,158
通信工程,吉林大学,550,557,新疆,理科,2015,第一批,加入对比 ,158
材料科学与工程,吉林大学,550,551,新疆,理科,2015,第一批,加入对比 ,158
汽车服务工程,吉林大学,551,553,新疆,理科,2015,第一批,加入对比 ,158
电气工程及其自动化,吉林大学,554,555,新疆,理科,2015,第一批,加入对比 ,158
机械工程,吉林大学,555,569,新疆,理科,2015,第一批,加入对比 ,158
药物制剂,吉林大学,556,558,新疆,理科,2015,第一批,加入对比 ,158
电子信息工程,吉林大学,556,559,新疆,理科,2015,第一批,加入对比 ,158
预防医学,吉林大学,557,564,新疆,理科,2015,第一批,加入对比 ,158
工商管理,吉林大学,558,559,新疆,理科,2015,第一批,加入对比 ,158
放射医学,吉林大学,558,562,新疆,理科,2015,第一批,加入对比 ,158
金融学,吉林大学,561,562,新疆,理科,2015,第一批,加入对比 ,158
经济学,吉林大学,562,564,新疆,理科,2015,第一批,加入对比 ,158
政治学与行政学,吉林大学,567,570,新疆,文科,2015,第一批,加入对比 ,158
俄语,吉林大学,569,570,新疆,文科,2015,第一批,加入对比 ,158
交通运输,吉林大学,570,578,新疆,理科,2015,第一批,加入对比 ,158
英语,吉林大学,571,575,新疆,文科,2015,第一批,加入对比 ,158
法学,吉林大学,575,580,新疆,文科,2015,第一批,加入对比 ,158
会计学,吉林大学,577,582,新疆,理科,2015,第一批,加入对比 ,158
制药工程,吉林大学珠海学院,382,382,新疆,理科,2015,第三批,加入对比 ,158
化学工程与工艺,吉林大学珠海学院,382,382,新疆,理科,2015,第三批,加入对比 ,158
自动化,吉林大学珠海学院,384,384,新疆,理科,2015,第三批,加入对比 ,158
计算机科学与技术,吉林大学珠海学院,386,386,新疆,理科,2015,第三批,加入对比 ,158
机械设计制造及其自动化,吉林大学珠海学院,388,388,新疆,理科,2015,第三批,加入对比 ,158
通信工程,吉林大学珠海学院,389,389,新疆,理科,2015,第三批,加入对比 ,158
会计学,吉林大学珠海学院,391,391,新疆,理科,2015,第三批,加入对比 ,158
药物制剂,吉林大学珠海学院,395,395,新疆,理科,2015,第三批,加入对比 ,158
软件工程,吉林大学珠海学院,396,396,新疆,理科,2015,第三批,加入对比 ,158
金融学,吉林大学珠海学院,406,411,新疆,理科,2015,第三批,加入对比 ,158
会计学,吉林大学珠海学院,426,426,新疆,文科,2015,第三批,加入对比 ,158
农林经济管理,吉林大学,567,567,江西,文科,2015,第一批,加入对比 ,158
英语,吉林大学,568,570,江西,文科,2015,第一批,加入对比 ,158
日语,吉林大学,569,570,江西,文科,2015,第一批,加入对比 ,158
金融学,吉林大学,579,580,江西,文科,2015,第一批,加入对比 ,158
食品质量与安全,吉林大学,589,594,江西,理科,2015,第一批,加入对比 ,158
地理科学,吉林大学,598,598,江西,理科,2015,第一批,加入对比 ,158
无机非金属材料工程,吉林大学,598,599,江西,理科,2015,第一批,加入对比 ,158
地质工程,吉林大学,598,598,江西,理科,2015,第一批,加入对比 ,158
工业工程,吉林大学,599,599,江西,理科,2015,第一批,加入对比 ,158
材料物理,吉林大学,545,548,新疆,理科,2015,第一批,加入对比 ,159
材料成型及控制工程,吉林大学,546,549,新疆,理科,2015,第一批,加入对比 ,159
信息管理与信息系统,吉林大学,547,550,新疆,理科,2015,第一批,加入对比 ,159
土木工程,吉林大学,548,554,新疆,理科,2015,第一批,加入对比 ,159
测控技术与仪器,吉林大学,548,551,新疆,理科,2015,第一批,加入对比 ,159
物理学,吉林大学,548,550,新疆,理科,2015,第一批,加入对比 ,159
信息与计算科学,吉林大学,548,556,新疆,理科,2015,第一批,加入对比 ,159
计算机科学与技术,吉林大学,549,556,新疆,理科,2015,第一批,加入对比 ,159
自动化,吉林大学,549,552,新疆,理科,2015,第一批,加入对比 ,159
电子科学与技术,吉林大学,549,556,新疆,理科,2015,第一批,加入对比 ,159
勘查技术与工程,吉林大学,550,561,新疆,理科,2015,第一批,加入对比 ,159
化学工程与工艺,吉林大学,550,551,新疆,理科,2015,第一批,加入对比 ,159
通信工程,吉林大学,550,557,新疆,理科,2015,第一批,加入对比 ,159
材料科学与工程,吉林大学,550,551,新疆,理科,2015,第一批,加入对比 ,159
汽车服务工程,吉林大学,551,553,新疆,理科,2015,第一批,加入对比 ,159
电气工程及其自动化,吉林大学,554,555,新疆,理科,2015,第一批,加入对比 ,159
机械工程,吉林大学,555,569,新疆,理科,2015,第一批,加入对比 ,159
药物制剂,吉林大学,556,558,新疆,理科,2015,第一批,加入对比 ,159
电子信息工程,吉林大学,556,559,新疆,理科,2015,第一批,加入对比 ,159
预防医学,吉林大学,557,564,新疆,理科,2015,第一批,加入对比 ,159
工商管理,吉林大学,558,559,新疆,理科,2015,第一批,加入对比 ,159
放射医学,吉林大学,558,562,新疆,理科,2015,第一批,加入对比 ,159
金融学,吉林大学,561,562,新疆,理科,2015,第一批,加入对比 ,159
经济学,吉林大学,562,564,新疆,理科,2015,第一批,加入对比 ,159
政治学与行政学,吉林大学,567,570,新疆,文科,2015,第一批,加入对比 ,159
俄语,吉林大学,569,570,新疆,文科,2015,第一批,加入对比 ,159
交通运输,吉林大学,570,578,新疆,理科,2015,第一批,加入对比 ,159
英语,吉林大学,571,575,新疆,文科,2015,第一批,加入对比 ,159
法学,吉林大学,575,580,新疆,文科,2015,第一批,加入对比 ,159
会计学,吉林大学,577,582,新疆,理科,2015,第一批,加入对比 ,159
制药工程,吉林大学珠海学院,382,382,新疆,理科,2015,第三批,加入对比 ,159
化学工程与工艺,吉林大学珠海学院,382,382,新疆,理科,2015,第三批,加入对比 ,159
自动化,吉林大学珠海学院,384,384,新疆,理科,2015,第三批,加入对比 ,159
计算机科学与技术,吉林大学珠海学院,386,386,新疆,理科,2015,第三批,加入对比 ,159
机械设计制造及其自动化,吉林大学珠海学院,388,388,新疆,理科,2015,第三批,加入对比 ,159
通信工程,吉林大学珠海学院,389,389,新疆,理科,2015,第三批,加入对比 ,159
会计学,吉林大学珠海学院,391,391,新疆,理科,2015,第三批,加入对比 ,159
药物制剂,吉林大学珠海学院,395,395,新疆,理科,2015,第三批,加入对比 ,159
软件工程,吉林大学珠海学院,396,396,新疆,理科,2015,第三批,加入对比 ,159
金融学,吉林大学珠海学院,406,411,新疆,理科,2015,第三批,加入对比 ,159
会计学,吉林大学珠海学院,426,426,新疆,文科,2015,第三批,加入对比 ,159
农林经济管理,吉林大学,567,567,江西,文科,2015,第一批,加入对比 ,159
英语,吉林大学,568,570,江西,文科,2015,第一批,加入对比 ,159
日语,吉林大学,569,570,江西,文科,2015,第一批,加入对比 ,159
金融学,吉林大学,579,580,江西,文科,2015,第一批,加入对比 ,159
食品质量与安全,吉林大学,589,594,江西,理科,2015,第一批,加入对比 ,159
地理科学,吉林大学,598,598,江西,理科,2015,第一批,加入对比 ,159
无机非金属材料工程,吉林大学,598,599,江西,理科,2015,第一批,加入对比 ,159
地质工程,吉林大学,598,598,江西,理科,2015,第一批,加入对比 ,159
工业工程,吉林大学,599,599,江西,理科,2015,第一批,加入对比 ,159
俄语,吉林大学,569,570,新疆,文科,2015,第一批,加入对比 ,160
交通运输,吉林大学,570,578,新疆,理科,2015,第一批,加入对比 ,160
英语,吉林大学,571,575,新疆,文科,2015,第一批,加入对比 ,160
法学,吉林大学,575,580,新疆,文科,2015,第一批,加入对比 ,160
会计学,吉林大学,577,582,新疆,理科,2015,第一批,加入对比 ,160
制药工程,吉林大学珠海学院,382,382,新疆,理科,2015,第三批,加入对比 ,160
化学工程与工艺,吉林大学珠海学院,382,382,新疆,理科,2015,第三批,加入对比 ,160
自动化,吉林大学珠海学院,384,384,新疆,理科,2015,第三批,加入对比 ,160
计算机科学与技术,吉林大学珠海学院,386,386,新疆,理科,2015,第三批,加入对比 ,160
机械设计制造及其自动化,吉林大学珠海学院,388,388,新疆,理科,2015,第三批,加入对比 ,160
通信工程,吉林大学珠海学院,389,389,新疆,理科,2015,第三批,加入对比 ,160
会计学,吉林大学珠海学院,391,391,新疆,理科,2015,第三批,加入对比 ,160
药物制剂,吉林大学珠海学院,395,395,新疆,理科,2015,第三批,加入对比 ,160
软件工程,吉林大学珠海学院,396,396,新疆,理科,2015,第三批,加入对比 ,160
金融学,吉林大学珠海学院,406,411,新疆,理科,2015,第三批,加入对比 ,160
会计学,吉林大学珠海学院,426,426,新疆,文科,2015,第三批,加入对比 ,160
农林经济管理,吉林大学,567,567,江西,文科,2015,第一批,加入对比 ,160
英语,吉林大学,568,570,江西,文科,2015,第一批,加入对比 ,160
日语,吉林大学,569,570,江西,文科,2015,第一批,加入对比 ,160
金融学,吉林大学,579,580,江西,文科,2015,第一批,加入对比 ,160
食品质量与安全,吉林大学,589,594,江西,理科,2015,第一批,加入对比 ,160
地理科学,吉林大学,598,598,江西,理科,2015,第一批,加入对比 ,160
无机非金属材料工程,吉林大学,598,599,江西,理科,2015,第一批,加入对比 ,160
地质工程,吉林大学,598,598,江西,理科,2015,第一批,加入对比 ,160
工业工程,吉林大学,599,599,江西,理科,2015,第一批,加入对比 ,160
物理学,吉林大学,599,600,江西,理科,2015,第一批,加入对比 ,161
生物医学工程,吉林大学,599,601,江西,理科,2015,第一批,加入对比 ,161
地质学,吉林大学,599,600,江西,理科,2015,第一批,加入对比 ,161
英语,吉林大学,600,601,江西,理科,2015,第一批,加入对比 ,161
交通工程,吉林大学,600,600,江西,理科,2015,第一批,加入对比 ,161
水文与水资源工程,吉林大学,600,601,江西,理科,2015,第一批,加入对比 ,161
物理学类,吉林大学,600,601,江西,理科,2015,第一批,加入对比 ,161
材料科学与工程,吉林大学,600,601,江西,理科,2015,第一批,加入对比 ,161
农业机械化及其自动化,吉林大学,601,603,江西,理科,2015,第一批,加入对比 ,161
土木工程,吉林大学,601,606,江西,理科,2015,第一批,加入对比 ,161
制药工程,吉林大学,601,602,江西,理科,2015,第一批,加入对比 ,161
材料成型及控制工程,吉林大学,601,602,江西,理科,2015,第一批,加入对比 ,161
信息工程,吉林大学,601,602,江西,理科,2015,第一批,加入对比 ,161
道路桥梁与渡河工程,吉林大学,602,604,江西,理科,2015,第一批,加入对比 ,161
工商管理,吉林大学,602,604,江西,理科,2015,第一批,加入对比 ,161
材料化学,吉林大学,602,603,江西,理科,2015,第一批,加入对比 ,161
测控技术与仪器,吉林大学,602,604,江西,理科,2015,第一批,加入对比 ,161
应用物理学,吉林大学,602,604,江西,理科,2015,第一批,加入对比 ,161
法学,吉林大学,602,604,江西,理科,2015,第一批,加入对比 ,161
微电子科学与工程,吉林大学,603,605,江西,理科,2015,第一批,加入对比 ,161
通信工程,吉林大学,603,605,江西,理科,2015,第一批,加入对比 ,161
数学与应用数学,吉林大学,603,607,江西,理科,2015,第一批,加入对比 ,161
信息与计算科学,吉林大学,603,606,江西,理科,2015,第一批,加入对比 ,161
自动化,吉林大学,603,604,江西,理科,2015,第一批,加入对比 ,161
环境工程,吉林大学,604,609,江西,理科,2015,第一批,加入对比 ,161
会计学,吉林大学,605,607,江西,理科,2015,第一批,加入对比 ,162
电子信息工程,吉林大学,605,608,江西,理科,2015,第一批,加入对比 ,162
材料物理,吉林大学,605,609,江西,理科,2015,第一批,加入对比 ,162
软件工程,吉林大学,605,608,江西,理科,2015,第一批,加入对比 ,162
金融学,吉林大学,605,606,江西,理科,2015,第一批,加入对比 ,162
资源勘查工程,吉林大学,605,608,江西,理科,2015,第一批,加入对比 ,162
放射医学,吉林大学,607,609,江西,理科,2015,第一批,加入对比 ,162
计算机科学与技术,吉林大学,607,622,江西,理科,2015,第一批,加入对比 ,162
能源与动力工程,吉林大学,608,615,江西,理科,2015,第一批,加入对比 ,162
化学,吉林大学,609,615,江西,理科,2015,第一批,加入对比 ,162
电子科学与技术,吉林大学,613,613,江西,理科,2015,第一批,加入对比 ,162
机械工程,吉林大学,615,617,江西,理科,2015,第一批,加入对比 ,162
车辆工程,吉林大学,621,622,江西,理科,2015,第一批,加入对比 ,162
自动化,吉林大学珠海学院,481,482,江西,理科,2015,第三批,加入对比 ,162
中药学,吉林大学珠海学院,482,482,江西,理科,2015,第三批,加入对比 ,162
应用化学,吉林大学珠海学院,482,482,江西,理科,2015,第三批,加入对比 ,162
制药工程,吉林大学珠海学院,483,484,江西,理科,2015,第三批,加入对比 ,162
微电子科学与工程,吉林大学珠海学院,483,484,江西,理科,2015,第三批,加入对比 ,162
汽车服务工程,吉林大学珠海学院,483,485,江西,理科,2015,第三批,加入对比 ,162
工业工程,吉林大学珠海学院,484,486,江西,理科,2015,第三批,加入对比 ,162
网络工程,吉林大学珠海学院,484,486,江西,理科,2015,第三批,加入对比 ,162
广告学,吉林大学珠海学院,485,485,江西,文科,2015,第三批,加入对比 ,162
朝鲜语,吉林大学珠海学院,485,485,江西,文科,2015,第三批,加入对比 ,162
软件工程,吉林大学珠海学院,485,486,江西,理科,2015,第三批,加入对比 ,162
日语,吉林大学珠海学院,485,485,江西,文科,2015,第三批,加入对比 ,162
通信工程,吉林大学珠海学院,486,487,江西,理科,2015,第三批,加入对比 ,162
会计学,吉林大学珠海学院,486,486,江西,文科,2015,第三批,加入对比 ,162
英语,吉林大学珠海学院,486,486,江西,文科,2015,第三批,加入对比 ,162
英语,吉林大学珠海学院,487,487,江西,理科,2015,第三批,加入对比 ,162
计算机科学与技术,吉林大学珠海学院,488,491,江西,理科,2015,第三批,加入对比 ,162
会计学,吉林大学珠海学院,489,489,江西,理科,2015,第三批,加入对比 ,162
金融学,吉林大学珠海学院,490,490,江西,文科,2015,第三批,加入对比 ,162
机械设计制造及其自动化,吉林大学珠海学院,491,493,江西,理科,2015,第三批,加入对比 ,162
车辆工程,吉林大学珠海学院,497,528,江西,理科,2015,第三批,加入对比 ,162
建筑学,吉林大学珠海学院,508,520,江西,理科,2015,第三批,加入对比 ,162
金融学,吉林大学珠海学院,517,517,江西,理科,2015,第三批,加入对比 ,162
农林经济管理,吉林大学,564,564,北京,理科,2014,第一批,加入对比 ,162
水文与水资源工程,吉林大学,565,565,北京,理科,2014,第一批,加入对比 ,162
地理信息科学,吉林大学,566,566,北京,理科,2014,第一批,加入对比 ,162
地质学,吉林大学,566,566,北京,理科,2014,第一批,加入对比 ,162
地下水科学与工程,吉林大学,566,566,北京,理科,2014,第一批,加入对比 ,162
地球物理学,吉林大学,566,566,北京,理科,2014,第一批,加入对比 ,162
物流工程,吉林大学,567,567,北京,理科,2014,第一批,加入对比 ,162
工业工程,吉林大学,567,567,北京,理科,2014,第一批,加入对比 ,162
食品科学与工程,吉林大学,567,567,北京,理科,2014,第一批,加入对比 ,162
道路桥梁与渡河工程,吉林大学,567,567,北京,理科,2014,第一批,加入对比 ,162
交通运输,吉林大学,567,567,北京,理科,2014,第一批,加入对比 ,162
信息管理与信息系统,吉林大学,569,570,北京,理科,2014,第一批,加入对比 ,162
放射医学,吉林大学,569,569,北京,理科,2014,第一批,加入对比 ,162
测控技术与仪器,吉林大学,569,569,北京,理科,2014,第一批,加入对比 ,162
通信工程,吉林大学珠海学院,486,487,江西,理科,2015,第三批,加入对比 ,163
会计学,吉林大学珠海学院,486,486,江西,文科,2015,第三批,加入对比 ,163
英语,吉林大学珠海学院,486,486,江西,文科,2015,第三批,加入对比 ,163
英语,吉林大学珠海学院,487,487,江西,理科,2015,第三批,加入对比 ,163
计算机科学与技术,吉林大学珠海学院,488,491,江西,理科,2015,第三批,加入对比 ,163
会计学,吉林大学珠海学院,489,489,江西,理科,2015,第三批,加入对比 ,163
金融学,吉林大学珠海学院,490,490,江西,文科,2015,第三批,加入对比 ,163
机械设计制造及其自动化,吉林大学珠海学院,491,493,江西,理科,2015,第三批,加入对比 ,163
车辆工程,吉林大学珠海学院,497,528,江西,理科,2015,第三批,加入对比 ,163
建筑学,吉林大学珠海学院,508,520,江西,理科,2015,第三批,加入对比 ,163
金融学,吉林大学珠海学院,517,517,江西,理科,2015,第三批,加入对比 ,163
农林经济管理,吉林大学,564,564,北京,理科,2014,第一批,加入对比 ,163
水文与水资源工程,吉林大学,565,565,北京,理科,2014,第一批,加入对比 ,163
地理信息科学,吉林大学,566,566,北京,理科,2014,第一批,加入对比 ,163
地质学,吉林大学,566,566,北京,理科,2014,第一批,加入对比 ,163
地下水科学与工程,吉林大学,566,566,北京,理科,2014,第一批,加入对比 ,163
地球物理学,吉林大学,566,566,北京,理科,2014,第一批,加入对比 ,163
物流工程,吉林大学,567,567,北京,理科,2014,第一批,加入对比 ,163
工业工程,吉林大学,567,567,北京,理科,2014,第一批,加入对比 ,163
食品科学与工程,吉林大学,567,567,北京,理科,2014,第一批,加入对比 ,163
道路桥梁与渡河工程,吉林大学,567,567,北京,理科,2014,第一批,加入对比 ,163
交通运输,吉林大学,567,567,北京,理科,2014,第一批,加入对比 ,163
信息管理与信息系统,吉林大学,569,570,北京,理科,2014,第一批,加入对比 ,163
放射医学,吉林大学,569,569,北京,理科,2014,第一批,加入对比 ,163
测控技术与仪器,吉林大学,569,569,北京,理科,2014,第一批,加入对比 ,163
生物工程,吉林大学,569,569,北京,理科,2014,第一批,加入对比 ,163
服装设计与工程,吉林大学,570,572,北京,理科,2014,第一批,加入对比 ,163
高分子材料与工程,吉林大学,570,570,北京,理科,2014,第一批,加入对比 ,163
软件工程,吉林大学,570,572,北京,理科,2014,第一批,加入对比 ,163
工程力学,吉林大学,570,571,北京,理科,2014,第一批,加入对比 ,163
光电信息科学与工程,吉林大学,571,572,北京,理科,2014,第一批,加入对比 ,163
交通工程,吉林大学,571,571,北京,理科,2014,第一批,加入对比 ,163
材料成型及控制工程,吉林大学,572,572,北京,理科,2014,第一批,加入对比 ,163
材料化学,吉林大学,572,572,北京,理科,2014,第一批,加入对比 ,163
材料科学与工程,吉林大学,572,572,北京,理科,2014,第一批,加入对比 ,163
物联网工程,吉林大学,572,573,北京,理科,2014,第一批,加入对比 ,163
应用物理学,吉林大学,574,574,北京,理科,2014,第一批,加入对比 ,163
自动化,吉林大学,575,575,北京,理科,2014,第一批,加入对比 ,163
金融学,吉林大学,576,576,北京,理科,2014,第一批,加入对比 ,163
哲学,吉林大学,591,591,北京,文科,2014,第一批,加入对比 ,163
食品质量与安全,吉林大学,592,593,北京,理科,2014,第一批,加入对比 ,163
政治学与行政学,吉林大学,593,593,北京,文科,2014,第一批,加入对比 ,163
勘查技术与工程,吉林大学,599,608,北京,理科,2014,第一批,加入对比 ,163
土木工程,吉林大学,602,605,北京,理科,2014,第一批,加入对比 ,163
日语,吉林大学,607,609,北京,文科,2014,第一批,加入对比 ,163
环境科学,吉林大学,608,609,北京,理科,2014,第一批,加入对比 ,163
广告学,吉林大学,608,609,北京,文科,2014,第一批,加入对比 ,163
汽车服务工程,吉林大学,609,617,北京,理科,2014,第一批,加入对比 ,163
通信工程,吉林大学,611,612,北京,理科,2014,第一批,加入对比 ,163
应用化学,吉林大学,613,614,北京,理科,2014,第一批,加入对比 ,163
新闻学,吉林大学,614,617,北京,文科,2014,第一批,加入对比 ,163
能源与动力工程,吉林大学,618,618,北京,理科,2014,第一批,加入对比 ,163
物理学,吉林大学,619,620,北京,理科,2014,第一批,加入对比 ,163
计算机科学与技术,吉林大学,619,622,北京,理科,2014,第一批,加入对比 ,163
统计学,吉林大学,620,623,北京,理科,2014,第一批,加入对比 ,163
金融学,吉林大学,621,623,北京,文科,2014,第一批,加入对比 ,163
化学,吉林大学,623,627,北京,理科,2014,第一批,加入对比 ,163
经济学,吉林大学,629,635,北京,理科,2014,第一批,加入对比 ,163
车辆工程,吉林大学,629,636,北京,理科,2014,第一批,加入对比 ,163
物理学类,吉林大学,549,558,天津,理科,2014,第一批,加入对比 ,163
农林经济管理,吉林大学,564,564,天津,理科,2014,第一批,加入对比 ,163
水文与水资源工程,吉林大学,565,565,天津,理科,2014,第一批,加入对比 ,163
地质学,吉林大学,566,566,天津,理科,2014,第一批,加入对比 ,163
地理信息科学,吉林大学,566,566,天津,理科,2014,第一批,加入对比 ,163
地下水科学与工程,吉林大学,566,566,天津,理科,2014,第一批,加入对比 ,163
地球物理学,吉林大学,566,566,天津,理科,2014,第一批,加入对比 ,163
道路桥梁与渡河工程,吉林大学,567,567,天津,理科,2014,第一批,加入对比 ,163
预防医学,吉林大学,568,568,天津,理科,2014,第一批,加入对比 ,163
测绘工程,吉林大学,568,568,天津,理科,2014,第一批,加入对比 ,163
信息管理与信息系统,吉林大学,569,570,天津,理科,2014,第一批,加入对比 ,163
测控技术与仪器,吉林大学,569,569,天津,理科,2014,第一批,加入对比 ,163
生物工程,吉林大学,569,569,天津,理科,2014,第一批,加入对比 ,163
放射医学,吉林大学,569,569,天津,理科,2014,第一批,加入对比 ,163
环境工程,吉林大学,570,570,天津,理科,2014,第一批,加入对比 ,163
高分子材料与工程,吉林大学,570,570,天津,理科,2014,第一批,加入对比 ,163
生物工程,吉林大学,569,569,北京,理科,2014,第一批,加入对比 ,164
服装设计与工程,吉林大学,570,572,北京,理科,2014,第一批,加入对比 ,164
高分子材料与工程,吉林大学,570,570,北京,理科,2014,第一批,加入对比 ,164
软件工程,吉林大学,570,572,北京,理科,2014,第一批,加入对比 ,164
工程力学,吉林大学,570,571,北京,理科,2014,第一批,加入对比 ,164
光电信息科学与工程,吉林大学,571,572,北京,理科,2014,第一批,加入对比 ,164
交通工程,吉林大学,571,571,北京,理科,2014,第一批,加入对比 ,164
材料成型及控制工程,吉林大学,572,572,北京,理科,2014,第一批,加入对比 ,164
材料化学,吉林大学,572,572,北京,理科,2014,第一批,加入对比 ,164
材料科学与工程,吉林大学,572,572,北京,理科,2014,第一批,加入对比 ,164
物联网工程,吉林大学,572,573,北京,理科,2014,第一批,加入对比 ,164
应用物理学,吉林大学,574,574,北京,理科,2014,第一批,加入对比 ,164
自动化,吉林大学,575,575,北京,理科,2014,第一批,加入对比 ,164
金融学,吉林大学,576,576,北京,理科,2014,第一批,加入对比 ,164
哲学,吉林大学,591,591,北京,文科,2014,第一批,加入对比 ,164
食品质量与安全,吉林大学,592,593,北京,理科,2014,第一批,加入对比 ,164
政治学与行政学,吉林大学,593,593,北京,文科,2014,第一批,加入对比 ,164
勘查技术与工程,吉林大学,599,608,北京,理科,2014,第一批,加入对比 ,164
土木工程,吉林大学,602,605,北京,理科,2014,第一批,加入对比 ,164
日语,吉林大学,607,609,北京,文科,2014,第一批,加入对比 ,164
环境科学,吉林大学,608,609,北京,理科,2014,第一批,加入对比 ,164
广告学,吉林大学,608,609,北京,文科,2014,第一批,加入对比 ,164
汽车服务工程,吉林大学,609,617,北京,理科,2014,第一批,加入对比 ,164
通信工程,吉林大学,611,612,北京,理科,2014,第一批,加入对比 ,164
应用化学,吉林大学,613,614,北京,理科,2014,第一批,加入对比 ,164
新闻学,吉林大学,614,617,北京,文科,2014,第一批,加入对比 ,164
能源与动力工程,吉林大学,618,618,北京,理科,2014,第一批,加入对比 ,164
物理学,吉林大学,619,620,北京,理科,2014,第一批,加入对比 ,164
计算机科学与技术,吉林大学,619,622,北京,理科,2014,第一批,加入对比 ,164
统计学,吉林大学,620,623,北京,理科,2014,第一批,加入对比 ,164
金融学,吉林大学,621,623,北京,文科,2014,第一批,加入对比 ,164
化学,吉林大学,623,627,北京,理科,2014,第一批,加入对比 ,164
经济学,吉林大学,629,635,北京,理科,2014,第一批,加入对比 ,164
车辆工程,吉林大学,629,636,北京,理科,2014,第一批,加入对比 ,164
物理学类,吉林大学,549,558,天津,理科,2014,第一批,加入对比 ,164
农林经济管理,吉林大学,564,564,天津,理科,2014,第一批,加入对比 ,164
水文与水资源工程,吉林大学,565,565,天津,理科,2014,第一批,加入对比 ,164
地质学,吉林大学,566,566,天津,理科,2014,第一批,加入对比 ,164
地理信息科学,吉林大学,566,566,天津,理科,2014,第一批,加入对比 ,164
地下水科学与工程,吉林大学,566,566,天津,理科,2014,第一批,加入对比 ,164
地球物理学,吉林大学,566,566,天津,理科,2014,第一批,加入对比 ,164
道路桥梁与渡河工程,吉林大学,567,567,天津,理科,2014,第一批,加入对比 ,164
预防医学,吉林大学,568,568,天津,理科,2014,第一批,加入对比 ,164
测绘工程,吉林大学,568,568,天津,理科,2014,第一批,加入对比 ,164
信息管理与信息系统,吉林大学,569,570,天津,理科,2014,第一批,加入对比 ,164
测控技术与仪器,吉林大学,569,569,天津,理科,2014,第一批,加入对比 ,164
生物工程,吉林大学,569,569,天津,理科,2014,第一批,加入对比 ,164
放射医学,吉林大学,569,569,天津,理科,2014,第一批,加入对比 ,164
环境工程,吉林大学,570,570,天津,理科,2014,第一批,加入对比 ,164
高分子材料与工程,吉林大学,570,570,天津,理科,2014,第一批,加入对比 ,164
工程力学,吉林大学,570,571,天津,理科,2014,第一批,加入对比 ,164
无机非金属材料工程,吉林大学,570,570,天津,理科,2014,第一批,加入对比 ,164
交通工程,吉林大学,571,571,天津,理科,2014,第一批,加入对比 ,164
材料化学,吉林大学,572,572,天津,理科,2014,第一批,加入对比 ,164
应用物理学,吉林大学,574,574,天津,理科,2014,第一批,加入对比 ,164
电气工程及其自动化,吉林大学,576,577,天津,理科,2014,第一批,加入对比 ,164
土木工程,吉林大学,577,578,天津,理科,2014,第一批,加入对比 ,164
经济学,吉林大学,579,582,天津,理科,2014,第一批,加入对比 ,164
数学与应用数学,吉林大学,579,581,天津,理科,2014,第一批,加入对比 ,164
政治学类,吉林大学,581,584,天津,文科,2014,第一批,加入对比 ,164
外交学,吉林大学,582,583,天津,文科,2014,第一批,加入对比 ,164
西班牙语,吉林大学,583,584,天津,文科,2014,第一批,加入对比 ,164
新闻学,吉林大学,586,587,天津,文科,2014,第一批,加入对比 ,164
经济学,吉林大学,586,587,天津,文科,2014,第一批,加入对比 ,164
药物制剂,吉林大学,588,589,天津,理科,2014,第一批,加入对比 ,164
法学,吉林大学,589,592,天津,文科,2014,第一批,加入对比 ,164
食品质量与安全,吉林大学,591,592,天津,理科,2014,第一批,加入对比 ,164
材料科学与工程,吉林大学,591,592,天津,理科,2014,第一批,加入对比 ,164
光电信息科学与工程,吉林大学,592,594,天津,理科,2014,第一批,加入对比 ,164
物联网工程,吉林大学,592,593,天津,理科,2014,第一批,加入对比 ,164
环境科学,吉林大学,592,593,天津,理科,2014,第一批,加入对比 ,164
工程管理,吉林大学,592,594,天津,理科,2014,第一批,加入对比 ,164
汽车服务工程,吉林大学,592,593,天津,理科,2014,第一批,加入对比 ,164
交通运输,吉林大学,592,593,天津,理科,2014,第一批,加入对比 ,164
政治学与行政学,吉林大学,593,593,天津,文科,2014,第一批,加入对比 ,164
信息工程,吉林大学,593,593,天津,理科,2014,第一批,加入对比 ,164
日语,吉林大学,594,595,天津,文科,2014,第一批,加入对比 ,164
物流工程,吉林大学,594,596,天津,理科,2014,第一批,加入对比 ,164
材料成型及控制工程,吉林大学,594,595,天津,理科,2014,第一批,加入对比 ,164
电子科学与技术,吉林大学,595,595,天津,理科,2014,第一批,加入对比 ,164
电子信息工程,吉林大学,596,601,天津,理科,2014,第一批,加入对比 ,164
自动化,吉林大学,596,597,天津,理科,2014,第一批,加入对比 ,164
化学,吉林大学,597,600,天津,理科,2014,第一批,加入对比 ,164
工商管理,吉林大学,599,602,天津,理科,2014,第一批,加入对比 ,164
物理学,吉林大学,599,602,天津,理科,2014,第一批,加入对比 ,164
统计学,吉林大学,599,601,天津,理科,2014,第一批,加入对比 ,164
财政学,吉林大学,599,601,天津,理科,2014,第一批,加入对比 ,164
会计学,吉林大学,600,600,天津,理科,2014,第一批,加入对比 ,164
机械工程,吉林大学,601,604,天津,理科,2014,第一批,加入对比 ,164
能源与动力工程,吉林大学,603,605,天津,理科,2014,第一批,加入对比 ,164
车辆工程,吉林大学,608,615,天津,理科,2014,第一批,加入对比 ,164
制药工程,吉林大学珠海学院,--,--,天津,理科,2014,第二批,加入对比 ,164
软件工程,吉林大学珠海学院,--,--,天津,理科,2014,第二批,加入对比 ,164
通信工程,吉林大学珠海学院,--,--,天津,理科,2014,第二批,加入对比 ,164
机械设计制造及其自动化,吉林大学珠海学院,--,--,天津,理科,2014,第二批,加入对比 ,164
广告学,吉林大学珠海学院,--,--,天津,文科,2014,第二批,加入对比 ,164
市场营销,吉林大学,448,452,辽宁,理科,2014,专科,加入对比 ,164
物理学类,吉林大学,552,577,辽宁,理科,2014,第一批,加入对比 ,164
软件工程,吉林大学,574,598,辽宁,理科,2014,第一批,加入对比 ,164
电子信息工程,吉林大学,589,610,辽宁,理科,2014,提前批,加入对比 ,164
新闻学,吉林大学,614,617,北京,文科,2014,第一批,加入对比 ,165
能源与动力工程,吉林大学,618,618,北京,理科,2014,第一批,加入对比 ,165
物理学,吉林大学,619,620,北京,理科,2014,第一批,加入对比 ,165
计算机科学与技术,吉林大学,619,622,北京,理科,2014,第一批,加入对比 ,165
统计学,吉林大学,620,623,北京,理科,2014,第一批,加入对比 ,165
金融学,吉林大学,621,623,北京,文科,2014,第一批,加入对比 ,165
化学,吉林大学,623,627,北京,理科,2014,第一批,加入对比 ,165
经济学,吉林大学,629,635,北京,理科,2014,第一批,加入对比 ,165
车辆工程,吉林大学,629,636,北京,理科,2014,第一批,加入对比 ,165
物理学类,吉林大学,549,558,天津,理科,2014,第一批,加入对比 ,165
农林经济管理,吉林大学,564,564,天津,理科,2014,第一批,加入对比 ,165
水文与水资源工程,吉林大学,565,565,天津,理科,2014,第一批,加入对比 ,165
地质学,吉林大学,566,566,天津,理科,2014,第一批,加入对比 ,165
地理信息科学,吉林大学,566,566,天津,理科,2014,第一批,加入对比 ,165
地下水科学与工程,吉林大学,566,566,天津,理科,2014,第一批,加入对比 ,165
地球物理学,吉林大学,566,566,天津,理科,2014,第一批,加入对比 ,165
道路桥梁与渡河工程,吉林大学,567,567,天津,理科,2014,第一批,加入对比 ,165
预防医学,吉林大学,568,568,天津,理科,2014,第一批,加入对比 ,165
测绘工程,吉林大学,568,568,天津,理科,2014,第一批,加入对比 ,165
信息管理与信息系统,吉林大学,569,570,天津,理科,2014,第一批,加入对比 ,165
测控技术与仪器,吉林大学,569,569,天津,理科,2014,第一批,加入对比 ,165
生物工程,吉林大学,569,569,天津,理科,2014,第一批,加入对比 ,165
放射医学,吉林大学,569,569,天津,理科,2014,第一批,加入对比 ,165
环境工程,吉林大学,570,570,天津,理科,2014,第一批,加入对比 ,165
高分子材料与工程,吉林大学,570,570,天津,理科,2014,第一批,加入对比 ,165
工程力学,吉林大学,570,571,天津,理科,2014,第一批,加入对比 ,165
无机非金属材料工程,吉林大学,570,570,天津,理科,2014,第一批,加入对比 ,165
交通工程,吉林大学,571,571,天津,理科,2014,第一批,加入对比 ,165
材料化学,吉林大学,572,572,天津,理科,2014,第一批,加入对比 ,165
应用物理学,吉林大学,574,574,天津,理科,2014,第一批,加入对比 ,165
电气工程及其自动化,吉林大学,576,577,天津,理科,2014,第一批,加入对比 ,165
土木工程,吉林大学,577,578,天津,理科,2014,第一批,加入对比 ,165
经济学,吉林大学,579,582,天津,理科,2014,第一批,加入对比 ,165
数学与应用数学,吉林大学,579,581,天津,理科,2014,第一批,加入对比 ,165
政治学类,吉林大学,581,584,天津,文科,2014,第一批,加入对比 ,165
外交学,吉林大学,582,583,天津,文科,2014,第一批,加入对比 ,165
西班牙语,吉林大学,583,584,天津,文科,2014,第一批,加入对比 ,165
新闻学,吉林大学,586,587,天津,文科,2014,第一批,加入对比 ,165
经济学,吉林大学,586,587,天津,文科,2014,第一批,加入对比 ,165
药物制剂,吉林大学,588,589,天津,理科,2014,第一批,加入对比 ,165
法学,吉林大学,589,592,天津,文科,2014,第一批,加入对比 ,165
食品质量与安全,吉林大学,591,592,天津,理科,2014,第一批,加入对比 ,165
材料科学与工程,吉林大学,591,592,天津,理科,2014,第一批,加入对比 ,165
光电信息科学与工程,吉林大学,592,594,天津,理科,2014,第一批,加入对比 ,165
物联网工程,吉林大学,592,593,天津,理科,2014,第一批,加入对比 ,165
环境科学,吉林大学,592,593,天津,理科,2014,第一批,加入对比 ,165
工程管理,吉林大学,592,594,天津,理科,2014,第一批,加入对比 ,165
汽车服务工程,吉林大学,592,593,天津,理科,2014,第一批,加入对比 ,165
交通运输,吉林大学,592,593,天津,理科,2014,第一批,加入对比 ,165
政治学与行政学,吉林大学,593,593,天津,文科,2014,第一批,加入对比 ,165
信息工程,吉林大学,593,593,天津,理科,2014,第一批,加入对比 ,165
日语,吉林大学,594,595,天津,文科,2014,第一批,加入对比 ,165
物流工程,吉林大学,594,596,天津,理科,2014,第一批,加入对比 ,165
材料成型及控制工程,吉林大学,594,595,天津,理科,2014,第一批,加入对比 ,165
电子科学与技术,吉林大学,595,595,天津,理科,2014,第一批,加入对比 ,165
电子信息工程,吉林大学,596,601,天津,理科,2014,第一批,加入对比 ,165
自动化,吉林大学,596,597,天津,理科,2014,第一批,加入对比 ,165
化学,吉林大学,597,600,天津,理科,2014,第一批,加入对比 ,165
工商管理,吉林大学,599,602,天津,理科,2014,第一批,加入对比 ,165
物理学,吉林大学,599,602,天津,理科,2014,第一批,加入对比 ,165
统计学,吉林大学,599,601,天津,理科,2014,第一批,加入对比 ,165
财政学,吉林大学,599,601,天津,理科,2014,第一批,加入对比 ,165
会计学,吉林大学,600,600,天津,理科,2014,第一批,加入对比 ,165
机械工程,吉林大学,601,604,天津,理科,2014,第一批,加入对比 ,165
能源与动力工程,吉林大学,603,605,天津,理科,2014,第一批,加入对比 ,165
车辆工程,吉林大学,608,615,天津,理科,2014,第一批,加入对比 ,165
制药工程,吉林大学珠海学院,--,--,天津,理科,2014,第二批,加入对比 ,165
软件工程,吉林大学珠海学院,--,--,天津,理科,2014,第二批,加入对比 ,165
通信工程,吉林大学珠海学院,--,--,天津,理科,2014,第二批,加入对比 ,165
机械设计制造及其自动化,吉林大学珠海学院,--,--,天津,理科,2014,第二批,加入对比 ,165
广告学,吉林大学珠海学院,--,--,天津,文科,2014,第二批,加入对比 ,165
市场营销,吉林大学,448,452,辽宁,理科,2014,专科,加入对比 ,165
物理学类,吉林大学,552,577,辽宁,理科,2014,第一批,加入对比 ,165
软件工程,吉林大学,574,598,辽宁,理科,2014,第一批,加入对比 ,165
电子信息工程,吉林大学,589,610,辽宁,理科,2014,提前批,加入对比 ,165
日语,吉林大学,600,611,辽宁,文科,2014,第一批,加入对比 ,165
汉语言文学,吉林大学,601,614,辽宁,文科,2014,第一批,加入对比 ,165
园艺,吉林大学,601,603,辽宁,理科,2014,第一批,加入对比 ,165
动物科学,吉林大学,602,604,辽宁,理科,2014,第一批,加入对比 ,165
核物理,吉林大学,602,608,辽宁,理科,2014,第一批,加入对比 ,165
档案学,吉林大学,603,603,辽宁,理科,2014,第一批,加入对比 ,165
农学,吉林大学,603,604,辽宁,理科,2014,第一批,加入对比 ,165
资源勘查工程,吉林大学,603,608,辽宁,理科,2014,第一批,加入对比 ,165
文物与博物馆学,吉林大学,603,603,辽宁,文科,2014,第一批,加入对比 ,165
农业资源与环境,吉林大学,604,605,辽宁,理科,2014,第一批,加入对比 ,165
生物技术,吉林大学,605,609,辽宁,理科,2014,第一批,加入对比 ,165
地理科学,吉林大学,605,606,辽宁,理科,2014,第一批,加入对比 ,165
俄语,吉林大学,605,606,辽宁,文科,2014,第一批,加入对比 ,165
服装设计与工程,吉林大学,605,606,辽宁,理科,2014,第一批,加入对比 ,165
地理信息科学,吉林大学,605,606,辽宁,理科,2014,第一批,加入对比 ,165
水文与水资源工程,吉林大学,605,606,辽宁,理科,2014,第一批,加入对比 ,165
地质工程,吉林大学,606,607,辽宁,理科,2014,第一批,加入对比 ,165
土地资源管理,吉林大学,606,608,辽宁,理科,2014,第一批,加入对比 ,165
信息工程,吉林大学,606,609,辽宁,理科,2014,第一批,加入对比 ,165
英语,吉林大学,606,608,辽宁,文科,2014,第一批,加入对比 ,165
社会学,吉林大学,606,607,辽宁,文科,2014,第一批,加入对比 ,165
朝鲜语,吉林大学,606,608,辽宁,文科,2014,第一批,加入对比 ,165
道路桥梁与渡河工程,吉林大学,606,609,辽宁,理科,2014,第一批,加入对比 ,165
地质学,吉林大学,606,613,辽宁,理科,2014,第一批,加入对比 ,165
信息管理与信息系统,吉林大学,606,621,辽宁,理科,2014,第一批,加入对比 ,165
法学,吉林大学,606,619,辽宁,文科,2014,第一批,加入对比 ,165
哲学,吉林大学,607,609,辽宁,文科,2014,第一批,加入对比 ,165
应用物理学,吉林大学,607,611,辽宁,理科,2014,第一批,加入对比 ,165
地球物理学,吉林大学,607,607,辽宁,理科,2014,第一批,加入对比 ,165
测绘工程,吉林大学,607,609,辽宁,理科,2014,第一批,加入对比 ,165
环境科学,吉林大学,607,609,辽宁,理科,2014,第一批,加入对比 ,165
食品质量与安全,吉林大学,608,614,辽宁,理科,2014,第一批,加入对比 ,165
广告学,吉林大学,608,610,辽宁,文科,2014,第一批,加入对比 ,165
药物制剂,吉林大学,608,609,辽宁,理科,2014,第一批,加入对比 ,165
生物医学工程,吉林大学,608,613,辽宁,理科,2014,第一批,加入对比 ,165
食品科学与工程,吉林大学,608,613,辽宁,理科,2014,第一批,加入对比 ,165
预防医学,吉林大学,608,611,辽宁,理科,2014,第一批,加入对比 ,165
生物工程,吉林大学,608,611,辽宁,理科,2014,第一批,加入对比 ,165
勘查技术与工程,吉林大学,609,618,辽宁,理科,2014,第一批,加入对比 ,165
高分子材料与工程,吉林大学,609,610,辽宁,理科,2014,第一批,加入对比 ,165
测控技术与仪器,吉林大学,609,614,辽宁,理科,2014,第一批,加入对比 ,165
农林经济管理,吉林大学,609,610,辽宁,文科,2014,第一批,加入对比 ,165
电子科学与技术,吉林大学,609,614,辽宁,理科,2014,第一批,加入对比 ,165
临床药学,吉林大学,610,611,辽宁,理科,2014,第一批,加入对比 ,165
包装工程,吉林大学,610,612,辽宁,理科,2014,第一批,加入对比 ,165
英语,吉林大学,610,612,辽宁,理科,2014,第一批,加入对比 ,165
交通运输,吉林大学,610,614,辽宁,理科,2014,第一批,加入对比 ,165
政治学类,吉林大学,610,612,辽宁,文科,2014,第一批,加入对比 ,165
工业工程,吉林大学,610,613,辽宁,理科,2014,第一批,加入对比 ,165
计算机科学与技术,吉林大学,610,618,辽宁,理科,2014,第一批,加入对比 ,165
工程力学,吉林大学,570,571,天津,理科,2014,第一批,加入对比 ,166
无机非金属材料工程,吉林大学,570,570,天津,理科,2014,第一批,加入对比 ,166
交通工程,吉林大学,571,571,天津,理科,2014,第一批,加入对比 ,166
材料化学,吉林大学,572,572,天津,理科,2014,第一批,加入对比 ,166
应用物理学,吉林大学,574,574,天津,理科,2014,第一批,加入对比 ,166
电气工程及其自动化,吉林大学,576,577,天津,理科,2014,第一批,加入对比 ,166
土木工程,吉林大学,577,578,天津,理科,2014,第一批,加入对比 ,166
经济学,吉林大学,579,582,天津,理科,2014,第一批,加入对比 ,166
数学与应用数学,吉林大学,579,581,天津,理科,2014,第一批,加入对比 ,166
政治学类,吉林大学,581,584,天津,文科,2014,第一批,加入对比 ,166
外交学,吉林大学,582,583,天津,文科,2014,第一批,加入对比 ,166
西班牙语,吉林大学,583,584,天津,文科,2014,第一批,加入对比 ,166
新闻学,吉林大学,586,587,天津,文科,2014,第一批,加入对比 ,166
经济学,吉林大学,586,587,天津,文科,2014,第一批,加入对比 ,166
药物制剂,吉林大学,588,589,天津,理科,2014,第一批,加入对比 ,166
法学,吉林大学,589,592,天津,文科,2014,第一批,加入对比 ,166
食品质量与安全,吉林大学,591,592,天津,理科,2014,第一批,加入对比 ,166
材料科学与工程,吉林大学,591,592,天津,理科,2014,第一批,加入对比 ,166
光电信息科学与工程,吉林大学,592,594,天津,理科,2014,第一批,加入对比 ,166
物联网工程,吉林大学,592,593,天津,理科,2014,第一批,加入对比 ,166
环境科学,吉林大学,592,593,天津,理科,2014,第一批,加入对比 ,166
工程管理,吉林大学,592,594,天津,理科,2014,第一批,加入对比 ,166
汽车服务工程,吉林大学,592,593,天津,理科,2014,第一批,加入对比 ,166
交通运输,吉林大学,592,593,天津,理科,2014,第一批,加入对比 ,166
政治学与行政学,吉林大学,593,593,天津,文科,2014,第一批,加入对比 ,166
信息工程,吉林大学,593,593,天津,理科,2014,第一批,加入对比 ,166
日语,吉林大学,594,595,天津,文科,2014,第一批,加入对比 ,166
物流工程,吉林大学,594,596,天津,理科,2014,第一批,加入对比 ,166
材料成型及控制工程,吉林大学,594,595,天津,理科,2014,第一批,加入对比 ,166
电子科学与技术,吉林大学,595,595,天津,理科,2014,第一批,加入对比 ,166
电子信息工程,吉林大学,596,601,天津,理科,2014,第一批,加入对比 ,166
自动化,吉林大学,596,597,天津,理科,2014,第一批,加入对比 ,166
化学,吉林大学,597,600,天津,理科,2014,第一批,加入对比 ,166
工商管理,吉林大学,599,602,天津,理科,2014,第一批,加入对比 ,166
物理学,吉林大学,599,602,天津,理科,2014,第一批,加入对比 ,166
统计学,吉林大学,599,601,天津,理科,2014,第一批,加入对比 ,166
财政学,吉林大学,599,601,天津,理科,2014,第一批,加入对比 ,166
会计学,吉林大学,600,600,天津,理科,2014,第一批,加入对比 ,166
机械工程,吉林大学,601,604,天津,理科,2014,第一批,加入对比 ,166
能源与动力工程,吉林大学,603,605,天津,理科,2014,第一批,加入对比 ,166
车辆工程,吉林大学,608,615,天津,理科,2014,第一批,加入对比 ,166
制药工程,吉林大学珠海学院,--,--,天津,理科,2014,第二批,加入对比 ,166
软件工程,吉林大学珠海学院,--,--,天津,理科,2014,第二批,加入对比 ,166
通信工程,吉林大学珠海学院,--,--,天津,理科,2014,第二批,加入对比 ,166
机械设计制造及其自动化,吉林大学珠海学院,--,--,天津,理科,2014,第二批,加入对比 ,166
广告学,吉林大学珠海学院,--,--,天津,文科,2014,第二批,加入对比 ,166
市场营销,吉林大学,448,452,辽宁,理科,2014,专科,加入对比 ,166
物理学类,吉林大学,552,577,辽宁,理科,2014,第一批,加入对比 ,166
软件工程,吉林大学,574,598,辽宁,理科,2014,第一批,加入对比 ,166
电子信息工程,吉林大学,589,610,辽宁,理科,2014,提前批,加入对比 ,166
日语,吉林大学,600,611,辽宁,文科,2014,第一批,加入对比 ,166
汉语言文学,吉林大学,601,614,辽宁,文科,2014,第一批,加入对比 ,166
园艺,吉林大学,601,603,辽宁,理科,2014,第一批,加入对比 ,166
动物科学,吉林大学,602,604,辽宁,理科,2014,第一批,加入对比 ,166
核物理,吉林大学,602,608,辽宁,理科,2014,第一批,加入对比 ,166
档案学,吉林大学,603,603,辽宁,理科,2014,第一批,加入对比 ,166
农学,吉林大学,603,604,辽宁,理科,2014,第一批,加入对比 ,166
资源勘查工程,吉林大学,603,608,辽宁,理科,2014,第一批,加入对比 ,166
文物与博物馆学,吉林大学,603,603,辽宁,文科,2014,第一批,加入对比 ,166
农业资源与环境,吉林大学,604,605,辽宁,理科,2014,第一批,加入对比 ,166
生物技术,吉林大学,605,609,辽宁,理科,2014,第一批,加入对比 ,166
地理科学,吉林大学,605,606,辽宁,理科,2014,第一批,加入对比 ,166
俄语,吉林大学,605,606,辽宁,文科,2014,第一批,加入对比 ,166
服装设计与工程,吉林大学,605,606,辽宁,理科,2014,第一批,加入对比 ,166
地理信息科学,吉林大学,605,606,辽宁,理科,2014,第一批,加入对比 ,166
水文与水资源工程,吉林大学,605,606,辽宁,理科,2014,第一批,加入对比 ,166
地质工程,吉林大学,606,607,辽宁,理科,2014,第一批,加入对比 ,166
土地资源管理,吉林大学,606,608,辽宁,理科,2014,第一批,加入对比 ,166
信息工程,吉林大学,606,609,辽宁,理科,2014,第一批,加入对比 ,166
英语,吉林大学,606,608,辽宁,文科,2014,第一批,加入对比 ,166
社会学,吉林大学,606,607,辽宁,文科,2014,第一批,加入对比 ,166
朝鲜语,吉林大学,606,608,辽宁,文科,2014,第一批,加入对比 ,166
道路桥梁与渡河工程,吉林大学,606,609,辽宁,理科,2014,第一批,加入对比 ,166
地质学,吉林大学,606,613,辽宁,理科,2014,第一批,加入对比 ,166
信息管理与信息系统,吉林大学,606,621,辽宁,理科,2014,第一批,加入对比 ,166
法学,吉林大学,606,619,辽宁,文科,2014,第一批,加入对比 ,166
哲学,吉林大学,607,609,辽宁,文科,2014,第一批,加入对比 ,166
应用物理学,吉林大学,607,611,辽宁,理科,2014,第一批,加入对比 ,166
地球物理学,吉林大学,607,607,辽宁,理科,2014,第一批,加入对比 ,166
测绘工程,吉林大学,607,609,辽宁,理科,2014,第一批,加入对比 ,166
环境科学,吉林大学,607,609,辽宁,理科,2014,第一批,加入对比 ,166
食品质量与安全,吉林大学,608,614,辽宁,理科,2014,第一批,加入对比 ,166
广告学,吉林大学,608,610,辽宁,文科,2014,第一批,加入对比 ,166
药物制剂,吉林大学,608,609,辽宁,理科,2014,第一批,加入对比 ,166
生物医学工程,吉林大学,608,613,辽宁,理科,2014,第一批,加入对比 ,166
食品科学与工程,吉林大学,608,613,辽宁,理科,2014,第一批,加入对比 ,166
预防医学,吉林大学,608,611,辽宁,理科,2014,第一批,加入对比 ,166
生物工程,吉林大学,608,611,辽宁,理科,2014,第一批,加入对比 ,166
勘查技术与工程,吉林大学,609,618,辽宁,理科,2014,第一批,加入对比 ,166
高分子材料与工程,吉林大学,609,610,辽宁,理科,2014,第一批,加入对比 ,166
测控技术与仪器,吉林大学,609,614,辽宁,理科,2014,第一批,加入对比 ,166
农林经济管理,吉林大学,609,610,辽宁,文科,2014,第一批,加入对比 ,166
电子科学与技术,吉林大学,609,614,辽宁,理科,2014,第一批,加入对比 ,166
临床药学,吉林大学,610,611,辽宁,理科,2014,第一批,加入对比 ,166
包装工程,吉林大学,610,612,辽宁,理科,2014,第一批,加入对比 ,166
英语,吉林大学,610,612,辽宁,理科,2014,第一批,加入对比 ,166
交通运输,吉林大学,610,614,辽宁,理科,2014,第一批,加入对比 ,166
政治学类,吉林大学,610,612,辽宁,文科,2014,第一批,加入对比 ,166
工业工程,吉林大学,610,613,辽宁,理科,2014,第一批,加入对比 ,166
计算机科学与技术,吉林大学,610,618,辽宁,理科,2014,第一批,加入对比 ,166
物流工程,吉林大学,610,612,辽宁,理科,2014,第一批,加入对比 ,166
西班牙语,吉林大学,610,613,辽宁,文科,2014,第一批,加入对比 ,166
汽车服务工程,吉林大学,611,615,辽宁,理科,2014,第一批,加入对比 ,166
经济学,吉林大学,611,611,辽宁,文科,2014,第一批,加入对比 ,166
政治学与行政学,吉林大学,611,612,辽宁,文科,2014,第一批,加入对比 ,166
通信工程,吉林大学,612,625,辽宁,理科,2014,第一批,加入对比 ,166
材料物理,吉林大学,612,612,辽宁,理科,2014,第一批,加入对比 ,166
微电子科学与工程,吉林大学,612,617,辽宁,理科,2014,第一批,加入对比 ,166
光电信息科学与工程,吉林大学,613,622,辽宁,理科,2014,第一批,加入对比 ,166
工程力学,吉林大学,613,616,辽宁,理科,2014,第一批,加入对比 ,166
材料化学,吉林大学,613,614,辽宁,理科,2014,第一批,加入对比 ,166
自动化,吉林大学,613,622,辽宁,理科,2014,第一批,加入对比 ,166
工程管理,吉林大学,613,618,辽宁,理科,2014,第一批,加入对比 ,166
生物科学,吉林大学,614,617,辽宁,理科,2014,第一批,加入对比 ,166
物联网工程,吉林大学,614,624,辽宁,理科,2014,第一批,加入对比 ,166
化学工程与工艺,吉林大学,615,616,辽宁,理科,2014,第一批,加入对比 ,166
人文教育,吉林大学,615,617,辽宁,文科,2014,第一批,加入对比 ,166
交通工程,吉林大学,615,622,辽宁,理科,2014,第一批,加入对比 ,166
金融学,吉林大学,615,616,辽宁,文科,2014,第一批,加入对比 ,166
统计学,吉林大学,617,617,辽宁,理科,2014,第一批,加入对比 ,166
电子信息工程,吉林大学,617,617,辽宁,理科,2014,第一批,加入对比 ,166
能源与动力工程,吉林大学,618,630,辽宁,理科,2014,第一批,加入对比 ,166
应用化学,吉林大学,619,624,辽宁,理科,2014,第一批,加入对比 ,166
材料成型及控制工程,吉林大学,619,624,辽宁,理科,2014,第一批,加入对比 ,166
环境工程,吉林大学,620,622,辽宁,理科,2014,第一批,加入对比 ,166
信息工程,吉林大学,593,593,天津,理科,2014,第一批,加入对比 ,167
日语,吉林大学,594,595,天津,文科,2014,第一批,加入对比 ,167
物流工程,吉林大学,594,596,天津,理科,2014,第一批,加入对比 ,167
材料成型及控制工程,吉林大学,594,595,天津,理科,2014,第一批,加入对比 ,167
电子科学与技术,吉林大学,595,595,天津,理科,2014,第一批,加入对比 ,167
电子信息工程,吉林大学,596,601,天津,理科,2014,第一批,加入对比 ,167
自动化,吉林大学,596,597,天津,理科,2014,第一批,加入对比 ,167
化学,吉林大学,597,600,天津,理科,2014,第一批,加入对比 ,167
工商管理,吉林大学,599,602,天津,理科,2014,第一批,加入对比 ,167
物理学,吉林大学,599,602,天津,理科,2014,第一批,加入对比 ,167
统计学,吉林大学,599,601,天津,理科,2014,第一批,加入对比 ,167
财政学,吉林大学,599,601,天津,理科,2014,第一批,加入对比 ,167
会计学,吉林大学,600,600,天津,理科,2014,第一批,加入对比 ,167
机械工程,吉林大学,601,604,天津,理科,2014,第一批,加入对比 ,167
能源与动力工程,吉林大学,603,605,天津,理科,2014,第一批,加入对比 ,167
车辆工程,吉林大学,608,615,天津,理科,2014,第一批,加入对比 ,167
制药工程,吉林大学珠海学院,--,--,天津,理科,2014,第二批,加入对比 ,167
软件工程,吉林大学珠海学院,--,--,天津,理科,2014,第二批,加入对比 ,167
通信工程,吉林大学珠海学院,--,--,天津,理科,2014,第二批,加入对比 ,167
机械设计制造及其自动化,吉林大学珠海学院,--,--,天津,理科,2014,第二批,加入对比 ,167
广告学,吉林大学珠海学院,--,--,天津,文科,2014,第二批,加入对比 ,167
市场营销,吉林大学,448,452,辽宁,理科,2014,专科,加入对比 ,167
物理学类,吉林大学,552,577,辽宁,理科,2014,第一批,加入对比 ,167
软件工程,吉林大学,574,598,辽宁,理科,2014,第一批,加入对比 ,167
电子信息工程,吉林大学,589,610,辽宁,理科,2014,提前批,加入对比 ,167
日语,吉林大学,600,611,辽宁,文科,2014,第一批,加入对比 ,167
汉语言文学,吉林大学,601,614,辽宁,文科,2014,第一批,加入对比 ,167
园艺,吉林大学,601,603,辽宁,理科,2014,第一批,加入对比 ,167
动物科学,吉林大学,602,604,辽宁,理科,2014,第一批,加入对比 ,167
核物理,吉林大学,602,608,辽宁,理科,2014,第一批,加入对比 ,167
档案学,吉林大学,603,603,辽宁,理科,2014,第一批,加入对比 ,167
农学,吉林大学,603,604,辽宁,理科,2014,第一批,加入对比 ,167
资源勘查工程,吉林大学,603,608,辽宁,理科,2014,第一批,加入对比 ,167
文物与博物馆学,吉林大学,603,603,辽宁,文科,2014,第一批,加入对比 ,167
农业资源与环境,吉林大学,604,605,辽宁,理科,2014,第一批,加入对比 ,167
生物技术,吉林大学,605,609,辽宁,理科,2014,第一批,加入对比 ,167
地理科学,吉林大学,605,606,辽宁,理科,2014,第一批,加入对比 ,167
俄语,吉林大学,605,606,辽宁,文科,2014,第一批,加入对比 ,167
服装设计与工程,吉林大学,605,606,辽宁,理科,2014,第一批,加入对比 ,167
地理信息科学,吉林大学,605,606,辽宁,理科,2014,第一批,加入对比 ,167
水文与水资源工程,吉林大学,605,606,辽宁,理科,2014,第一批,加入对比 ,167
地质工程,吉林大学,606,607,辽宁,理科,2014,第一批,加入对比 ,167
土地资源管理,吉林大学,606,608,辽宁,理科,2014,第一批,加入对比 ,167
信息工程,吉林大学,606,609,辽宁,理科,2014,第一批,加入对比 ,167
英语,吉林大学,606,608,辽宁,文科,2014,第一批,加入对比 ,167
社会学,吉林大学,606,607,辽宁,文科,2014,第一批,加入对比 ,167
朝鲜语,吉林大学,606,608,辽宁,文科,2014,第一批,加入对比 ,167
道路桥梁与渡河工程,吉林大学,606,609,辽宁,理科,2014,第一批,加入对比 ,167
地质学,吉林大学,606,613,辽宁,理科,2014,第一批,加入对比 ,167
信息管理与信息系统,吉林大学,606,621,辽宁,理科,2014,第一批,加入对比 ,167
法学,吉林大学,606,619,辽宁,文科,2014,第一批,加入对比 ,167
哲学,吉林大学,607,609,辽宁,文科,2014,第一批,加入对比 ,167
应用物理学,吉林大学,607,611,辽宁,理科,2014,第一批,加入对比 ,167
地球物理学,吉林大学,607,607,辽宁,理科,2014,第一批,加入对比 ,167
测绘工程,吉林大学,607,609,辽宁,理科,2014,第一批,加入对比 ,167
环境科学,吉林大学,607,609,辽宁,理科,2014,第一批,加入对比 ,167
食品质量与安全,吉林大学,608,614,辽宁,理科,2014,第一批,加入对比 ,167
广告学,吉林大学,608,610,辽宁,文科,2014,第一批,加入对比 ,167
药物制剂,吉林大学,608,609,辽宁,理科,2014,第一批,加入对比 ,167
生物医学工程,吉林大学,608,613,辽宁,理科,2014,第一批,加入对比 ,167
食品科学与工程,吉林大学,608,613,辽宁,理科,2014,第一批,加入对比 ,167
预防医学,吉林大学,608,611,辽宁,理科,2014,第一批,加入对比 ,167
生物工程,吉林大学,608,611,辽宁,理科,2014,第一批,加入对比 ,167
勘查技术与工程,吉林大学,609,618,辽宁,理科,2014,第一批,加入对比 ,167
高分子材料与工程,吉林大学,609,610,辽宁,理科,2014,第一批,加入对比 ,167
测控技术与仪器,吉林大学,609,614,辽宁,理科,2014,第一批,加入对比 ,167
农林经济管理,吉林大学,609,610,辽宁,文科,2014,第一批,加入对比 ,167
电子科学与技术,吉林大学,609,614,辽宁,理科,2014,第一批,加入对比 ,167
临床药学,吉林大学,610,611,辽宁,理科,2014,第一批,加入对比 ,167
包装工程,吉林大学,610,612,辽宁,理科,2014,第一批,加入对比 ,167
英语,吉林大学,610,612,辽宁,理科,2014,第一批,加入对比 ,167
交通运输,吉林大学,610,614,辽宁,理科,2014,第一批,加入对比 ,167
政治学类,吉林大学,610,612,辽宁,文科,2014,第一批,加入对比 ,167
工业工程,吉林大学,610,613,辽宁,理科,2014,第一批,加入对比 ,167
计算机科学与技术,吉林大学,610,618,辽宁,理科,2014,第一批,加入对比 ,167
物流工程,吉林大学,610,612,辽宁,理科,2014,第一批,加入对比 ,167
西班牙语,吉林大学,610,613,辽宁,文科,2014,第一批,加入对比 ,167
汽车服务工程,吉林大学,611,615,辽宁,理科,2014,第一批,加入对比 ,167
经济学,吉林大学,611,611,辽宁,文科,2014,第一批,加入对比 ,167
政治学与行政学,吉林大学,611,612,辽宁,文科,2014,第一批,加入对比 ,167
通信工程,吉林大学,612,625,辽宁,理科,2014,第一批,加入对比 ,167
材料物理,吉林大学,612,612,辽宁,理科,2014,第一批,加入对比 ,167
微电子科学与工程,吉林大学,612,617,辽宁,理科,2014,第一批,加入对比 ,167
光电信息科学与工程,吉林大学,613,622,辽宁,理科,2014,第一批,加入对比 ,167
工程力学,吉林大学,613,616,辽宁,理科,2014,第一批,加入对比 ,167
材料化学,吉林大学,613,614,辽宁,理科,2014,第一批,加入对比 ,167
自动化,吉林大学,613,622,辽宁,理科,2014,第一批,加入对比 ,167
工程管理,吉林大学,613,618,辽宁,理科,2014,第一批,加入对比 ,167
生物科学,吉林大学,614,617,辽宁,理科,2014,第一批,加入对比 ,167
物联网工程,吉林大学,614,624,辽宁,理科,2014,第一批,加入对比 ,167
化学工程与工艺,吉林大学,615,616,辽宁,理科,2014,第一批,加入对比 ,167
人文教育,吉林大学,615,617,辽宁,文科,2014,第一批,加入对比 ,167
交通工程,吉林大学,615,622,辽宁,理科,2014,第一批,加入对比 ,167
金融学,吉林大学,615,616,辽宁,文科,2014,第一批,加入对比 ,167
统计学,吉林大学,617,617,辽宁,理科,2014,第一批,加入对比 ,167
电子信息工程,吉林大学,617,617,辽宁,理科,2014,第一批,加入对比 ,167
能源与动力工程,吉林大学,618,630,辽宁,理科,2014,第一批,加入对比 ,167
应用化学,吉林大学,619,624,辽宁,理科,2014,第一批,加入对比 ,167
材料成型及控制工程,吉林大学,619,624,辽宁,理科,2014,第一批,加入对比 ,167
环境工程,吉林大学,620,622,辽宁,理科,2014,第一批,加入对比 ,167
日语,吉林大学,600,611,辽宁,文科,2014,第一批,加入对比 ,168
汉语言文学,吉林大学,601,614,辽宁,文科,2014,第一批,加入对比 ,168
园艺,吉林大学,601,603,辽宁,理科,2014,第一批,加入对比 ,168
动物科学,吉林大学,602,604,辽宁,理科,2014,第一批,加入对比 ,168
核物理,吉林大学,602,608,辽宁,理科,2014,第一批,加入对比 ,168
档案学,吉林大学,603,603,辽宁,理科,2014,第一批,加入对比 ,168
农学,吉林大学,603,604,辽宁,理科,2014,第一批,加入对比 ,168
资源勘查工程,吉林大学,603,608,辽宁,理科,2014,第一批,加入对比 ,168
文物与博物馆学,吉林大学,603,603,辽宁,文科,2014,第一批,加入对比 ,168
农业资源与环境,吉林大学,604,605,辽宁,理科,2014,第一批,加入对比 ,168
生物技术,吉林大学,605,609,辽宁,理科,2014,第一批,加入对比 ,168
地理科学,吉林大学,605,606,辽宁,理科,2014,第一批,加入对比 ,168
俄语,吉林大学,605,606,辽宁,文科,2014,第一批,加入对比 ,168
服装设计与工程,吉林大学,605,606,辽宁,理科,2014,第一批,加入对比 ,168
地理信息科学,吉林大学,605,606,辽宁,理科,2014,第一批,加入对比 ,168
水文与水资源工程,吉林大学,605,606,辽宁,理科,2014,第一批,加入对比 ,168
地质工程,吉林大学,606,607,辽宁,理科,2014,第一批,加入对比 ,168
土地资源管理,吉林大学,606,608,辽宁,理科,2014,第一批,加入对比 ,168
信息工程,吉林大学,606,609,辽宁,理科,2014,第一批,加入对比 ,168
英语,吉林大学,606,608,辽宁,文科,2014,第一批,加入对比 ,168
社会学,吉林大学,606,607,辽宁,文科,2014,第一批,加入对比 ,168
朝鲜语,吉林大学,606,608,辽宁,文科,2014,第一批,加入对比 ,168
道路桥梁与渡河工程,吉林大学,606,609,辽宁,理科,2014,第一批,加入对比 ,168
地质学,吉林大学,606,613,辽宁,理科,2014,第一批,加入对比 ,168
信息管理与信息系统,吉林大学,606,621,辽宁,理科,2014,第一批,加入对比 ,168
法学,吉林大学,606,619,辽宁,文科,2014,第一批,加入对比 ,168
哲学,吉林大学,607,609,辽宁,文科,2014,第一批,加入对比 ,168
应用物理学,吉林大学,607,611,辽宁,理科,2014,第一批,加入对比 ,168
地球物理学,吉林大学,607,607,辽宁,理科,2014,第一批,加入对比 ,168
测绘工程,吉林大学,607,609,辽宁,理科,2014,第一批,加入对比 ,168
环境科学,吉林大学,607,609,辽宁,理科,2014,第一批,加入对比 ,168
食品质量与安全,吉林大学,608,614,辽宁,理科,2014,第一批,加入对比 ,168
广告学,吉林大学,608,610,辽宁,文科,2014,第一批,加入对比 ,168
药物制剂,吉林大学,608,609,辽宁,理科,2014,第一批,加入对比 ,168
生物医学工程,吉林大学,608,613,辽宁,理科,2014,第一批,加入对比 ,168
食品科学与工程,吉林大学,608,613,辽宁,理科,2014,第一批,加入对比 ,168
预防医学,吉林大学,608,611,辽宁,理科,2014,第一批,加入对比 ,168
生物工程,吉林大学,608,611,辽宁,理科,2014,第一批,加入对比 ,168
勘查技术与工程,吉林大学,609,618,辽宁,理科,2014,第一批,加入对比 ,168
高分子材料与工程,吉林大学,609,610,辽宁,理科,2014,第一批,加入对比 ,168
测控技术与仪器,吉林大学,609,614,辽宁,理科,2014,第一批,加入对比 ,168
农林经济管理,吉林大学,609,610,辽宁,文科,2014,第一批,加入对比 ,168
电子科学与技术,吉林大学,609,614,辽宁,理科,2014,第一批,加入对比 ,168
临床药学,吉林大学,610,611,辽宁,理科,2014,第一批,加入对比 ,168
包装工程,吉林大学,610,612,辽宁,理科,2014,第一批,加入对比 ,168
英语,吉林大学,610,612,辽宁,理科,2014,第一批,加入对比 ,168
交通运输,吉林大学,610,614,辽宁,理科,2014,第一批,加入对比 ,168
政治学类,吉林大学,610,612,辽宁,文科,2014,第一批,加入对比 ,168
工业工程,吉林大学,610,613,辽宁,理科,2014,第一批,加入对比 ,168
计算机科学与技术,吉林大学,610,618,辽宁,理科,2014,第一批,加入对比 ,168
物流工程,吉林大学,610,612,辽宁,理科,2014,第一批,加入对比 ,168
西班牙语,吉林大学,610,613,辽宁,文科,2014,第一批,加入对比 ,168
汽车服务工程,吉林大学,611,615,辽宁,理科,2014,第一批,加入对比 ,168
经济学,吉林大学,611,611,辽宁,文科,2014,第一批,加入对比 ,168
政治学与行政学,吉林大学,611,612,辽宁,文科,2014,第一批,加入对比 ,168
通信工程,吉林大学,612,625,辽宁,理科,2014,第一批,加入对比 ,168
材料物理,吉林大学,612,612,辽宁,理科,2014,第一批,加入对比 ,168
微电子科学与工程,吉林大学,612,617,辽宁,理科,2014,第一批,加入对比 ,168
光电信息科学与工程,吉林大学,613,622,辽宁,理科,2014,第一批,加入对比 ,168
工程力学,吉林大学,613,616,辽宁,理科,2014,第一批,加入对比 ,168
材料化学,吉林大学,613,614,辽宁,理科,2014,第一批,加入对比 ,168
自动化,吉林大学,613,622,辽宁,理科,2014,第一批,加入对比 ,168
工程管理,吉林大学,613,618,辽宁,理科,2014,第一批,加入对比 ,168
生物科学,吉林大学,614,617,辽宁,理科,2014,第一批,加入对比 ,168
物联网工程,吉林大学,614,624,辽宁,理科,2014,第一批,加入对比 ,168
化学工程与工艺,吉林大学,615,616,辽宁,理科,2014,第一批,加入对比 ,168
人文教育,吉林大学,615,617,辽宁,文科,2014,第一批,加入对比 ,168
交通工程,吉林大学,615,622,辽宁,理科,2014,第一批,加入对比 ,168
金融学,吉林大学,615,616,辽宁,文科,2014,第一批,加入对比 ,168
统计学,吉林大学,617,617,辽宁,理科,2014,第一批,加入对比 ,168
电子信息工程,吉林大学,617,617,辽宁,理科,2014,第一批,加入对比 ,168
能源与动力工程,吉林大学,618,630,辽宁,理科,2014,第一批,加入对比 ,168
应用化学,吉林大学,619,624,辽宁,理科,2014,第一批,加入对比 ,168
材料成型及控制工程,吉林大学,619,624,辽宁,理科,2014,第一批,加入对比 ,168
环境工程,吉林大学,620,622,辽宁,理科,2014,第一批,加入对比 ,168
法学,吉林大学,606,619,辽宁,文科,2014,第一批,加入对比 ,169
哲学,吉林大学,607,609,辽宁,文科,2014,第一批,加入对比 ,169
应用物理学,吉林大学,607,611,辽宁,理科,2014,第一批,加入对比 ,169
地球物理学,吉林大学,607,607,辽宁,理科,2014,第一批,加入对比 ,169
测绘工程,吉林大学,607,609,辽宁,理科,2014,第一批,加入对比 ,169
环境科学,吉林大学,607,609,辽宁,理科,2014,第一批,加入对比 ,169
食品质量与安全,吉林大学,608,614,辽宁,理科,2014,第一批,加入对比 ,169
广告学,吉林大学,608,610,辽宁,文科,2014,第一批,加入对比 ,169
药物制剂,吉林大学,608,609,辽宁,理科,2014,第一批,加入对比 ,169
生物医学工程,吉林大学,608,613,辽宁,理科,2014,第一批,加入对比 ,169
食品科学与工程,吉林大学,608,613,辽宁,理科,2014,第一批,加入对比 ,169
预防医学,吉林大学,608,611,辽宁,理科,2014,第一批,加入对比 ,169
生物工程,吉林大学,608,611,辽宁,理科,2014,第一批,加入对比 ,169
勘查技术与工程,吉林大学,609,618,辽宁,理科,2014,第一批,加入对比 ,169
高分子材料与工程,吉林大学,609,610,辽宁,理科,2014,第一批,加入对比 ,169
测控技术与仪器,吉林大学,609,614,辽宁,理科,2014,第一批,加入对比 ,169
农林经济管理,吉林大学,609,610,辽宁,文科,2014,第一批,加入对比 ,169
电子科学与技术,吉林大学,609,614,辽宁,理科,2014,第一批,加入对比 ,169
临床药学,吉林大学,610,611,辽宁,理科,2014,第一批,加入对比 ,169
包装工程,吉林大学,610,612,辽宁,理科,2014,第一批,加入对比 ,169
英语,吉林大学,610,612,辽宁,理科,2014,第一批,加入对比 ,169
交通运输,吉林大学,610,614,辽宁,理科,2014,第一批,加入对比 ,169
政治学类,吉林大学,610,612,辽宁,文科,2014,第一批,加入对比 ,169
工业工程,吉林大学,610,613,辽宁,理科,2014,第一批,加入对比 ,169
计算机科学与技术,吉林大学,610,618,辽宁,理科,2014,第一批,加入对比 ,169
物流工程,吉林大学,610,612,辽宁,理科,2014,第一批,加入对比 ,169
西班牙语,吉林大学,610,613,辽宁,文科,2014,第一批,加入对比 ,169
汽车服务工程,吉林大学,611,615,辽宁,理科,2014,第一批,加入对比 ,169
经济学,吉林大学,611,611,辽宁,文科,2014,第一批,加入对比 ,169
政治学与行政学,吉林大学,611,612,辽宁,文科,2014,第一批,加入对比 ,169
通信工程,吉林大学,612,625,辽宁,理科,2014,第一批,加入对比 ,169
材料物理,吉林大学,612,612,辽宁,理科,2014,第一批,加入对比 ,169
微电子科学与工程,吉林大学,612,617,辽宁,理科,2014,第一批,加入对比 ,169
光电信息科学与工程,吉林大学,613,622,辽宁,理科,2014,第一批,加入对比 ,169
工程力学,吉林大学,613,616,辽宁,理科,2014,第一批,加入对比 ,169
材料化学,吉林大学,613,614,辽宁,理科,2014,第一批,加入对比 ,169
自动化,吉林大学,613,622,辽宁,理科,2014,第一批,加入对比 ,169
工程管理,吉林大学,613,618,辽宁,理科,2014,第一批,加入对比 ,169
生物科学,吉林大学,614,617,辽宁,理科,2014,第一批,加入对比 ,169
物联网工程,吉林大学,614,624,辽宁,理科,2014,第一批,加入对比 ,169
化学工程与工艺,吉林大学,615,616,辽宁,理科,2014,第一批,加入对比 ,169
人文教育,吉林大学,615,617,辽宁,文科,2014,第一批,加入对比 ,169
交通工程,吉林大学,615,622,辽宁,理科,2014,第一批,加入对比 ,169
金融学,吉林大学,615,616,辽宁,文科,2014,第一批,加入对比 ,169
统计学,吉林大学,617,617,辽宁,理科,2014,第一批,加入对比 ,169
电子信息工程,吉林大学,617,617,辽宁,理科,2014,第一批,加入对比 ,169
能源与动力工程,吉林大学,618,630,辽宁,理科,2014,第一批,加入对比 ,169
应用化学,吉林大学,619,624,辽宁,理科,2014,第一批,加入对比 ,169
材料成型及控制工程,吉林大学,619,624,辽宁,理科,2014,第一批,加入对比 ,169
环境工程,吉林大学,620,622,辽宁,理科,2014,第一批,加入对比 ,169
物流工程,吉林大学,610,612,辽宁,理科,2014,第一批,加入对比 ,170
西班牙语,吉林大学,610,613,辽宁,文科,2014,第一批,加入对比 ,170
汽车服务工程,吉林大学,611,615,辽宁,理科,2014,第一批,加入对比 ,170
经济学,吉林大学,611,611,辽宁,文科,2014,第一批,加入对比 ,170
政治学与行政学,吉林大学,611,612,辽宁,文科,2014,第一批,加入对比 ,170
通信工程,吉林大学,612,625,辽宁,理科,2014,第一批,加入对比 ,170
材料物理,吉林大学,612,612,辽宁,理科,2014,第一批,加入对比 ,170
微电子科学与工程,吉林大学,612,617,辽宁,理科,2014,第一批,加入对比 ,170
光电信息科学与工程,吉林大学,613,622,辽宁,理科,2014,第一批,加入对比 ,170
工程力学,吉林大学,613,616,辽宁,理科,2014,第一批,加入对比 ,170
材料化学,吉林大学,613,614,辽宁,理科,2014,第一批,加入对比 ,170
自动化,吉林大学,613,622,辽宁,理科,2014,第一批,加入对比 ,170
工程管理,吉林大学,613,618,辽宁,理科,2014,第一批,加入对比 ,170
生物科学,吉林大学,614,617,辽宁,理科,2014,第一批,加入对比 ,170
物联网工程,吉林大学,614,624,辽宁,理科,2014,第一批,加入对比 ,170
化学工程与工艺,吉林大学,615,616,辽宁,理科,2014,第一批,加入对比 ,170
人文教育,吉林大学,615,617,辽宁,文科,2014,第一批,加入对比 ,170
交通工程,吉林大学,615,622,辽宁,理科,2014,第一批,加入对比 ,170
金融学,吉林大学,615,616,辽宁,文科,2014,第一批,加入对比 ,170
统计学,吉林大学,617,617,辽宁,理科,2014,第一批,加入对比 ,170
电子信息工程,吉林大学,617,617,辽宁,理科,2014,第一批,加入对比 ,170
能源与动力工程,吉林大学,618,630,辽宁,理科,2014,第一批,加入对比 ,170
应用化学,吉林大学,619,624,辽宁,理科,2014,第一批,加入对比 ,170
材料成型及控制工程,吉林大学,619,624,辽宁,理科,2014,第一批,加入对比 ,170
环境工程,吉林大学,620,622,辽宁,理科,2014,第一批,加入对比 ,170
经济学,吉林大学,622,622,辽宁,理科,2014,第一批,加入对比 ,171
化学,吉林大学,623,634,辽宁,理科,2014,第一批,加入对比 ,171
法学,吉林大学,628,629,辽宁,理科,2014,第一批,加入对比 ,171
酒店管理,吉林大学,351,398,吉林,理科,2014,专科,加入对比 ,171
商务英语,吉林大学,366,386,吉林,理科,2014,专科,加入对比 ,171
市场营销,吉林大学,367,441,吉林,理科,2014,专科,加入对比 ,171
酒店管理,吉林大学,397,508,吉林,文科,2014,专科,加入对比 ,171
商务英语,吉林大学,459,509,吉林,文科,2014,专科,加入对比 ,171
物理学类,吉林大学,580,597,吉林,理科,2014,第一批,加入对比 ,171
汉语言文学,吉林大学,597,612,吉林,文科,2014,第一批,加入对比 ,171
农学,吉林大学,597,600,吉林,理科,2014,第一批,加入对比 ,171
俄语,吉林大学,598,604,吉林,文科,2014,第一批,加入对比 ,171
文物与博物馆学,吉林大学,598,598,吉林,文科,2014,第一批,加入对比 ,171
动物科学,吉林大学,599,603,吉林,理科,2014,第一批,加入对比 ,171
农林经济管理,吉林大学,599,604,吉林,文科,2014,第一批,加入对比 ,171
新闻学,吉林大学,600,614,吉林,文科,2014,第一批,加入对比 ,171
园艺,吉林大学,600,604,吉林,理科,2014,第一批,加入对比 ,171
文物与博物馆学,吉林大学,602,605,吉林,文科,2014,提前批,加入对比 ,171
朝鲜语,吉林大学,602,605,吉林,文科,2014,第一批,加入对比 ,171
生物工程,吉林大学,603,607,吉林,理科,2014,第一批,加入对比 ,171
农林经济管理,吉林大学,603,604,吉林,理科,2014,第一批,加入对比 ,171
包装工程,吉林大学,604,610,吉林,理科,2014,第一批,加入对比 ,171
测绘工程,吉林大学,604,611,吉林,理科,2014,第一批,加入对比 ,171
地下水科学与工程,吉林大学,605,619,吉林,理科,2014,第一批,加入对比 ,171
历史学,吉林大学,605,610,吉林,文科,2014,提前批,加入对比 ,171
考古学,吉林大学,606,614,吉林,文科,2014,提前批,加入对比 ,172
档案学,吉林大学,607,611,吉林,理科,2014,第一批,加入对比 ,172
物理学,吉林大学,607,616,吉林,理科,2014,第一批,加入对比 ,172
地理科学,吉林大学,607,618,吉林,理科,2014,第一批,加入对比 ,172
社会学,吉林大学,608,611,吉林,文科,2014,第一批,加入对比 ,172
广告学,吉林大学,608,613,吉林,文科,2014,第一批,加入对比 ,172
电子信息工程,吉林大学,608,632,吉林,理科,2014,提前批,加入对比 ,172
地理信息科学,吉林大学,610,615,吉林,理科,2014,第一批,加入对比 ,172
信息管理与信息系统,吉林大学,610,630,吉林,理科,2014,第一批,加入对比 ,172
环境科学,吉林大学,610,626,吉林,理科,2014,第一批,加入对比 ,172
生物技术,吉林大学,610,627,吉林,理科,2014,第一批,加入对比 ,172
勘查技术与工程,吉林大学,610,622,吉林,理科,2014,第一批,加入对比 ,172
法学,吉林大学,611,622,吉林,文科,2014,第一批,加入对比 ,172
地质学,吉林大学,611,616,吉林,理科,2014,第一批,加入对比 ,172
信息与计算科学,吉林大学,611,614,吉林,理科,2014,第一批,加入对比 ,172
外交学,吉林大学,611,617,吉林,文科,2014,第一批,加入对比 ,172
哲学,吉林大学,611,621,吉林,文科,2014,提前批,加入对比 ,172
信息工程,吉林大学,612,621,吉林,理科,2014,第一批,加入对比 ,172
食品质量与安全,吉林大学,612,624,吉林,理科,2014,第一批,加入对比 ,172
土地资源管理,吉林大学,612,615,吉林,理科,2014,第一批,加入对比 ,172
物流工程,吉林大学,612,616,吉林,理科,2014,第一批,加入对比 ,172
英语,吉林大学,613,645,吉林,理科,2014,第一批,加入对比 ,172
物联网工程,吉林大学,613,634,吉林,理科,2014,第一批,加入对比 ,172
工程管理,吉林大学,614,631,吉林,理科,2014,第一批,加入对比 ,172
广告学,吉林大学,615,619,吉林,理科,2014,第一批,加入对比 ,172
金融学,吉林大学,615,625,吉林,文科,2014,第一批,加入对比 ,172
测控技术与仪器,吉林大学,615,640,吉林,理科,2014,第一批,加入对比 ,172
工业工程,吉林大学,615,634,吉林,理科,2014,第一批,加入对比 ,172
道路桥梁与渡河工程,吉林大学,616,646,吉林,理科,2014,第一批,加入对比 ,172
生物医学工程,吉林大学,616,637,吉林,理科,2014,第一批,加入对比 ,172
制药工程,吉林大学,616,625,吉林,理科,2014,提前批,加入对比 ,172
生物技术,吉林大学,616,624,吉林,理科,2014,提前批,加入对比 ,172
汽车服务工程,吉林大学,617,630,吉林,理科,2014,第一批,加入对比 ,172
工商管理,吉林大学,617,636,吉林,理科,2014,第一批,加入对比 ,172
应用物理学,吉林大学,617,630,吉林,理科,2014,提前批,加入对比 ,172
材料物理,吉林大学,617,621,吉林,理科,2014,第一批,加入对比 ,172
物理学,吉林大学,618,639,吉林,理科,2014,提前批,加入对比 ,172
核物理,吉林大学,619,624,吉林,理科,2014,提前批,加入对比 ,172
农业机械化及其自动化,吉林大学,619,626,吉林,理科,2014,第一批,加入对比 ,172
财政学,吉林大学,620,622,吉林,文科,2014,第一批,加入对比 ,172
交通工程,吉林大学,620,629,吉林,理科,2014,第一批,加入对比 ,172
无机非金属材料工程,吉林大学,620,636,吉林,理科,2014,第一批,加入对比 ,172
土木工程,吉林大学,621,633,吉林,理科,2014,第一批,加入对比 ,172
经济学,吉林大学,622,625,吉林,文科,2014,提前批,加入对比 ,172
通信工程,吉林大学,622,642,吉林,理科,2014,第一批,加入对比 ,172
光电信息科学与工程,吉林大学,622,626,吉林,理科,2014,提前批,加入对比 ,172
电子科学与技术,吉林大学,622,635,吉林,理科,2014,第一批,加入对比 ,172
工程力学,吉林大学,622,644,吉林,理科,2014,第一批,加入对比 ,172
生物科学,吉林大学,623,631,吉林,理科,2014,提前批,加入对比 ,172
统计学,吉林大学,628,636,吉林,理科,2014,第一批,加入对比 ,172
金融学,吉林大学,615,625,吉林,文科,2014,第一批,加入对比 ,173
测控技术与仪器,吉林大学,615,640,吉林,理科,2014,第一批,加入对比 ,173
工业工程,吉林大学,615,634,吉林,理科,2014,第一批,加入对比 ,173
道路桥梁与渡河工程,吉林大学,616,646,吉林,理科,2014,第一批,加入对比 ,173
生物医学工程,吉林大学,616,637,吉林,理科,2014,第一批,加入对比 ,173
制药工程,吉林大学,616,625,吉林,理科,2014,提前批,加入对比 ,173
生物技术,吉林大学,616,624,吉林,理科,2014,提前批,加入对比 ,173
汽车服务工程,吉林大学,617,630,吉林,理科,2014,第一批,加入对比 ,173
工商管理,吉林大学,617,636,吉林,理科,2014,第一批,加入对比 ,173
应用物理学,吉林大学,617,630,吉林,理科,2014,提前批,加入对比 ,173
材料物理,吉林大学,617,621,吉林,理科,2014,第一批,加入对比 ,173
物理学,吉林大学,618,639,吉林,理科,2014,提前批,加入对比 ,173
核物理,吉林大学,619,624,吉林,理科,2014,提前批,加入对比 ,173
农业机械化及其自动化,吉林大学,619,626,吉林,理科,2014,第一批,加入对比 ,173
财政学,吉林大学,620,622,吉林,文科,2014,第一批,加入对比 ,173
交通工程,吉林大学,620,629,吉林,理科,2014,第一批,加入对比 ,173
无机非金属材料工程,吉林大学,620,636,吉林,理科,2014,第一批,加入对比 ,173
土木工程,吉林大学,621,633,吉林,理科,2014,第一批,加入对比 ,173
经济学,吉林大学,622,625,吉林,文科,2014,提前批,加入对比 ,173
通信工程,吉林大学,622,642,吉林,理科,2014,第一批,加入对比 ,173
光电信息科学与工程,吉林大学,622,626,吉林,理科,2014,提前批,加入对比 ,173
电子科学与技术,吉林大学,622,635,吉林,理科,2014,第一批,加入对比 ,173
工程力学,吉林大学,622,644,吉林,理科,2014,第一批,加入对比 ,173
生物科学,吉林大学,623,631,吉林,理科,2014,提前批,加入对比 ,173
统计学,吉林大学,628,636,吉林,理科,2014,第一批,加入对比 ,173
微电子科学与工程,吉林大学,629,640,吉林,理科,2014,第一批,加入对比 ,173
预防医学,吉林大学,630,640,吉林,理科,2014,第一批,加入对比 ,173
法学,吉林大学,631,647,吉林,理科,2014,第一批,加入对比 ,173
材料化学,吉林大学,631,637,吉林,理科,2014,提前批,加入对比 ,173
放射医学,吉林大学,632,640,吉林,理科,2014,第一批,加入对比 ,173
统计学,吉林大学,633,649,吉林,理科,2014,提前批,加入对比 ,173
临床药学,吉林大学,633,638,吉林,理科,2014,第一批,加入对比 ,173
电子信息工程,吉林大学,634,643,吉林,理科,2014,第一批,加入对比 ,173
应用化学,吉林大学,635,638,吉林,理科,2014,提前批,加入对比 ,173
会计学,吉林大学,638,655,吉林,理科,2014,第一批,加入对比 ,173
化学,吉林大学,639,652,吉林,理科,2014,第一批,加入对比 ,173
财政学,吉林大学,639,644,吉林,理科,2014,第一批,加入对比 ,173
能源与动力工程,吉林大学,639,650,吉林,理科,2014,第一批,加入对比 ,173
金融学,吉林大学,641,652,吉林,理科,2014,第一批,加入对比 ,173
经济学,吉林大学,642,644,吉林,理科,2014,提前批,加入对比 ,173
化学,吉林大学,646,664,吉林,理科,2014,提前批,加入对比 ,173
车辆工程,吉林大学,649,666,吉林,理科,2014,第一批,加入对比 ,173
化学工程与工艺,吉林大学珠海学院,407,409,吉林,理科,2014,第三批,加入对比 ,173
应用化学,吉林大学珠海学院,413,414,吉林,理科,2014,第三批,加入对比 ,173
工业工程,吉林大学珠海学院,414,433,吉林,理科,2014,第三批,加入对比 ,173
中药学,吉林大学珠海学院,417,436,吉林,理科,2014,第三批,加入对比 ,173
朝鲜语,吉林大学珠海学院,417,420,吉林,理科,2014,第三批,加入对比 ,173
计算机科学与技术,吉林大学珠海学院,418,435,吉林,理科,2014,第三批,加入对比 ,173
软件工程,吉林大学珠海学院,419,439,吉林,理科,2014,第三批,加入对比 ,173
汽车服务工程,吉林大学珠海学院,420,438,吉林,理科,2014,第三批,加入对比 ,173
网络工程,吉林大学珠海学院,420,444,吉林,理科,2014,第三批,加入对比 ,173
制药工程,吉林大学珠海学院,420,435,吉林,理科,2014,第三批,加入对比 ,173
日语,吉林大学珠海学院,424,425,吉林,文科,2014,第三批,加入对比 ,173
通信工程,吉林大学珠海学院,425,442,吉林,理科,2014,第三批,加入对比 ,173
英语,吉林大学珠海学院,426,429,吉林,理科,2014,第三批,加入对比 ,173
自动化,吉林大学珠海学院,427,461,吉林,理科,2014,第三批,加入对比 ,173
机械设计制造及其自动化,吉林大学珠海学院,432,440,吉林,理科,2014,第三批,加入对比 ,173
朝鲜语,吉林大学珠海学院,432,450,吉林,文科,2014,第三批,加入对比 ,173
通信工程,吉林大学珠海学院,434,442,吉林,理科,2014,第二批,加入对比 ,173
广告学,吉林大学珠海学院,436,460,吉林,文科,2014,第三批,加入对比 ,173
工商管理,吉林大学珠海学院,439,444,吉林,理科,2014,第三批,加入对比 ,173
工商管理,吉林大学珠海学院,442,450,吉林,文科,2014,第三批,加入对比 ,173
建筑学,吉林大学珠海学院,442,442,吉林,理科,2014,第三批,加入对比 ,173
工商管理,吉林大学珠海学院,446,450,吉林,文科,2014,第二批,加入对比 ,173
汉语国际教育,吉林大学珠海学院,448,484,吉林,文科,2014,第三批,加入对比 ,173
会计学,吉林大学珠海学院,459,470,吉林,文科,2014,第三批,加入对比 ,173
金融学,吉林大学珠海学院,460,481,吉林,理科,2014,第三批,加入对比 ,173
金融学,吉林大学珠海学院,465,495,吉林,文科,2014,第三批,加入对比 ,173
会计学,吉林大学珠海学院,465,470,吉林,文科,2014,第二批,加入对比 ,173
物理学类,吉林大学,559,582,黑龙江,理科,2014,第一批,加入对比 ,173
电子信息工程,吉林大学,577,628,黑龙江,理科,2014,提前批,加入对比 ,173
法学,吉林大学,587,590,黑龙江,文科,2014,第三批,加入对比 ,173
资源勘查工程,吉林大学,599,601,黑龙江,理科,2014,第三批,加入对比 ,173
食品质量与安全,吉林大学,600,614,黑龙江,理科,2014,第一批,加入对比 ,173
生物技术,吉林大学,602,610,黑龙江,理科,2014,第三批,加入对比 ,173
微电子科学与工程,吉林大学,629,640,吉林,理科,2014,第一批,加入对比 ,174
预防医学,吉林大学,630,640,吉林,理科,2014,第一批,加入对比 ,174
法学,吉林大学,631,647,吉林,理科,2014,第一批,加入对比 ,174
材料化学,吉林大学,631,637,吉林,理科,2014,提前批,加入对比 ,174
放射医学,吉林大学,632,640,吉林,理科,2014,第一批,加入对比 ,174
统计学,吉林大学,633,649,吉林,理科,2014,提前批,加入对比 ,174
临床药学,吉林大学,633,638,吉林,理科,2014,第一批,加入对比 ,174
电子信息工程,吉林大学,634,643,吉林,理科,2014,第一批,加入对比 ,174
应用化学,吉林大学,635,638,吉林,理科,2014,提前批,加入对比 ,174
会计学,吉林大学,638,655,吉林,理科,2014,第一批,加入对比 ,174
化学,吉林大学,639,652,吉林,理科,2014,第一批,加入对比 ,174
财政学,吉林大学,639,644,吉林,理科,2014,第一批,加入对比 ,174
能源与动力工程,吉林大学,639,650,吉林,理科,2014,第一批,加入对比 ,174
金融学,吉林大学,641,652,吉林,理科,2014,第一批,加入对比 ,174
经济学,吉林大学,642,644,吉林,理科,2014,提前批,加入对比 ,174
化学,吉林大学,646,664,吉林,理科,2014,提前批,加入对比 ,174
车辆工程,吉林大学,649,666,吉林,理科,2014,第一批,加入对比 ,174
化学工程与工艺,吉林大学珠海学院,407,409,吉林,理科,2014,第三批,加入对比 ,174
应用化学,吉林大学珠海学院,413,414,吉林,理科,2014,第三批,加入对比 ,174
工业工程,吉林大学珠海学院,414,433,吉林,理科,2014,第三批,加入对比 ,174
中药学,吉林大学珠海学院,417,436,吉林,理科,2014,第三批,加入对比 ,174
朝鲜语,吉林大学珠海学院,417,420,吉林,理科,2014,第三批,加入对比 ,174
计算机科学与技术,吉林大学珠海学院,418,435,吉林,理科,2014,第三批,加入对比 ,174
软件工程,吉林大学珠海学院,419,439,吉林,理科,2014,第三批,加入对比 ,174
汽车服务工程,吉林大学珠海学院,420,438,吉林,理科,2014,第三批,加入对比 ,174
网络工程,吉林大学珠海学院,420,444,吉林,理科,2014,第三批,加入对比 ,174
制药工程,吉林大学珠海学院,420,435,吉林,理科,2014,第三批,加入对比 ,174
日语,吉林大学珠海学院,424,425,吉林,文科,2014,第三批,加入对比 ,174
通信工程,吉林大学珠海学院,425,442,吉林,理科,2014,第三批,加入对比 ,174
英语,吉林大学珠海学院,426,429,吉林,理科,2014,第三批,加入对比 ,174
自动化,吉林大学珠海学院,427,461,吉林,理科,2014,第三批,加入对比 ,174
机械设计制造及其自动化,吉林大学珠海学院,432,440,吉林,理科,2014,第三批,加入对比 ,174
朝鲜语,吉林大学珠海学院,432,450,吉林,文科,2014,第三批,加入对比 ,174
通信工程,吉林大学珠海学院,434,442,吉林,理科,2014,第二批,加入对比 ,174
广告学,吉林大学珠海学院,436,460,吉林,文科,2014,第三批,加入对比 ,174
工商管理,吉林大学珠海学院,439,444,吉林,理科,2014,第三批,加入对比 ,174
工商管理,吉林大学珠海学院,442,450,吉林,文科,2014,第三批,加入对比 ,174
建筑学,吉林大学珠海学院,442,442,吉林,理科,2014,第三批,加入对比 ,174
工商管理,吉林大学珠海学院,446,450,吉林,文科,2014,第二批,加入对比 ,174
汉语国际教育,吉林大学珠海学院,448,484,吉林,文科,2014,第三批,加入对比 ,174
会计学,吉林大学珠海学院,459,470,吉林,文科,2014,第三批,加入对比 ,174
金融学,吉林大学珠海学院,460,481,吉林,理科,2014,第三批,加入对比 ,174
金融学,吉林大学珠海学院,465,495,吉林,文科,2014,第三批,加入对比 ,174
会计学,吉林大学珠海学院,465,470,吉林,文科,2014,第二批,加入对比 ,174
物理学类,吉林大学,559,582,黑龙江,理科,2014,第一批,加入对比 ,174
电子信息工程,吉林大学,577,628,黑龙江,理科,2014,提前批,加入对比 ,174
法学,吉林大学,587,590,黑龙江,文科,2014,第三批,加入对比 ,174
资源勘查工程,吉林大学,599,601,黑龙江,理科,2014,第三批,加入对比 ,174
食品质量与安全,吉林大学,600,614,黑龙江,理科,2014,第一批,加入对比 ,174
生物技术,吉林大学,602,610,黑龙江,理科,2014,第三批,加入对比 ,174
农林经济管理,吉林大学,607,608,黑龙江,理科,2014,第一批,加入对比 ,174
动物科学,吉林大学,607,608,黑龙江,理科,2014,第一批,加入对比 ,174
核物理,吉林大学,607,608,黑龙江,理科,2014,第一批,加入对比 ,174
农学,吉林大学,607,608,黑龙江,理科,2014,第一批,加入对比 ,174
历史学,吉林大学,608,609,黑龙江,文科,2014,第一批,加入对比 ,174
服装设计与工程,吉林大学,608,609,黑龙江,理科,2014,第一批,加入对比 ,174
哲学,吉林大学,608,610,黑龙江,文科,2014,第一批,加入对比 ,174
农林经济管理,吉林大学,608,610,黑龙江,文科,2014,第一批,加入对比 ,174
测绘工程,吉林大学,608,609,黑龙江,理科,2014,第一批,加入对比 ,174
广告学,吉林大学,609,610,黑龙江,理科,2014,第一批,加入对比 ,174
地下水科学与工程,吉林大学,609,612,黑龙江,理科,2014,第一批,加入对比 ,174
地球物理学,吉林大学,609,610,黑龙江,理科,2014,第一批,加入对比 ,174
生物工程,吉林大学,609,612,黑龙江,理科,2014,第一批,加入对比 ,174
土地资源管理,吉林大学,609,611,黑龙江,理科,2014,第一批,加入对比 ,174
朝鲜语,吉林大学,610,613,黑龙江,文科,2014,第一批,加入对比 ,174
考古学,吉林大学,610,613,黑龙江,文科,2014,第一批,加入对比 ,174
英语,吉林大学,610,614,黑龙江,文科,2014,第一批,加入对比 ,174
勘查技术与工程,吉林大学,610,611,黑龙江,理科,2014,第一批,加入对比 ,174
生物技术,吉林大学,610,615,黑龙江,理科,2014,第一批,加入对比 ,174
药物制剂,吉林大学,610,611,黑龙江,理科,2014,第一批,加入对比 ,174
资源勘查工程,吉林大学,610,616,黑龙江,理科,2014,第一批,加入对比 ,174
地理信息科学,吉林大学,610,611,黑龙江,理科,2014,第一批,加入对比 ,174
园艺,吉林大学,611,616,黑龙江,理科,2014,第一批,加入对比 ,174
人文教育,吉林大学,611,611,黑龙江,文科,2014,第一批,加入对比 ,174
物流工程,吉林大学,611,612,黑龙江,理科,2014,第一批,加入对比 ,174
材料成型及控制工程,吉林大学,611,617,黑龙江,理科,2014,第一批,加入对比 ,174
电子科学与技术,吉林大学,611,626,黑龙江,理科,2014,第一批,加入对比 ,174
信息工程,吉林大学,611,613,黑龙江,理科,2014,第一批,加入对比 ,174
水文与水资源工程,吉林大学,612,615,黑龙江,理科,2014,第一批,加入对比 ,174
材料物理,吉林大学,612,615,黑龙江,理科,2014,第一批,加入对比 ,174
地质工程,吉林大学,612,617,黑龙江,理科,2014,第一批,加入对比 ,174
临床药学,吉林大学,612,619,黑龙江,理科,2014,第一批,加入对比 ,174
环境工程,吉林大学,612,620,黑龙江,理科,2014,第一批,加入对比 ,174
日语,吉林大学,612,613,黑龙江,文科,2014,第一批,加入对比 ,174
生物医学工程,吉林大学,612,619,黑龙江,理科,2014,第一批,加入对比 ,174
生物科学,吉林大学,613,616,黑龙江,理科,2014,第一批,加入对比 ,174
政治学与行政学,吉林大学,613,614,黑龙江,文科,2014,第一批,加入对比 ,174
信息管理与信息系统,吉林大学,613,625,黑龙江,理科,2014,第一批,加入对比 ,174
社会学,吉林大学,613,615,黑龙江,文科,2014,第一批,加入对比 ,174
工程力学,吉林大学,613,616,黑龙江,理科,2014,第一批,加入对比 ,174
测控技术与仪器,吉林大学,613,620,黑龙江,理科,2014,第一批,加入对比 ,174
信息与计算科学,吉林大学,614,635,黑龙江,理科,2014,第一批,加入对比 ,174
汉语言文学,吉林大学,614,620,黑龙江,文科,2014,第一批,加入对比 ,174
新闻学,吉林大学,614,615,黑龙江,文科,2014,第一批,加入对比 ,174
化学工程与工艺,吉林大学,614,615,黑龙江,理科,2014,第一批,加入对比 ,174
预防医学,吉林大学,614,618,黑龙江,理科,2014,第一批,加入对比 ,174
工业工程,吉林大学,614,618,黑龙江,理科,2014,第一批,加入对比 ,174
制药工程,吉林大学,615,625,黑龙江,理科,2014,第一批,加入对比 ,174
工程管理,吉林大学,615,616,黑龙江,理科,2014,第一批,加入对比 ,174
高分子材料与工程,吉林大学,615,620,黑龙江,理科,2014,第一批,加入对比 ,174
网络工程,吉林大学珠海学院,420,444,吉林,理科,2014,第三批,加入对比 ,175
制药工程,吉林大学珠海学院,420,435,吉林,理科,2014,第三批,加入对比 ,175
日语,吉林大学珠海学院,424,425,吉林,文科,2014,第三批,加入对比 ,175
通信工程,吉林大学珠海学院,425,442,吉林,理科,2014,第三批,加入对比 ,175
英语,吉林大学珠海学院,426,429,吉林,理科,2014,第三批,加入对比 ,175
自动化,吉林大学珠海学院,427,461,吉林,理科,2014,第三批,加入对比 ,175
机械设计制造及其自动化,吉林大学珠海学院,432,440,吉林,理科,2014,第三批,加入对比 ,175
朝鲜语,吉林大学珠海学院,432,450,吉林,文科,2014,第三批,加入对比 ,175
通信工程,吉林大学珠海学院,434,442,吉林,理科,2014,第二批,加入对比 ,175
广告学,吉林大学珠海学院,436,460,吉林,文科,2014,第三批,加入对比 ,175
工商管理,吉林大学珠海学院,439,444,吉林,理科,2014,第三批,加入对比 ,175
工商管理,吉林大学珠海学院,442,450,吉林,文科,2014,第三批,加入对比 ,175
建筑学,吉林大学珠海学院,442,442,吉林,理科,2014,第三批,加入对比 ,175
工商管理,吉林大学珠海学院,446,450,吉林,文科,2014,第二批,加入对比 ,175
汉语国际教育,吉林大学珠海学院,448,484,吉林,文科,2014,第三批,加入对比 ,175
会计学,吉林大学珠海学院,459,470,吉林,文科,2014,第三批,加入对比 ,175
金融学,吉林大学珠海学院,460,481,吉林,理科,2014,第三批,加入对比 ,175
金融学,吉林大学珠海学院,465,495,吉林,文科,2014,第三批,加入对比 ,175
会计学,吉林大学珠海学院,465,470,吉林,文科,2014,第二批,加入对比 ,175
物理学类,吉林大学,559,582,黑龙江,理科,2014,第一批,加入对比 ,175
电子信息工程,吉林大学,577,628,黑龙江,理科,2014,提前批,加入对比 ,175
法学,吉林大学,587,590,黑龙江,文科,2014,第三批,加入对比 ,175
资源勘查工程,吉林大学,599,601,黑龙江,理科,2014,第三批,加入对比 ,175
食品质量与安全,吉林大学,600,614,黑龙江,理科,2014,第一批,加入对比 ,175
生物技术,吉林大学,602,610,黑龙江,理科,2014,第三批,加入对比 ,175
农林经济管理,吉林大学,607,608,黑龙江,理科,2014,第一批,加入对比 ,175
动物科学,吉林大学,607,608,黑龙江,理科,2014,第一批,加入对比 ,175
核物理,吉林大学,607,608,黑龙江,理科,2014,第一批,加入对比 ,175
农学,吉林大学,607,608,黑龙江,理科,2014,第一批,加入对比 ,175
历史学,吉林大学,608,609,黑龙江,文科,2014,第一批,加入对比 ,175
服装设计与工程,吉林大学,608,609,黑龙江,理科,2014,第一批,加入对比 ,175
哲学,吉林大学,608,610,黑龙江,文科,2014,第一批,加入对比 ,175
农林经济管理,吉林大学,608,610,黑龙江,文科,2014,第一批,加入对比 ,175
测绘工程,吉林大学,608,609,黑龙江,理科,2014,第一批,加入对比 ,175
广告学,吉林大学,609,610,黑龙江,理科,2014,第一批,加入对比 ,175
地下水科学与工程,吉林大学,609,612,黑龙江,理科,2014,第一批,加入对比 ,175
地球物理学,吉林大学,609,610,黑龙江,理科,2014,第一批,加入对比 ,175
生物工程,吉林大学,609,612,黑龙江,理科,2014,第一批,加入对比 ,175
土地资源管理,吉林大学,609,611,黑龙江,理科,2014,第一批,加入对比 ,175
朝鲜语,吉林大学,610,613,黑龙江,文科,2014,第一批,加入对比 ,175
考古学,吉林大学,610,613,黑龙江,文科,2014,第一批,加入对比 ,175
英语,吉林大学,610,614,黑龙江,文科,2014,第一批,加入对比 ,175
勘查技术与工程,吉林大学,610,611,黑龙江,理科,2014,第一批,加入对比 ,175
生物技术,吉林大学,610,615,黑龙江,理科,2014,第一批,加入对比 ,175
药物制剂,吉林大学,610,611,黑龙江,理科,2014,第一批,加入对比 ,175
资源勘查工程,吉林大学,610,616,黑龙江,理科,2014,第一批,加入对比 ,175
地理信息科学,吉林大学,610,611,黑龙江,理科,2014,第一批,加入对比 ,175
园艺,吉林大学,611,616,黑龙江,理科,2014,第一批,加入对比 ,175
人文教育,吉林大学,611,611,黑龙江,文科,2014,第一批,加入对比 ,175
物流工程,吉林大学,611,612,黑龙江,理科,2014,第一批,加入对比 ,175
材料成型及控制工程,吉林大学,611,617,黑龙江,理科,2014,第一批,加入对比 ,175
电子科学与技术,吉林大学,611,626,黑龙江,理科,2014,第一批,加入对比 ,175
信息工程,吉林大学,611,613,黑龙江,理科,2014,第一批,加入对比 ,175
水文与水资源工程,吉林大学,612,615,黑龙江,理科,2014,第一批,加入对比 ,175
材料物理,吉林大学,612,615,黑龙江,理科,2014,第一批,加入对比 ,175
地质工程,吉林大学,612,617,黑龙江,理科,2014,第一批,加入对比 ,175
临床药学,吉林大学,612,619,黑龙江,理科,2014,第一批,加入对比 ,175
环境工程,吉林大学,612,620,黑龙江,理科,2014,第一批,加入对比 ,175
日语,吉林大学,612,613,黑龙江,文科,2014,第一批,加入对比 ,175
生物医学工程,吉林大学,612,619,黑龙江,理科,2014,第一批,加入对比 ,175
生物科学,吉林大学,613,616,黑龙江,理科,2014,第一批,加入对比 ,175
政治学与行政学,吉林大学,613,614,黑龙江,文科,2014,第一批,加入对比 ,175
信息管理与信息系统,吉林大学,613,625,黑龙江,理科,2014,第一批,加入对比 ,175
社会学,吉林大学,613,615,黑龙江,文科,2014,第一批,加入对比 ,175
工程力学,吉林大学,613,616,黑龙江,理科,2014,第一批,加入对比 ,175
测控技术与仪器,吉林大学,613,620,黑龙江,理科,2014,第一批,加入对比 ,175
信息与计算科学,吉林大学,614,635,黑龙江,理科,2014,第一批,加入对比 ,175
汉语言文学,吉林大学,614,620,黑龙江,文科,2014,第一批,加入对比 ,175
新闻学,吉林大学,614,615,黑龙江,文科,2014,第一批,加入对比 ,175
化学工程与工艺,吉林大学,614,615,黑龙江,理科,2014,第一批,加入对比 ,175
预防医学,吉林大学,614,618,黑龙江,理科,2014,第一批,加入对比 ,175
工业工程,吉林大学,614,618,黑龙江,理科,2014,第一批,加入对比 ,175
制药工程,吉林大学,615,625,黑龙江,理科,2014,第一批,加入对比 ,175
工程管理,吉林大学,615,616,黑龙江,理科,2014,第一批,加入对比 ,175
高分子材料与工程,吉林大学,615,620,黑龙江,理科,2014,第一批,加入对比 ,175
地质学,吉林大学,616,618,黑龙江,理科,2014,第一批,加入对比 ,175
软件工程,吉林大学,616,628,黑龙江,理科,2014,第一批,加入对比 ,175
交通工程,吉林大学,616,618,黑龙江,理科,2014,第一批,加入对比 ,175
无机非金属材料工程,吉林大学,616,620,黑龙江,理科,2014,第一批,加入对比 ,175
农业机械化及其自动化,吉林大学,617,624,黑龙江,理科,2014,第一批,加入对比 ,175
土木工程,吉林大学,617,623,黑龙江,理科,2014,第一批,加入对比 ,175
财政学,吉林大学,617,618,黑龙江,文科,2014,第一批,加入对比 ,175
材料科学与工程,吉林大学,617,619,黑龙江,理科,2014,第一批,加入对比 ,175
法学,吉林大学,620,624,黑龙江,文科,2014,第一批,加入对比 ,175
统计学,吉林大学,621,624,黑龙江,理科,2014,第一批,加入对比 ,175
放射医学,吉林大学,621,625,黑龙江,理科,2014,第一批,加入对比 ,175
机械工程,吉林大学,621,631,黑龙江,理科,2014,第一批,加入对比 ,175
电子信息工程,吉林大学,621,623,黑龙江,理科,2014,第一批,加入对比 ,175
自动化,吉林大学,622,629,黑龙江,理科,2014,第一批,加入对比 ,175
数学与应用数学,吉林大学,623,633,黑龙江,理科,2014,第一批,加入对比 ,175
应用化学,吉林大学,623,627,黑龙江,理科,2014,第一批,加入对比 ,175
能源与动力工程,吉林大学,625,632,黑龙江,理科,2014,第一批,加入对比 ,175
电气工程及其自动化,吉林大学,626,629,黑龙江,理科,2014,第一批,加入对比 ,175
金融学,吉林大学,626,638,黑龙江,理科,2014,第一批,加入对比 ,175
车辆工程,吉林大学,634,641,黑龙江,理科,2014,第一批,加入对比 ,175
药物制剂,吉林大学,448,449,上海,理科,2014,第一批,加入对比 ,175
物流工程,吉林大学,449,450,上海,理科,2014,第一批,加入对比 ,175
临床药学,吉林大学,449,451,上海,理科,2014,第一批,加入对比 ,175
环境工程,吉林大学,450,452,上海,理科,2014,第一批,加入对比 ,175
土木工程,吉林大学,451,453,上海,理科,2014,第一批,加入对比 ,175
社会学,吉林大学,451,452,上海,文科,2014,第一批,加入对比 ,175
通信工程,吉林大学,453,454,上海,理科,2014,第一批,加入对比 ,175
化学工程与工艺,吉林大学,453,455,上海,理科,2014,第一批,加入对比 ,175
汽车服务工程,吉林大学,455,457,上海,理科,2014,第一批,加入对比 ,175
计算机科学与技术,吉林大学,457,460,上海,理科,2014,第一批,加入对比 ,175
法学,吉林大学,461,462,上海,文科,2014,第一批,加入对比 ,175
车辆工程,吉林大学,468,469,上海,理科,2014,第一批,加入对比 ,175
物理学,吉林大学,559,574,上海,理科,2014,第一批,加入对比 ,175
农林经济管理,吉林大学,564,564,上海,理科,2014,第一批,加入对比 ,175
水文与水资源工程,吉林大学,565,565,上海,理科,2014,第一批,加入对比 ,175
地球物理学,吉林大学,566,566,上海,理科,2014,第一批,加入对比 ,175
地质工程,吉林大学,566,566,上海,理科,2014,第一批,加入对比 ,175
地下水科学与工程,吉林大学,566,566,上海,理科,2014,第一批,加入对比 ,175
勘查技术与工程,吉林大学,566,566,上海,理科,2014,第一批,加入对比 ,175
道路桥梁与渡河工程,吉林大学,567,567,上海,理科,2014,第一批,加入对比 ,175
工业工程,吉林大学,567,567,上海,理科,2014,第一批,加入对比 ,175
测绘工程,吉林大学,568,568,上海,理科,2014,第一批,加入对比 ,175
信息管理与信息系统,吉林大学,569,570,上海,理科,2014,第一批,加入对比 ,175
测控技术与仪器,吉林大学,569,569,上海,理科,2014,第一批,加入对比 ,175
生物工程,吉林大学,569,569,上海,理科,2014,第一批,加入对比 ,175
工商管理,吉林大学,569,569,上海,理科,2014,第一批,加入对比 ,175
放射医学,吉林大学,569,569,上海,理科,2014,第一批,加入对比 ,175
工程力学,吉林大学,570,571,上海,理科,2014,第一批,加入对比 ,175
信息与计算科学,吉林大学,570,571,上海,理科,2014,第一批,加入对比 ,175
环境科学,吉林大学,571,571,上海,理科,2014,第一批,加入对比 ,175
农林经济管理,吉林大学,607,608,黑龙江,理科,2014,第一批,加入对比 ,176
动物科学,吉林大学,607,608,黑龙江,理科,2014,第一批,加入对比 ,176
核物理,吉林大学,607,608,黑龙江,理科,2014,第一批,加入对比 ,176
农学,吉林大学,607,608,黑龙江,理科,2014,第一批,加入对比 ,176
历史学,吉林大学,608,609,黑龙江,文科,2014,第一批,加入对比 ,176
服装设计与工程,吉林大学,608,609,黑龙江,理科,2014,第一批,加入对比 ,176
哲学,吉林大学,608,610,黑龙江,文科,2014,第一批,加入对比 ,176
农林经济管理,吉林大学,608,610,黑龙江,文科,2014,第一批,加入对比 ,176
测绘工程,吉林大学,608,609,黑龙江,理科,2014,第一批,加入对比 ,176
广告学,吉林大学,609,610,黑龙江,理科,2014,第一批,加入对比 ,176
地下水科学与工程,吉林大学,609,612,黑龙江,理科,2014,第一批,加入对比 ,176
地球物理学,吉林大学,609,610,黑龙江,理科,2014,第一批,加入对比 ,176
生物工程,吉林大学,609,612,黑龙江,理科,2014,第一批,加入对比 ,176
土地资源管理,吉林大学,609,611,黑龙江,理科,2014,第一批,加入对比 ,176
朝鲜语,吉林大学,610,613,黑龙江,文科,2014,第一批,加入对比 ,176
考古学,吉林大学,610,613,黑龙江,文科,2014,第一批,加入对比 ,176
英语,吉林大学,610,614,黑龙江,文科,2014,第一批,加入对比 ,176
勘查技术与工程,吉林大学,610,611,黑龙江,理科,2014,第一批,加入对比 ,176
生物技术,吉林大学,610,615,黑龙江,理科,2014,第一批,加入对比 ,176
药物制剂,吉林大学,610,611,黑龙江,理科,2014,第一批,加入对比 ,176
资源勘查工程,吉林大学,610,616,黑龙江,理科,2014,第一批,加入对比 ,176
地理信息科学,吉林大学,610,611,黑龙江,理科,2014,第一批,加入对比 ,176
园艺,吉林大学,611,616,黑龙江,理科,2014,第一批,加入对比 ,176
人文教育,吉林大学,611,611,黑龙江,文科,2014,第一批,加入对比 ,176
物流工程,吉林大学,611,612,黑龙江,理科,2014,第一批,加入对比 ,176
材料成型及控制工程,吉林大学,611,617,黑龙江,理科,2014,第一批,加入对比 ,176
电子科学与技术,吉林大学,611,626,黑龙江,理科,2014,第一批,加入对比 ,176
信息工程,吉林大学,611,613,黑龙江,理科,2014,第一批,加入对比 ,176
水文与水资源工程,吉林大学,612,615,黑龙江,理科,2014,第一批,加入对比 ,176
材料物理,吉林大学,612,615,黑龙江,理科,2014,第一批,加入对比 ,176
地质工程,吉林大学,612,617,黑龙江,理科,2014,第一批,加入对比 ,176
临床药学,吉林大学,612,619,黑龙江,理科,2014,第一批,加入对比 ,176
环境工程,吉林大学,612,620,黑龙江,理科,2014,第一批,加入对比 ,176
日语,吉林大学,612,613,黑龙江,文科,2014,第一批,加入对比 ,176
生物医学工程,吉林大学,612,619,黑龙江,理科,2014,第一批,加入对比 ,176
生物科学,吉林大学,613,616,黑龙江,理科,2014,第一批,加入对比 ,176
政治学与行政学,吉林大学,613,614,黑龙江,文科,2014,第一批,加入对比 ,176
信息管理与信息系统,吉林大学,613,625,黑龙江,理科,2014,第一批,加入对比 ,176
社会学,吉林大学,613,615,黑龙江,文科,2014,第一批,加入对比 ,176
工程力学,吉林大学,613,616,黑龙江,理科,2014,第一批,加入对比 ,176
测控技术与仪器,吉林大学,613,620,黑龙江,理科,2014,第一批,加入对比 ,176
信息与计算科学,吉林大学,614,635,黑龙江,理科,2014,第一批,加入对比 ,176
汉语言文学,吉林大学,614,620,黑龙江,文科,2014,第一批,加入对比 ,176
新闻学,吉林大学,614,615,黑龙江,文科,2014,第一批,加入对比 ,176
化学工程与工艺,吉林大学,614,615,黑龙江,理科,2014,第一批,加入对比 ,176
预防医学,吉林大学,614,618,黑龙江,理科,2014,第一批,加入对比 ,176
工业工程,吉林大学,614,618,黑龙江,理科,2014,第一批,加入对比 ,176
制药工程,吉林大学,615,625,黑龙江,理科,2014,第一批,加入对比 ,176
工程管理,吉林大学,615,616,黑龙江,理科,2014,第一批,加入对比 ,176
高分子材料与工程,吉林大学,615,620,黑龙江,理科,2014,第一批,加入对比 ,176
地质学,吉林大学,616,618,黑龙江,理科,2014,第一批,加入对比 ,176
软件工程,吉林大学,616,628,黑龙江,理科,2014,第一批,加入对比 ,176
交通工程,吉林大学,616,618,黑龙江,理科,2014,第一批,加入对比 ,176
无机非金属材料工程,吉林大学,616,620,黑龙江,理科,2014,第一批,加入对比 ,176
农业机械化及其自动化,吉林大学,617,624,黑龙江,理科,2014,第一批,加入对比 ,176
土木工程,吉林大学,617,623,黑龙江,理科,2014,第一批,加入对比 ,176
财政学,吉林大学,617,618,黑龙江,文科,2014,第一批,加入对比 ,176
材料科学与工程,吉林大学,617,619,黑龙江,理科,2014,第一批,加入对比 ,176
法学,吉林大学,620,624,黑龙江,文科,2014,第一批,加入对比 ,176
统计学,吉林大学,621,624,黑龙江,理科,2014,第一批,加入对比 ,176
放射医学,吉林大学,621,625,黑龙江,理科,2014,第一批,加入对比 ,176
机械工程,吉林大学,621,631,黑龙江,理科,2014,第一批,加入对比 ,176
电子信息工程,吉林大学,621,623,黑龙江,理科,2014,第一批,加入对比 ,176
自动化,吉林大学,622,629,黑龙江,理科,2014,第一批,加入对比 ,176
数学与应用数学,吉林大学,623,633,黑龙江,理科,2014,第一批,加入对比 ,176
应用化学,吉林大学,623,627,黑龙江,理科,2014,第一批,加入对比 ,176
能源与动力工程,吉林大学,625,632,黑龙江,理科,2014,第一批,加入对比 ,176
电气工程及其自动化,吉林大学,626,629,黑龙江,理科,2014,第一批,加入对比 ,176
金融学,吉林大学,626,638,黑龙江,理科,2014,第一批,加入对比 ,176
车辆工程,吉林大学,634,641,黑龙江,理科,2014,第一批,加入对比 ,176
药物制剂,吉林大学,448,449,上海,理科,2014,第一批,加入对比 ,176
物流工程,吉林大学,449,450,上海,理科,2014,第一批,加入对比 ,176
临床药学,吉林大学,449,451,上海,理科,2014,第一批,加入对比 ,176
环境工程,吉林大学,450,452,上海,理科,2014,第一批,加入对比 ,176
土木工程,吉林大学,451,453,上海,理科,2014,第一批,加入对比 ,176
社会学,吉林大学,451,452,上海,文科,2014,第一批,加入对比 ,176
通信工程,吉林大学,453,454,上海,理科,2014,第一批,加入对比 ,176
化学工程与工艺,吉林大学,453,455,上海,理科,2014,第一批,加入对比 ,176
汽车服务工程,吉林大学,455,457,上海,理科,2014,第一批,加入对比 ,176
计算机科学与技术,吉林大学,457,460,上海,理科,2014,第一批,加入对比 ,176
法学,吉林大学,461,462,上海,文科,2014,第一批,加入对比 ,176
车辆工程,吉林大学,468,469,上海,理科,2014,第一批,加入对比 ,176
物理学,吉林大学,559,574,上海,理科,2014,第一批,加入对比 ,176
农林经济管理,吉林大学,564,564,上海,理科,2014,第一批,加入对比 ,176
水文与水资源工程,吉林大学,565,565,上海,理科,2014,第一批,加入对比 ,176
地球物理学,吉林大学,566,566,上海,理科,2014,第一批,加入对比 ,176
地质工程,吉林大学,566,566,上海,理科,2014,第一批,加入对比 ,176
地下水科学与工程,吉林大学,566,566,上海,理科,2014,第一批,加入对比 ,176
勘查技术与工程,吉林大学,566,566,上海,理科,2014,第一批,加入对比 ,176
道路桥梁与渡河工程,吉林大学,567,567,上海,理科,2014,第一批,加入对比 ,176
工业工程,吉林大学,567,567,上海,理科,2014,第一批,加入对比 ,176
测绘工程,吉林大学,568,568,上海,理科,2014,第一批,加入对比 ,176
信息管理与信息系统,吉林大学,569,570,上海,理科,2014,第一批,加入对比 ,176
测控技术与仪器,吉林大学,569,569,上海,理科,2014,第一批,加入对比 ,176
生物工程,吉林大学,569,569,上海,理科,2014,第一批,加入对比 ,176
工商管理,吉林大学,569,569,上海,理科,2014,第一批,加入对比 ,176
放射医学,吉林大学,569,569,上海,理科,2014,第一批,加入对比 ,176
工程力学,吉林大学,570,571,上海,理科,2014,第一批,加入对比 ,176
信息与计算科学,吉林大学,570,571,上海,理科,2014,第一批,加入对比 ,176
环境科学,吉林大学,571,571,上海,理科,2014,第一批,加入对比 ,176
光电信息科学与工程,吉林大学,571,572,上海,理科,2014,第一批,加入对比 ,176
电子信息工程,吉林大学,571,571,上海,理科,2014,第一批,加入对比 ,176
材料化学,吉林大学,572,572,上海,理科,2014,第一批,加入对比 ,176
材料科学与工程,吉林大学,572,572,上海,理科,2014,第一批,加入对比 ,176
法学,吉林大学,573,575,上海,理科,2014,第一批,加入对比 ,176
统计学,吉林大学,573,573,上海,理科,2014,第一批,加入对比 ,176
应用物理学,吉林大学,574,574,上海,理科,2014,第一批,加入对比 ,176
电气工程及其自动化,吉林大学,576,577,上海,理科,2014,第一批,加入对比 ,176
金融学,吉林大学,576,576,上海,理科,2014,第一批,加入对比 ,176
能源与动力工程,吉林大学,578,580,上海,理科,2014,第一批,加入对比 ,176
数学与应用数学,吉林大学,579,581,上海,理科,2014,第一批,加入对比 ,176
经济学,吉林大学,579,582,上海,理科,2014,第一批,加入对比 ,176
电子科学与技术,吉林大学,583,587,上海,理科,2014,第一批,加入对比 ,176
资源勘查工程,吉林大学,584,589,上海,理科,2014,第一批,加入对比 ,176
机械工程,吉林大学,586,590,上海,理科,2014,第一批,加入对比 ,176
哲学,吉林大学,591,591,上海,文科,2014,第一批,加入对比 ,176
政治学与行政学,吉林大学,593,593,上海,文科,2014,第一批,加入对比 ,176
西班牙语,吉林大学,596,596,上海,文科,2014,第一批,加入对比 ,176
通信工程,吉林大学珠海学院,369,369,上海,理科,2014,第二批,加入对比 ,176
日语,吉林大学,350,352,江苏,文科,2014,第一批,加入对比 ,176
哲学,吉林大学,354,357,江苏,文科,2014,第一批,加入对比 ,176
新闻学,吉林大学,355,356,江苏,文科,2014,第一批,加入对比 ,176
金融学,吉林大学,359,359,江苏,文科,2014,第一批,加入对比 ,176
物理学类,吉林大学,362,366,江苏,理科,2014,第一批,加入对比 ,176
测绘工程,吉林大学,362,363,江苏,理科,2014,第一批,加入对比 ,176
材料成型及控制工程,吉林大学,611,617,黑龙江,理科,2014,第一批,加入对比 ,177
电子科学与技术,吉林大学,611,626,黑龙江,理科,2014,第一批,加入对比 ,177
信息工程,吉林大学,611,613,黑龙江,理科,2014,第一批,加入对比 ,177
水文与水资源工程,吉林大学,612,615,黑龙江,理科,2014,第一批,加入对比 ,177
材料物理,吉林大学,612,615,黑龙江,理科,2014,第一批,加入对比 ,177
地质工程,吉林大学,612,617,黑龙江,理科,2014,第一批,加入对比 ,177
临床药学,吉林大学,612,619,黑龙江,理科,2014,第一批,加入对比 ,177
环境工程,吉林大学,612,620,黑龙江,理科,2014,第一批,加入对比 ,177
日语,吉林大学,612,613,黑龙江,文科,2014,第一批,加入对比 ,177
生物医学工程,吉林大学,612,619,黑龙江,理科,2014,第一批,加入对比 ,177
生物科学,吉林大学,613,616,黑龙江,理科,2014,第一批,加入对比 ,177
政治学与行政学,吉林大学,613,614,黑龙江,文科,2014,第一批,加入对比 ,177
信息管理与信息系统,吉林大学,613,625,黑龙江,理科,2014,第一批,加入对比 ,177
社会学,吉林大学,613,615,黑龙江,文科,2014,第一批,加入对比 ,177
工程力学,吉林大学,613,616,黑龙江,理科,2014,第一批,加入对比 ,177
测控技术与仪器,吉林大学,613,620,黑龙江,理科,2014,第一批,加入对比 ,177
信息与计算科学,吉林大学,614,635,黑龙江,理科,2014,第一批,加入对比 ,177
汉语言文学,吉林大学,614,620,黑龙江,文科,2014,第一批,加入对比 ,177
新闻学,吉林大学,614,615,黑龙江,文科,2014,第一批,加入对比 ,177
化学工程与工艺,吉林大学,614,615,黑龙江,理科,2014,第一批,加入对比 ,177
预防医学,吉林大学,614,618,黑龙江,理科,2014,第一批,加入对比 ,177
工业工程,吉林大学,614,618,黑龙江,理科,2014,第一批,加入对比 ,177
制药工程,吉林大学,615,625,黑龙江,理科,2014,第一批,加入对比 ,177
工程管理,吉林大学,615,616,黑龙江,理科,2014,第一批,加入对比 ,177
高分子材料与工程,吉林大学,615,620,黑龙江,理科,2014,第一批,加入对比 ,177
地质学,吉林大学,616,618,黑龙江,理科,2014,第一批,加入对比 ,177
软件工程,吉林大学,616,628,黑龙江,理科,2014,第一批,加入对比 ,177
交通工程,吉林大学,616,618,黑龙江,理科,2014,第一批,加入对比 ,177
无机非金属材料工程,吉林大学,616,620,黑龙江,理科,2014,第一批,加入对比 ,177
农业机械化及其自动化,吉林大学,617,624,黑龙江,理科,2014,第一批,加入对比 ,177
土木工程,吉林大学,617,623,黑龙江,理科,2014,第一批,加入对比 ,177
财政学,吉林大学,617,618,黑龙江,文科,2014,第一批,加入对比 ,177
材料科学与工程,吉林大学,617,619,黑龙江,理科,2014,第一批,加入对比 ,177
法学,吉林大学,620,624,黑龙江,文科,2014,第一批,加入对比 ,177
统计学,吉林大学,621,624,黑龙江,理科,2014,第一批,加入对比 ,177
放射医学,吉林大学,621,625,黑龙江,理科,2014,第一批,加入对比 ,177
机械工程,吉林大学,621,631,黑龙江,理科,2014,第一批,加入对比 ,177
电子信息工程,吉林大学,621,623,黑龙江,理科,2014,第一批,加入对比 ,177
自动化,吉林大学,622,629,黑龙江,理科,2014,第一批,加入对比 ,177
数学与应用数学,吉林大学,623,633,黑龙江,理科,2014,第一批,加入对比 ,177
应用化学,吉林大学,623,627,黑龙江,理科,2014,第一批,加入对比 ,177
能源与动力工程,吉林大学,625,632,黑龙江,理科,2014,第一批,加入对比 ,177
电气工程及其自动化,吉林大学,626,629,黑龙江,理科,2014,第一批,加入对比 ,177
金融学,吉林大学,626,638,黑龙江,理科,2014,第一批,加入对比 ,177
车辆工程,吉林大学,634,641,黑龙江,理科,2014,第一批,加入对比 ,177
药物制剂,吉林大学,448,449,上海,理科,2014,第一批,加入对比 ,177
物流工程,吉林大学,449,450,上海,理科,2014,第一批,加入对比 ,177
临床药学,吉林大学,449,451,上海,理科,2014,第一批,加入对比 ,177
环境工程,吉林大学,450,452,上海,理科,2014,第一批,加入对比 ,177
土木工程,吉林大学,451,453,上海,理科,2014,第一批,加入对比 ,177
社会学,吉林大学,451,452,上海,文科,2014,第一批,加入对比 ,177
通信工程,吉林大学,453,454,上海,理科,2014,第一批,加入对比 ,177
化学工程与工艺,吉林大学,453,455,上海,理科,2014,第一批,加入对比 ,177
汽车服务工程,吉林大学,455,457,上海,理科,2014,第一批,加入对比 ,177
计算机科学与技术,吉林大学,457,460,上海,理科,2014,第一批,加入对比 ,177
法学,吉林大学,461,462,上海,文科,2014,第一批,加入对比 ,177
车辆工程,吉林大学,468,469,上海,理科,2014,第一批,加入对比 ,177
物理学,吉林大学,559,574,上海,理科,2014,第一批,加入对比 ,177
农林经济管理,吉林大学,564,564,上海,理科,2014,第一批,加入对比 ,177
水文与水资源工程,吉林大学,565,565,上海,理科,2014,第一批,加入对比 ,177
地球物理学,吉林大学,566,566,上海,理科,2014,第一批,加入对比 ,177
地质工程,吉林大学,566,566,上海,理科,2014,第一批,加入对比 ,177
地下水科学与工程,吉林大学,566,566,上海,理科,2014,第一批,加入对比 ,177
勘查技术与工程,吉林大学,566,566,上海,理科,2014,第一批,加入对比 ,177
道路桥梁与渡河工程,吉林大学,567,567,上海,理科,2014,第一批,加入对比 ,177
工业工程,吉林大学,567,567,上海,理科,2014,第一批,加入对比 ,177
测绘工程,吉林大学,568,568,上海,理科,2014,第一批,加入对比 ,177
信息管理与信息系统,吉林大学,569,570,上海,理科,2014,第一批,加入对比 ,177
测控技术与仪器,吉林大学,569,569,上海,理科,2014,第一批,加入对比 ,177
生物工程,吉林大学,569,569,上海,理科,2014,第一批,加入对比 ,177
工商管理,吉林大学,569,569,上海,理科,2014,第一批,加入对比 ,177
放射医学,吉林大学,569,569,上海,理科,2014,第一批,加入对比 ,177
工程力学,吉林大学,570,571,上海,理科,2014,第一批,加入对比 ,177
信息与计算科学,吉林大学,570,571,上海,理科,2014,第一批,加入对比 ,177
环境科学,吉林大学,571,571,上海,理科,2014,第一批,加入对比 ,177
光电信息科学与工程,吉林大学,571,572,上海,理科,2014,第一批,加入对比 ,177
电子信息工程,吉林大学,571,571,上海,理科,2014,第一批,加入对比 ,177
材料化学,吉林大学,572,572,上海,理科,2014,第一批,加入对比 ,177
材料科学与工程,吉林大学,572,572,上海,理科,2014,第一批,加入对比 ,177
法学,吉林大学,573,575,上海,理科,2014,第一批,加入对比 ,177
统计学,吉林大学,573,573,上海,理科,2014,第一批,加入对比 ,177
应用物理学,吉林大学,574,574,上海,理科,2014,第一批,加入对比 ,177
电气工程及其自动化,吉林大学,576,577,上海,理科,2014,第一批,加入对比 ,177
金融学,吉林大学,576,576,上海,理科,2014,第一批,加入对比 ,177
能源与动力工程,吉林大学,578,580,上海,理科,2014,第一批,加入对比 ,177
数学与应用数学,吉林大学,579,581,上海,理科,2014,第一批,加入对比 ,177
经济学,吉林大学,579,582,上海,理科,2014,第一批,加入对比 ,177
电子科学与技术,吉林大学,583,587,上海,理科,2014,第一批,加入对比 ,177
资源勘查工程,吉林大学,584,589,上海,理科,2014,第一批,加入对比 ,177
机械工程,吉林大学,586,590,上海,理科,2014,第一批,加入对比 ,177
哲学,吉林大学,591,591,上海,文科,2014,第一批,加入对比 ,177
政治学与行政学,吉林大学,593,593,上海,文科,2014,第一批,加入对比 ,177
西班牙语,吉林大学,596,596,上海,文科,2014,第一批,加入对比 ,177
通信工程,吉林大学珠海学院,369,369,上海,理科,2014,第二批,加入对比 ,177
日语,吉林大学,350,352,江苏,文科,2014,第一批,加入对比 ,177
哲学,吉林大学,354,357,江苏,文科,2014,第一批,加入对比 ,177
新闻学,吉林大学,355,356,江苏,文科,2014,第一批,加入对比 ,177
金融学,吉林大学,359,359,江苏,文科,2014,第一批,加入对比 ,177
物理学类,吉林大学,362,366,江苏,理科,2014,第一批,加入对比 ,177
测绘工程,吉林大学,362,363,江苏,理科,2014,第一批,加入对比 ,177
地质学,吉林大学,616,618,黑龙江,理科,2014,第一批,加入对比 ,178
软件工程,吉林大学,616,628,黑龙江,理科,2014,第一批,加入对比 ,178
交通工程,吉林大学,616,618,黑龙江,理科,2014,第一批,加入对比 ,178
无机非金属材料工程,吉林大学,616,620,黑龙江,理科,2014,第一批,加入对比 ,178
农业机械化及其自动化,吉林大学,617,624,黑龙江,理科,2014,第一批,加入对比 ,178
土木工程,吉林大学,617,623,黑龙江,理科,2014,第一批,加入对比 ,178
财政学,吉林大学,617,618,黑龙江,文科,2014,第一批,加入对比 ,178
材料科学与工程,吉林大学,617,619,黑龙江,理科,2014,第一批,加入对比 ,178
法学,吉林大学,620,624,黑龙江,文科,2014,第一批,加入对比 ,178
统计学,吉林大学,621,624,黑龙江,理科,2014,第一批,加入对比 ,178
放射医学,吉林大学,621,625,黑龙江,理科,2014,第一批,加入对比 ,178
机械工程,吉林大学,621,631,黑龙江,理科,2014,第一批,加入对比 ,178
电子信息工程,吉林大学,621,623,黑龙江,理科,2014,第一批,加入对比 ,178
自动化,吉林大学,622,629,黑龙江,理科,2014,第一批,加入对比 ,178
数学与应用数学,吉林大学,623,633,黑龙江,理科,2014,第一批,加入对比 ,178
应用化学,吉林大学,623,627,黑龙江,理科,2014,第一批,加入对比 ,178
能源与动力工程,吉林大学,625,632,黑龙江,理科,2014,第一批,加入对比 ,178
电气工程及其自动化,吉林大学,626,629,黑龙江,理科,2014,第一批,加入对比 ,178
金融学,吉林大学,626,638,黑龙江,理科,2014,第一批,加入对比 ,178
车辆工程,吉林大学,634,641,黑龙江,理科,2014,第一批,加入对比 ,178
药物制剂,吉林大学,448,449,上海,理科,2014,第一批,加入对比 ,178
物流工程,吉林大学,449,450,上海,理科,2014,第一批,加入对比 ,178
临床药学,吉林大学,449,451,上海,理科,2014,第一批,加入对比 ,178
环境工程,吉林大学,450,452,上海,理科,2014,第一批,加入对比 ,178
土木工程,吉林大学,451,453,上海,理科,2014,第一批,加入对比 ,178
社会学,吉林大学,451,452,上海,文科,2014,第一批,加入对比 ,178
通信工程,吉林大学,453,454,上海,理科,2014,第一批,加入对比 ,178
化学工程与工艺,吉林大学,453,455,上海,理科,2014,第一批,加入对比 ,178
汽车服务工程,吉林大学,455,457,上海,理科,2014,第一批,加入对比 ,178
计算机科学与技术,吉林大学,457,460,上海,理科,2014,第一批,加入对比 ,178
法学,吉林大学,461,462,上海,文科,2014,第一批,加入对比 ,178
车辆工程,吉林大学,468,469,上海,理科,2014,第一批,加入对比 ,178
物理学,吉林大学,559,574,上海,理科,2014,第一批,加入对比 ,178
农林经济管理,吉林大学,564,564,上海,理科,2014,第一批,加入对比 ,178
水文与水资源工程,吉林大学,565,565,上海,理科,2014,第一批,加入对比 ,178
地球物理学,吉林大学,566,566,上海,理科,2014,第一批,加入对比 ,178
地质工程,吉林大学,566,566,上海,理科,2014,第一批,加入对比 ,178
地下水科学与工程,吉林大学,566,566,上海,理科,2014,第一批,加入对比 ,178
勘查技术与工程,吉林大学,566,566,上海,理科,2014,第一批,加入对比 ,178
道路桥梁与渡河工程,吉林大学,567,567,上海,理科,2014,第一批,加入对比 ,178
工业工程,吉林大学,567,567,上海,理科,2014,第一批,加入对比 ,178
测绘工程,吉林大学,568,568,上海,理科,2014,第一批,加入对比 ,178
信息管理与信息系统,吉林大学,569,570,上海,理科,2014,第一批,加入对比 ,178
测控技术与仪器,吉林大学,569,569,上海,理科,2014,第一批,加入对比 ,178
生物工程,吉林大学,569,569,上海,理科,2014,第一批,加入对比 ,178
工商管理,吉林大学,569,569,上海,理科,2014,第一批,加入对比 ,178
放射医学,吉林大学,569,569,上海,理科,2014,第一批,加入对比 ,178
工程力学,吉林大学,570,571,上海,理科,2014,第一批,加入对比 ,178
信息与计算科学,吉林大学,570,571,上海,理科,2014,第一批,加入对比 ,178
环境科学,吉林大学,571,571,上海,理科,2014,第一批,加入对比 ,178
光电信息科学与工程,吉林大学,571,572,上海,理科,2014,第一批,加入对比 ,178
电子信息工程,吉林大学,571,571,上海,理科,2014,第一批,加入对比 ,178
材料化学,吉林大学,572,572,上海,理科,2014,第一批,加入对比 ,178
材料科学与工程,吉林大学,572,572,上海,理科,2014,第一批,加入对比 ,178
法学,吉林大学,573,575,上海,理科,2014,第一批,加入对比 ,178
统计学,吉林大学,573,573,上海,理科,2014,第一批,加入对比 ,178
应用物理学,吉林大学,574,574,上海,理科,2014,第一批,加入对比 ,178
电气工程及其自动化,吉林大学,576,577,上海,理科,2014,第一批,加入对比 ,178
金融学,吉林大学,576,576,上海,理科,2014,第一批,加入对比 ,178
能源与动力工程,吉林大学,578,580,上海,理科,2014,第一批,加入对比 ,178
数学与应用数学,吉林大学,579,581,上海,理科,2014,第一批,加入对比 ,178
经济学,吉林大学,579,582,上海,理科,2014,第一批,加入对比 ,178
电子科学与技术,吉林大学,583,587,上海,理科,2014,第一批,加入对比 ,178
资源勘查工程,吉林大学,584,589,上海,理科,2014,第一批,加入对比 ,178
机械工程,吉林大学,586,590,上海,理科,2014,第一批,加入对比 ,178
哲学,吉林大学,591,591,上海,文科,2014,第一批,加入对比 ,178
政治学与行政学,吉林大学,593,593,上海,文科,2014,第一批,加入对比 ,178
西班牙语,吉林大学,596,596,上海,文科,2014,第一批,加入对比 ,178
通信工程,吉林大学珠海学院,369,369,上海,理科,2014,第二批,加入对比 ,178
日语,吉林大学,350,352,江苏,文科,2014,第一批,加入对比 ,178
哲学,吉林大学,354,357,江苏,文科,2014,第一批,加入对比 ,178
新闻学,吉林大学,355,356,江苏,文科,2014,第一批,加入对比 ,178
金融学,吉林大学,359,359,江苏,文科,2014,第一批,加入对比 ,178
物理学类,吉林大学,362,366,江苏,理科,2014,第一批,加入对比 ,178
测绘工程,吉林大学,362,363,江苏,理科,2014,第一批,加入对比 ,178
社会学,吉林大学,451,452,上海,文科,2014,第一批,加入对比 ,179
通信工程,吉林大学,453,454,上海,理科,2014,第一批,加入对比 ,179
化学工程与工艺,吉林大学,453,455,上海,理科,2014,第一批,加入对比 ,179
汽车服务工程,吉林大学,455,457,上海,理科,2014,第一批,加入对比 ,179
计算机科学与技术,吉林大学,457,460,上海,理科,2014,第一批,加入对比 ,179
法学,吉林大学,461,462,上海,文科,2014,第一批,加入对比 ,179
车辆工程,吉林大学,468,469,上海,理科,2014,第一批,加入对比 ,179
物理学,吉林大学,559,574,上海,理科,2014,第一批,加入对比 ,179
农林经济管理,吉林大学,564,564,上海,理科,2014,第一批,加入对比 ,179
水文与水资源工程,吉林大学,565,565,上海,理科,2014,第一批,加入对比 ,179
地球物理学,吉林大学,566,566,上海,理科,2014,第一批,加入对比 ,179
地质工程,吉林大学,566,566,上海,理科,2014,第一批,加入对比 ,179
地下水科学与工程,吉林大学,566,566,上海,理科,2014,第一批,加入对比 ,179
勘查技术与工程,吉林大学,566,566,上海,理科,2014,第一批,加入对比 ,179
道路桥梁与渡河工程,吉林大学,567,567,上海,理科,2014,第一批,加入对比 ,179
工业工程,吉林大学,567,567,上海,理科,2014,第一批,加入对比 ,179
测绘工程,吉林大学,568,568,上海,理科,2014,第一批,加入对比 ,179
信息管理与信息系统,吉林大学,569,570,上海,理科,2014,第一批,加入对比 ,179
测控技术与仪器,吉林大学,569,569,上海,理科,2014,第一批,加入对比 ,179
生物工程,吉林大学,569,569,上海,理科,2014,第一批,加入对比 ,179
工商管理,吉林大学,569,569,上海,理科,2014,第一批,加入对比 ,179
放射医学,吉林大学,569,569,上海,理科,2014,第一批,加入对比 ,179
工程力学,吉林大学,570,571,上海,理科,2014,第一批,加入对比 ,179
信息与计算科学,吉林大学,570,571,上海,理科,2014,第一批,加入对比 ,179
环境科学,吉林大学,571,571,上海,理科,2014,第一批,加入对比 ,179
光电信息科学与工程,吉林大学,571,572,上海,理科,2014,第一批,加入对比 ,179
电子信息工程,吉林大学,571,571,上海,理科,2014,第一批,加入对比 ,179
材料化学,吉林大学,572,572,上海,理科,2014,第一批,加入对比 ,179
材料科学与工程,吉林大学,572,572,上海,理科,2014,第一批,加入对比 ,179
法学,吉林大学,573,575,上海,理科,2014,第一批,加入对比 ,179
统计学,吉林大学,573,573,上海,理科,2014,第一批,加入对比 ,179
应用物理学,吉林大学,574,574,上海,理科,2014,第一批,加入对比 ,179
电气工程及其自动化,吉林大学,576,577,上海,理科,2014,第一批,加入对比 ,179
金融学,吉林大学,576,576,上海,理科,2014,第一批,加入对比 ,179
能源与动力工程,吉林大学,578,580,上海,理科,2014,第一批,加入对比 ,179
数学与应用数学,吉林大学,579,581,上海,理科,2014,第一批,加入对比 ,179
经济学,吉林大学,579,582,上海,理科,2014,第一批,加入对比 ,179
电子科学与技术,吉林大学,583,587,上海,理科,2014,第一批,加入对比 ,179
资源勘查工程,吉林大学,584,589,上海,理科,2014,第一批,加入对比 ,179
机械工程,吉林大学,586,590,上海,理科,2014,第一批,加入对比 ,179
哲学,吉林大学,591,591,上海,文科,2014,第一批,加入对比 ,179
政治学与行政学,吉林大学,593,593,上海,文科,2014,第一批,加入对比 ,179
西班牙语,吉林大学,596,596,上海,文科,2014,第一批,加入对比 ,179
通信工程,吉林大学珠海学院,369,369,上海,理科,2014,第二批,加入对比 ,179
日语,吉林大学,350,352,江苏,文科,2014,第一批,加入对比 ,179
哲学,吉林大学,354,357,江苏,文科,2014,第一批,加入对比 ,179
新闻学,吉林大学,355,356,江苏,文科,2014,第一批,加入对比 ,179
金融学,吉林大学,359,359,江苏,文科,2014,第一批,加入对比 ,179
物理学类,吉林大学,362,366,江苏,理科,2014,第一批,加入对比 ,179
测绘工程,吉林大学,362,363,江苏,理科,2014,第一批,加入对比 ,179
光电信息科学与工程,吉林大学,571,572,上海,理科,2014,第一批,加入对比 ,180
电子信息工程,吉林大学,571,571,上海,理科,2014,第一批,加入对比 ,180
材料化学,吉林大学,572,572,上海,理科,2014,第一批,加入对比 ,180
材料科学与工程,吉林大学,572,572,上海,理科,2014,第一批,加入对比 ,180
法学,吉林大学,573,575,上海,理科,2014,第一批,加入对比 ,180
统计学,吉林大学,573,573,上海,理科,2014,第一批,加入对比 ,180
应用物理学,吉林大学,574,574,上海,理科,2014,第一批,加入对比 ,180
电气工程及其自动化,吉林大学,576,577,上海,理科,2014,第一批,加入对比 ,180
金融学,吉林大学,576,576,上海,理科,2014,第一批,加入对比 ,180
能源与动力工程,吉林大学,578,580,上海,理科,2014,第一批,加入对比 ,180
数学与应用数学,吉林大学,579,581,上海,理科,2014,第一批,加入对比 ,180
经济学,吉林大学,579,582,上海,理科,2014,第一批,加入对比 ,180
电子科学与技术,吉林大学,583,587,上海,理科,2014,第一批,加入对比 ,180
资源勘查工程,吉林大学,584,589,上海,理科,2014,第一批,加入对比 ,180
机械工程,吉林大学,586,590,上海,理科,2014,第一批,加入对比 ,180
哲学,吉林大学,591,591,上海,文科,2014,第一批,加入对比 ,180
政治学与行政学,吉林大学,593,593,上海,文科,2014,第一批,加入对比 ,180
西班牙语,吉林大学,596,596,上海,文科,2014,第一批,加入对比 ,180
通信工程,吉林大学珠海学院,369,369,上海,理科,2014,第二批,加入对比 ,180
日语,吉林大学,350,352,江苏,文科,2014,第一批,加入对比 ,180
哲学,吉林大学,354,357,江苏,文科,2014,第一批,加入对比 ,180
新闻学,吉林大学,355,356,江苏,文科,2014,第一批,加入对比 ,180
金融学,吉林大学,359,359,江苏,文科,2014,第一批,加入对比 ,180
物理学类,吉林大学,362,366,江苏,理科,2014,第一批,加入对比 ,180
测绘工程,吉林大学,362,363,江苏,理科,2014,第一批,加入对比 ,180
服装设计与工程,吉林大学,362,363,江苏,理科,2014,第一批,加入对比 ,181
生物技术,吉林大学,363,365,江苏,理科,2014,第一批,加入对比 ,181
食品质量与安全,吉林大学,363,365,江苏,理科,2014,第一批,加入对比 ,181
食品科学与工程,吉林大学,363,365,江苏,理科,2014,第一批,加入对比 ,181
地下水科学与工程,吉林大学,363,363,江苏,理科,2014,第一批,加入对比 ,181
地理信息科学,吉林大学,363,364,江苏,理科,2014,第一批,加入对比 ,181
生物医学工程,吉林大学,364,365,江苏,理科,2014,第一批,加入对比 ,181
信息工程,吉林大学,364,366,江苏,理科,2014,第一批,加入对比 ,181
地质工程,吉林大学,364,367,江苏,理科,2014,第一批,加入对比 ,181
测控技术与仪器,吉林大学,364,367,江苏,理科,2014,第一批,加入对比 ,181
信息管理与信息系统,吉林大学,364,366,江苏,理科,2014,第一批,加入对比 ,181
水文与水资源工程,吉林大学,364,365,江苏,理科,2014,第一批,加入对比 ,181
环境工程,吉林大学,364,365,江苏,理科,2014,第一批,加入对比 ,181
地质学,吉林大学,364,365,江苏,理科,2014,第一批,加入对比 ,181
无机非金属材料工程,吉林大学,364,366,江苏,理科,2014,第一批,加入对比 ,181
广告学,吉林大学,365,365,江苏,理科,2014,第一批,加入对比 ,181
环境科学,吉林大学,365,366,江苏,理科,2014,第一批,加入对比 ,181
生物科学,吉林大学,366,367,江苏,理科,2014,第一批,加入对比 ,181
交通工程,吉林大学,366,367,江苏,理科,2014,第一批,加入对比 ,181
制药工程,吉林大学,366,368,江苏,理科,2014,第一批,加入对比 ,181
交通运输,吉林大学,366,367,江苏,理科,2014,第一批,加入对比 ,181
核物理,吉林大学,366,368,江苏,理科,2014,第一批,加入对比 ,181
农业机械化及其自动化,吉林大学,366,368,江苏,理科,2014,第一批,加入对比 ,181
电子信息工程,吉林大学,367,368,江苏,理科,2014,第一批,加入对比 ,181
计算机科学与技术,吉林大学,367,370,江苏,理科,2014,第一批,加入对比 ,181
工程力学,吉林大学,367,367,江苏,理科,2014,第一批,加入对比 ,182
信息与计算科学,吉林大学,368,369,江苏,理科,2014,第一批,加入对比 ,182
材料成型及控制工程,吉林大学,368,370,江苏,理科,2014,第一批,加入对比 ,182
通信工程,吉林大学,368,372,江苏,理科,2014,第一批,加入对比 ,182
自动化,吉林大学,368,369,江苏,理科,2014,第一批,加入对比 ,182
光电信息科学与工程,吉林大学,368,370,江苏,理科,2014,第一批,加入对比 ,182
微电子科学与工程,吉林大学,368,368,江苏,理科,2014,第一批,加入对比 ,182
材料化学,吉林大学,368,369,江苏,理科,2014,第一批,加入对比 ,182
电子科学与技术,吉林大学,369,372,江苏,理科,2014,第一批,加入对比 ,182
能源与动力工程,吉林大学,369,373,江苏,理科,2014,第一批,加入对比 ,182
数学与应用数学,吉林大学,369,370,江苏,理科,2014,第一批,加入对比 ,182
物联网工程,吉林大学,369,374,江苏,理科,2014,第一批,加入对比 ,182
机械工程,吉林大学,371,373,江苏,理科,2014,第一批,加入对比 ,182
电气工程及其自动化,吉林大学,371,373,江苏,理科,2014,第一批,加入对比 ,182
车辆工程,吉林大学,374,377,江苏,理科,2014,第一批,加入对比 ,182
化学,吉林大学,377,378,江苏,理科,2014,第一批,加入对比 ,182
动画,吉林大学珠海学院,220,220,江苏,文科,2014,提前批,加入对比 ,182
视觉传达设计,吉林大学珠海学院,254,254,江苏,文科,2014,提前批,加入对比 ,182
广告学,吉林大学珠海学院,289,290,江苏,文科,2014,第三批,加入对比 ,182
金融学,吉林大学珠海学院,297,299,江苏,文科,2014,第三批,加入对比 ,182
计算机科学与技术,吉林大学珠海学院,302,303,江苏,理科,2014,第三批,加入对比 ,182
自动化,吉林大学珠海学院,305,305,江苏,理科,2014,第三批,加入对比 ,182
机械设计制造及其自动化,吉林大学珠海学院,305,307,江苏,理科,2014,第三批,加入对比 ,182
通信工程,吉林大学珠海学院,306,306,江苏,理科,2014,第三批,加入对比 ,182
应用化学,吉林大学珠海学院,307,309,江苏,理科,2014,第三批,加入对比 ,182
汽车服务工程,吉林大学珠海学院,307,311,江苏,理科,2014,第三批,加入对比 ,182
会计学,吉林大学珠海学院,308,309,江苏,理科,2014,第三批,加入对比 ,182
金融学,吉林大学珠海学院,310,311,江苏,理科,2014,第三批,加入对比 ,182
工业工程,吉林大学珠海学院,312,312,江苏,理科,2014,第三批,加入对比 ,182
物理学,吉林大学,559,574,浙江,理科,2014,第一批,加入对比 ,182
地质学,吉林大学,566,566,浙江,理科,2014,第一批,加入对比 ,182
临床药学,吉林大学,567,567,浙江,理科,2014,第一批,加入对比 ,182
物流工程,吉林大学,567,567,浙江,理科,2014,第一批,加入对比 ,182
食品科学与工程,吉林大学,567,567,浙江,理科,2014,第一批,加入对比 ,182
工业工程,吉林大学,567,567,浙江,理科,2014,第一批,加入对比 ,182
生物医学工程,吉林大学,567,567,浙江,理科,2014,第一批,加入对比 ,182
制药工程,吉林大学,567,567,浙江,理科,2014,第一批,加入对比 ,182
交通运输,吉林大学,567,567,浙江,理科,2014,第一批,加入对比 ,182
道路桥梁与渡河工程,吉林大学,567,567,浙江,理科,2014,第一批,加入对比 ,182
信息工程,吉林大学,568,568,浙江,理科,2014,第一批,加入对比 ,182
预防医学,吉林大学,568,568,浙江,理科,2014,第一批,加入对比 ,182
食品质量与安全,吉林大学,568,569,浙江,理科,2014,第一批,加入对比 ,182
放射医学,吉林大学,569,569,浙江,理科,2014,第一批,加入对比 ,182
测控技术与仪器,吉林大学,569,569,浙江,理科,2014,第一批,加入对比 ,182
信息管理与信息系统,吉林大学,569,570,浙江,理科,2014,第一批,加入对比 ,182
信息与计算科学,吉林大学,570,571,浙江,理科,2014,第一批,加入对比 ,182
服装设计与工程,吉林大学,570,572,浙江,理科,2014,第一批,加入对比 ,182
软件工程,吉林大学,570,572,浙江,理科,2014,第一批,加入对比 ,182
环境工程,吉林大学,570,570,浙江,理科,2014,第一批,加入对比 ,182
光电信息科学与工程,吉林大学,571,572,浙江,理科,2014,第一批,加入对比 ,182
汽车服务工程,吉林大学珠海学院,307,311,江苏,理科,2014,第三批,加入对比 ,183
会计学,吉林大学珠海学院,308,309,江苏,理科,2014,第三批,加入对比 ,183
金融学,吉林大学珠海学院,310,311,江苏,理科,2014,第三批,加入对比 ,183
工业工程,吉林大学珠海学院,312,312,江苏,理科,2014,第三批,加入对比 ,183
物理学,吉林大学,559,574,浙江,理科,2014,第一批,加入对比 ,183
地质学,吉林大学,566,566,浙江,理科,2014,第一批,加入对比 ,183
临床药学,吉林大学,567,567,浙江,理科,2014,第一批,加入对比 ,183
物流工程,吉林大学,567,567,浙江,理科,2014,第一批,加入对比 ,183
食品科学与工程,吉林大学,567,567,浙江,理科,2014,第一批,加入对比 ,183
工业工程,吉林大学,567,567,浙江,理科,2014,第一批,加入对比 ,183
生物医学工程,吉林大学,567,567,浙江,理科,2014,第一批,加入对比 ,183
制药工程,吉林大学,567,567,浙江,理科,2014,第一批,加入对比 ,183
交通运输,吉林大学,567,567,浙江,理科,2014,第一批,加入对比 ,183
道路桥梁与渡河工程,吉林大学,567,567,浙江,理科,2014,第一批,加入对比 ,183
信息工程,吉林大学,568,568,浙江,理科,2014,第一批,加入对比 ,183
预防医学,吉林大学,568,568,浙江,理科,2014,第一批,加入对比 ,183
食品质量与安全,吉林大学,568,569,浙江,理科,2014,第一批,加入对比 ,183
放射医学,吉林大学,569,569,浙江,理科,2014,第一批,加入对比 ,183
测控技术与仪器,吉林大学,569,569,浙江,理科,2014,第一批,加入对比 ,183
信息管理与信息系统,吉林大学,569,570,浙江,理科,2014,第一批,加入对比 ,183
信息与计算科学,吉林大学,570,571,浙江,理科,2014,第一批,加入对比 ,183
服装设计与工程,吉林大学,570,572,浙江,理科,2014,第一批,加入对比 ,183
软件工程,吉林大学,570,572,浙江,理科,2014,第一批,加入对比 ,183
环境工程,吉林大学,570,570,浙江,理科,2014,第一批,加入对比 ,183
光电信息科学与工程,吉林大学,571,572,浙江,理科,2014,第一批,加入对比 ,183
电子信息工程,吉林大学,571,571,浙江,理科,2014,第一批,加入对比 ,183
材料化学,吉林大学,572,572,浙江,理科,2014,第一批,加入对比 ,183
通信工程,吉林大学,572,572,浙江,理科,2014,第一批,加入对比 ,183
材料成型及控制工程,吉林大学,572,572,浙江,理科,2014,第一批,加入对比 ,183
材料科学与工程,吉林大学,572,572,浙江,理科,2014,第一批,加入对比 ,183
微电子科学与工程,吉林大学,572,573,浙江,理科,2014,第一批,加入对比 ,183
物联网工程,吉林大学,572,573,浙江,理科,2014,第一批,加入对比 ,183
计算机科学与技术,吉林大学,573,574,浙江,理科,2014,第一批,加入对比 ,183
会计学,吉林大学,573,573,浙江,理科,2014,第一批,加入对比 ,183
法学,吉林大学,573,575,浙江,理科,2014,第一批,加入对比 ,183
应用物理学,吉林大学,574,574,浙江,理科,2014,第一批,加入对比 ,183
自动化,吉林大学,575,575,浙江,理科,2014,第一批,加入对比 ,183
土木工程,吉林大学,577,578,浙江,理科,2014,第一批,加入对比 ,183
能源与动力工程,吉林大学,578,580,浙江,理科,2014,第一批,加入对比 ,183
经济学,吉林大学,579,582,浙江,理科,2014,第一批,加入对比 ,183
电子科学与技术,吉林大学,583,587,浙江,理科,2014,第一批,加入对比 ,183
哲学,吉林大学,591,591,浙江,文科,2014,第一批,加入对比 ,183
政治学与行政学,吉林大学,593,593,浙江,文科,2014,第一批,加入对比 ,183
日语,吉林大学,594,595,浙江,文科,2014,第一批,加入对比 ,183
西班牙语,吉林大学,596,596,浙江,文科,2014,第一批,加入对比 ,183
法学,吉林大学,598,598,浙江,文科,2014,第一批,加入对比 ,183
车辆工程,吉林大学,600,602,浙江,理科,2014,第一批,加入对比 ,183
园艺,吉林大学,507,524,安徽,理科,2014,第三批,加入对比 ,183
农业资源与环境,吉林大学,530,542,安徽,理科,2014,第三批,加入对比 ,183
农学,吉林大学,531,543,安徽,理科,2014,第三批,加入对比 ,183
食品科学与工程,吉林大学,543,549,安徽,理科,2014,第三批,加入对比 ,183
预防医学,吉林大学,550,551,安徽,理科,2014,第三批,加入对比 ,183
工业工程,吉林大学,556,556,安徽,理科,2014,第三批,加入对比 ,183
农林经济管理,吉林大学,561,564,安徽,理科,2014,第一批,加入对比 ,183
电子科学与技术,吉林大学,561,561,安徽,理科,2014,第三批,加入对比 ,183
交通运输,吉林大学,564,567,安徽,理科,2014,第一批,加入对比 ,183
勘查技术与工程,吉林大学,565,566,安徽,理科,2014,第一批,加入对比 ,183
地球物理学,吉林大学,565,566,安徽,理科,2014,第一批,加入对比 ,183
地理信息科学,吉林大学,565,566,安徽,理科,2014,第一批,加入对比 ,183
物流工程,吉林大学,566,567,安徽,理科,2014,第一批,加入对比 ,183
生物医学工程,吉林大学,566,567,安徽,理科,2014,第一批,加入对比 ,183
食品质量与安全,吉林大学,566,569,安徽,理科,2014,第一批,加入对比 ,183
信息工程,吉林大学,567,568,安徽,理科,2014,第一批,加入对比 ,183
预防医学,吉林大学,567,568,安徽,理科,2014,第一批,加入对比 ,183
信息管理与信息系统,吉林大学,567,570,安徽,理科,2014,第一批,加入对比 ,183
道路桥梁与渡河工程,吉林大学,567,567,安徽,理科,2014,第一批,加入对比 ,183
临床药学,吉林大学,567,567,安徽,理科,2014,第一批,加入对比 ,183
软件工程,吉林大学,568,572,安徽,理科,2014,第一批,加入对比 ,183
环境工程,吉林大学,568,570,安徽,理科,2014,第一批,加入对比 ,183
信息与计算科学,吉林大学,568,571,安徽,理科,2014,第一批,加入对比 ,183
工商管理,吉林大学,568,569,安徽,理科,2014,第一批,加入对比 ,183
生物工程,吉林大学,568,569,安徽,理科,2014,第一批,加入对比 ,183
光电信息科学与工程,吉林大学,569,572,安徽,理科,2014,第一批,加入对比 ,183
工程力学,吉林大学,569,571,安徽,理科,2014,第一批,加入对比 ,183
放射医学,吉林大学,569,569,安徽,理科,2014,第一批,加入对比 ,183
电子信息工程,吉林大学,571,571,浙江,理科,2014,第一批,加入对比 ,184
材料化学,吉林大学,572,572,浙江,理科,2014,第一批,加入对比 ,184
通信工程,吉林大学,572,572,浙江,理科,2014,第一批,加入对比 ,184
材料成型及控制工程,吉林大学,572,572,浙江,理科,2014,第一批,加入对比 ,184
材料科学与工程,吉林大学,572,572,浙江,理科,2014,第一批,加入对比 ,184
微电子科学与工程,吉林大学,572,573,浙江,理科,2014,第一批,加入对比 ,184
物联网工程,吉林大学,572,573,浙江,理科,2014,第一批,加入对比 ,184
计算机科学与技术,吉林大学,573,574,浙江,理科,2014,第一批,加入对比 ,184
会计学,吉林大学,573,573,浙江,理科,2014,第一批,加入对比 ,184
法学,吉林大学,573,575,浙江,理科,2014,第一批,加入对比 ,184
应用物理学,吉林大学,574,574,浙江,理科,2014,第一批,加入对比 ,184
自动化,吉林大学,575,575,浙江,理科,2014,第一批,加入对比 ,184
土木工程,吉林大学,577,578,浙江,理科,2014,第一批,加入对比 ,184
能源与动力工程,吉林大学,578,580,浙江,理科,2014,第一批,加入对比 ,184
经济学,吉林大学,579,582,浙江,理科,2014,第一批,加入对比 ,184
电子科学与技术,吉林大学,583,587,浙江,理科,2014,第一批,加入对比 ,184
哲学,吉林大学,591,591,浙江,文科,2014,第一批,加入对比 ,184
政治学与行政学,吉林大学,593,593,浙江,文科,2014,第一批,加入对比 ,184
日语,吉林大学,594,595,浙江,文科,2014,第一批,加入对比 ,184
西班牙语,吉林大学,596,596,浙江,文科,2014,第一批,加入对比 ,184
法学,吉林大学,598,598,浙江,文科,2014,第一批,加入对比 ,184
车辆工程,吉林大学,600,602,浙江,理科,2014,第一批,加入对比 ,184
园艺,吉林大学,507,524,安徽,理科,2014,第三批,加入对比 ,184
农业资源与环境,吉林大学,530,542,安徽,理科,2014,第三批,加入对比 ,184
农学,吉林大学,531,543,安徽,理科,2014,第三批,加入对比 ,184
食品科学与工程,吉林大学,543,549,安徽,理科,2014,第三批,加入对比 ,184
预防医学,吉林大学,550,551,安徽,理科,2014,第三批,加入对比 ,184
工业工程,吉林大学,556,556,安徽,理科,2014,第三批,加入对比 ,184
农林经济管理,吉林大学,561,564,安徽,理科,2014,第一批,加入对比 ,184
电子科学与技术,吉林大学,561,561,安徽,理科,2014,第三批,加入对比 ,184
交通运输,吉林大学,564,567,安徽,理科,2014,第一批,加入对比 ,184
勘查技术与工程,吉林大学,565,566,安徽,理科,2014,第一批,加入对比 ,184
地球物理学,吉林大学,565,566,安徽,理科,2014,第一批,加入对比 ,184
地理信息科学,吉林大学,565,566,安徽,理科,2014,第一批,加入对比 ,184
物流工程,吉林大学,566,567,安徽,理科,2014,第一批,加入对比 ,184
生物医学工程,吉林大学,566,567,安徽,理科,2014,第一批,加入对比 ,184
食品质量与安全,吉林大学,566,569,安徽,理科,2014,第一批,加入对比 ,184
信息工程,吉林大学,567,568,安徽,理科,2014,第一批,加入对比 ,184
预防医学,吉林大学,567,568,安徽,理科,2014,第一批,加入对比 ,184
信息管理与信息系统,吉林大学,567,570,安徽,理科,2014,第一批,加入对比 ,184
道路桥梁与渡河工程,吉林大学,567,567,安徽,理科,2014,第一批,加入对比 ,184
临床药学,吉林大学,567,567,安徽,理科,2014,第一批,加入对比 ,184
软件工程,吉林大学,568,572,安徽,理科,2014,第一批,加入对比 ,184
环境工程,吉林大学,568,570,安徽,理科,2014,第一批,加入对比 ,184
信息与计算科学,吉林大学,568,571,安徽,理科,2014,第一批,加入对比 ,184
工商管理,吉林大学,568,569,安徽,理科,2014,第一批,加入对比 ,184
生物工程,吉林大学,568,569,安徽,理科,2014,第一批,加入对比 ,184
光电信息科学与工程,吉林大学,569,572,安徽,理科,2014,第一批,加入对比 ,184
工程力学,吉林大学,569,571,安徽,理科,2014,第一批,加入对比 ,184
放射医学,吉林大学,569,569,安徽,理科,2014,第一批,加入对比 ,184
物联网工程,吉林大学,570,573,安徽,理科,2014,第一批,加入对比 ,184
通信工程,吉林大学,570,572,安徽,理科,2014,第一批,加入对比 ,184
材料化学,吉林大学,571,572,安徽,理科,2014,第一批,加入对比 ,184
微电子科学与工程,吉林大学,571,573,安徽,理科,2014,第一批,加入对比 ,184
计算机科学与技术,吉林大学,571,574,安徽,理科,2014,第一批,加入对比 ,184
统计学,吉林大学,571,573,安徽,理科,2014,第一批,加入对比 ,184
法学,吉林大学,571,575,安徽,理科,2014,第一批,加入对比 ,184
应用物理学,吉林大学,572,574,安徽,理科,2014,第一批,加入对比 ,184
材料科学与工程,吉林大学,572,572,安徽,理科,2014,第一批,加入对比 ,184
会计学,吉林大学,572,573,安徽,理科,2014,第一批,加入对比 ,184
自动化,吉林大学,573,575,安徽,理科,2014,第一批,加入对比 ,184
物理学,吉林大学,574,574,安徽,理科,2014,第一批,加入对比 ,184
能源与动力工程,吉林大学,574,580,安徽,理科,2014,第一批,加入对比 ,184
土木工程,吉林大学,575,578,安徽,理科,2014,第一批,加入对比 ,184
电气工程及其自动化,吉林大学,575,577,安徽,理科,2014,第一批,加入对比 ,184
金融学,吉林大学,576,576,安徽,理科,2014,第一批,加入对比 ,184
数学与应用数学,吉林大学,576,581,安徽,理科,2014,第一批,加入对比 ,184
经济学,吉林大学,576,582,安徽,理科,2014,第一批,加入对比 ,184
资源勘查工程,吉林大学,578,589,安徽,理科,2014,第一批,加入对比 ,184
化学,吉林大学,583,585,安徽,理科,2014,第一批,加入对比 ,184
法学,吉林大学,587,588,安徽,文科,2014,第三批,加入对比 ,184
政治学与行政学,吉林大学,593,593,安徽,文科,2014,第一批,加入对比 ,184
日语,吉林大学,593,595,安徽,文科,2014,第一批,加入对比 ,184
西班牙语,吉林大学,596,596,安徽,文科,2014,第一批,加入对比 ,184
法学,吉林大学,597,598,安徽,文科,2014,第一批,加入对比 ,184
测控技术与仪器,吉林大学,599,603,福建,理科,2014,第一批,加入对比 ,184
地质学,吉林大学,602,603,福建,理科,2014,第一批,加入对比 ,184
资源勘查工程,吉林大学,603,604,福建,理科,2014,第一批,加入对比 ,184
物理学,吉林大学,603,603,福建,理科,2014,第一批,加入对比 ,184
农业机械化及其自动化,吉林大学,604,605,福建,理科,2014,第一批,加入对比 ,184
信息管理与信息系统,吉林大学,605,606,福建,理科,2014,第一批,加入对比 ,184
土木工程,吉林大学,605,606,福建,理科,2014,第一批,加入对比 ,184
食品质量与安全,吉林大学,605,606,福建,理科,2014,第一批,加入对比 ,184
通信工程,吉林大学,605,608,福建,理科,2014,第一批,加入对比 ,184
放射医学,吉林大学,607,609,福建,理科,2014,第一批,加入对比 ,184
数学与应用数学,吉林大学,610,611,福建,理科,2014,第一批,加入对比 ,184
能源与动力工程,吉林大学,611,611,福建,理科,2014,第一批,加入对比 ,184
会计学,吉林大学,612,614,福建,理科,2014,第一批,加入对比 ,184
法学,吉林大学,615,615,福建,理科,2014,第一批,加入对比 ,184
车辆工程,吉林大学,618,625,福建,理科,2014,第一批,加入对比 ,184
政治学类,吉林大学,619,623,福建,文科,2014,第一批,加入对比 ,184
日语,吉林大学,620,621,福建,文科,2014,第一批,加入对比 ,184
物理学类,吉林大学,615,640,山东,理科,2014,第一批,加入对比 ,184
政治学类,吉林大学,632,634,山东,文科,2014,第一批,加入对比 ,184
俄语,吉林大学,632,633,山东,文科,2014,第一批,加入对比 ,184
考古学,吉林大学,633,634,山东,文科,2014,第一批,加入对比 ,184
广告学,吉林大学,633,635,山东,文科,2014,第一批,加入对比 ,184
人文教育,吉林大学,634,634,山东,文科,2014,第一批,加入对比 ,184
政治学与行政学,吉林大学,634,634,山东,文科,2014,第一批,加入对比 ,184
汉语言文学,吉林大学,634,635,山东,文科,2014,第一批,加入对比 ,184
食品科学与工程,吉林大学,543,549,安徽,理科,2014,第三批,加入对比 ,185
预防医学,吉林大学,550,551,安徽,理科,2014,第三批,加入对比 ,185
工业工程,吉林大学,556,556,安徽,理科,2014,第三批,加入对比 ,185
农林经济管理,吉林大学,561,564,安徽,理科,2014,第一批,加入对比 ,185
电子科学与技术,吉林大学,561,561,安徽,理科,2014,第三批,加入对比 ,185
交通运输,吉林大学,564,567,安徽,理科,2014,第一批,加入对比 ,185
勘查技术与工程,吉林大学,565,566,安徽,理科,2014,第一批,加入对比 ,185
地球物理学,吉林大学,565,566,安徽,理科,2014,第一批,加入对比 ,185
地理信息科学,吉林大学,565,566,安徽,理科,2014,第一批,加入对比 ,185
物流工程,吉林大学,566,567,安徽,理科,2014,第一批,加入对比 ,185
生物医学工程,吉林大学,566,567,安徽,理科,2014,第一批,加入对比 ,185
食品质量与安全,吉林大学,566,569,安徽,理科,2014,第一批,加入对比 ,185
信息工程,吉林大学,567,568,安徽,理科,2014,第一批,加入对比 ,185
预防医学,吉林大学,567,568,安徽,理科,2014,第一批,加入对比 ,185
信息管理与信息系统,吉林大学,567,570,安徽,理科,2014,第一批,加入对比 ,185
道路桥梁与渡河工程,吉林大学,567,567,安徽,理科,2014,第一批,加入对比 ,185
临床药学,吉林大学,567,567,安徽,理科,2014,第一批,加入对比 ,185
软件工程,吉林大学,568,572,安徽,理科,2014,第一批,加入对比 ,185
环境工程,吉林大学,568,570,安徽,理科,2014,第一批,加入对比 ,185
信息与计算科学,吉林大学,568,571,安徽,理科,2014,第一批,加入对比 ,185
工商管理,吉林大学,568,569,安徽,理科,2014,第一批,加入对比 ,185
生物工程,吉林大学,568,569,安徽,理科,2014,第一批,加入对比 ,185
光电信息科学与工程,吉林大学,569,572,安徽,理科,2014,第一批,加入对比 ,185
工程力学,吉林大学,569,571,安徽,理科,2014,第一批,加入对比 ,185
放射医学,吉林大学,569,569,安徽,理科,2014,第一批,加入对比 ,185
物联网工程,吉林大学,570,573,安徽,理科,2014,第一批,加入对比 ,185
通信工程,吉林大学,570,572,安徽,理科,2014,第一批,加入对比 ,185
材料化学,吉林大学,571,572,安徽,理科,2014,第一批,加入对比 ,185
微电子科学与工程,吉林大学,571,573,安徽,理科,2014,第一批,加入对比 ,185
计算机科学与技术,吉林大学,571,574,安徽,理科,2014,第一批,加入对比 ,185
统计学,吉林大学,571,573,安徽,理科,2014,第一批,加入对比 ,185
法学,吉林大学,571,575,安徽,理科,2014,第一批,加入对比 ,185
应用物理学,吉林大学,572,574,安徽,理科,2014,第一批,加入对比 ,185
材料科学与工程,吉林大学,572,572,安徽,理科,2014,第一批,加入对比 ,185
会计学,吉林大学,572,573,安徽,理科,2014,第一批,加入对比 ,185
自动化,吉林大学,573,575,安徽,理科,2014,第一批,加入对比 ,185
物理学,吉林大学,574,574,安徽,理科,2014,第一批,加入对比 ,185
能源与动力工程,吉林大学,574,580,安徽,理科,2014,第一批,加入对比 ,185
土木工程,吉林大学,575,578,安徽,理科,2014,第一批,加入对比 ,185
电气工程及其自动化,吉林大学,575,577,安徽,理科,2014,第一批,加入对比 ,185
金融学,吉林大学,576,576,安徽,理科,2014,第一批,加入对比 ,185
数学与应用数学,吉林大学,576,581,安徽,理科,2014,第一批,加入对比 ,185
经济学,吉林大学,576,582,安徽,理科,2014,第一批,加入对比 ,185
资源勘查工程,吉林大学,578,589,安徽,理科,2014,第一批,加入对比 ,185
化学,吉林大学,583,585,安徽,理科,2014,第一批,加入对比 ,185
法学,吉林大学,587,588,安徽,文科,2014,第三批,加入对比 ,185
政治学与行政学,吉林大学,593,593,安徽,文科,2014,第一批,加入对比 ,185
日语,吉林大学,593,595,安徽,文科,2014,第一批,加入对比 ,185
西班牙语,吉林大学,596,596,安徽,文科,2014,第一批,加入对比 ,185
法学,吉林大学,597,598,安徽,文科,2014,第一批,加入对比 ,185
测控技术与仪器,吉林大学,599,603,福建,理科,2014,第一批,加入对比 ,185
地质学,吉林大学,602,603,福建,理科,2014,第一批,加入对比 ,185
资源勘查工程,吉林大学,603,604,福建,理科,2014,第一批,加入对比 ,185
物理学,吉林大学,603,603,福建,理科,2014,第一批,加入对比 ,185
农业机械化及其自动化,吉林大学,604,605,福建,理科,2014,第一批,加入对比 ,185
信息管理与信息系统,吉林大学,605,606,福建,理科,2014,第一批,加入对比 ,185
土木工程,吉林大学,605,606,福建,理科,2014,第一批,加入对比 ,185
食品质量与安全,吉林大学,605,606,福建,理科,2014,第一批,加入对比 ,185
通信工程,吉林大学,605,608,福建,理科,2014,第一批,加入对比 ,185
放射医学,吉林大学,607,609,福建,理科,2014,第一批,加入对比 ,185
数学与应用数学,吉林大学,610,611,福建,理科,2014,第一批,加入对比 ,185
能源与动力工程,吉林大学,611,611,福建,理科,2014,第一批,加入对比 ,185
会计学,吉林大学,612,614,福建,理科,2014,第一批,加入对比 ,185
法学,吉林大学,615,615,福建,理科,2014,第一批,加入对比 ,185
车辆工程,吉林大学,618,625,福建,理科,2014,第一批,加入对比 ,185
政治学类,吉林大学,619,623,福建,文科,2014,第一批,加入对比 ,185
日语,吉林大学,620,621,福建,文科,2014,第一批,加入对比 ,185
物理学类,吉林大学,615,640,山东,理科,2014,第一批,加入对比 ,185
政治学类,吉林大学,632,634,山东,文科,2014,第一批,加入对比 ,185
俄语,吉林大学,632,633,山东,文科,2014,第一批,加入对比 ,185
考古学,吉林大学,633,634,山东,文科,2014,第一批,加入对比 ,185
广告学,吉林大学,633,635,山东,文科,2014,第一批,加入对比 ,185
人文教育,吉林大学,634,634,山东,文科,2014,第一批,加入对比 ,185
政治学与行政学,吉林大学,634,634,山东,文科,2014,第一批,加入对比 ,185
汉语言文学,吉林大学,634,635,山东,文科,2014,第一批,加入对比 ,185
英语,吉林大学,635,637,山东,文科,2014,第一批,加入对比 ,185
西班牙语,吉林大学,638,640,山东,文科,2014,第一批,加入对比 ,185
法学,吉林大学,640,642,山东,文科,2014,第一批,加入对比 ,185
动物科学,吉林大学,641,645,山东,理科,2014,第一批,加入对比 ,185
测绘工程,吉林大学,643,646,山东,理科,2014,第一批,加入对比 ,185
农林经济管理,吉林大学,644,645,山东,理科,2014,第一批,加入对比 ,185
园艺,吉林大学,644,645,山东,理科,2014,第一批,加入对比 ,185
农学,吉林大学,644,645,山东,理科,2014,第一批,加入对比 ,185
电子信息工程,吉林大学,644,650,山东,理科,2014,第一批,加入对比 ,185
经济学,吉林大学,644,646,山东,文科,2014,第一批,加入对比 ,185
食品科学与工程,吉林大学,645,647,山东,理科,2014,第一批,加入对比 ,185
地理科学,吉林大学,645,646,山东,理科,2014,第一批,加入对比 ,185
地质工程,吉林大学,645,646,山东,理科,2014,第一批,加入对比 ,185
农业资源与环境,吉林大学,645,645,山东,理科,2014,第一批,加入对比 ,185
物流工程,吉林大学,645,645,山东,理科,2014,第一批,加入对比 ,185
食品质量与安全,吉林大学,646,649,山东,理科,2014,第一批,加入对比 ,185
服装设计与工程,吉林大学,646,646,山东,理科,2014,第一批,加入对比 ,185
地下水科学与工程,吉林大学,646,647,山东,理科,2014,第一批,加入对比 ,185
勘查技术与工程,吉林大学,646,647,山东,理科,2014,第一批,加入对比 ,185
土地资源管理,吉林大学,646,647,山东,理科,2014,第一批,加入对比 ,185
环境科学,吉林大学,646,649,山东,理科,2014,第一批,加入对比 ,185
工程力学,吉林大学,646,649,山东,理科,2014,第一批,加入对比 ,185
地球物理学,吉林大学,647,647,山东,理科,2014,第一批,加入对比 ,185
核物理,吉林大学,647,652,山东,理科,2014,第一批,加入对比 ,185
英语,吉林大学,647,648,山东,理科,2014,第一批,加入对比 ,185
生物工程,吉林大学,647,649,山东,理科,2014,第一批,加入对比 ,185
广告学,吉林大学,648,649,山东,理科,2014,第一批,加入对比 ,185
信息管理与信息系统,吉林大学,648,654,山东,理科,2014,第一批,加入对比 ,185
生物医学工程,吉林大学,648,649,山东,理科,2014,第一批,加入对比 ,185
临床药学,吉林大学,648,649,山东,理科,2014,第一批,加入对比 ,185
无机非金属材料工程,吉林大学,648,648,山东,理科,2014,第一批,加入对比 ,185
预防医学,吉林大学,649,653,山东,理科,2014,第一批,加入对比 ,185
农业机械化及其自动化,吉林大学,649,649,山东,理科,2014,第一批,加入对比 ,185
材料成型及控制工程,吉林大学,649,652,山东,理科,2014,第一批,加入对比 ,185
软件工程,吉林大学,649,660,山东,理科,2014,第一批,加入对比 ,185
包装工程,吉林大学,649,649,山东,理科,2014,第一批,加入对比 ,185
测控技术与仪器,吉林大学,649,656,山东,理科,2014,第一批,加入对比 ,185
交通工程,吉林大学,649,651,山东,理科,2014,第一批,加入对比 ,185
汽车服务工程,吉林大学,649,650,山东,理科,2014,第一批,加入对比 ,185
生物科学,吉林大学,650,651,山东,理科,2014,第一批,加入对比 ,185
环境工程,吉林大学,650,651,山东,理科,2014,第一批,加入对比 ,185
工业工程,吉林大学,650,652,山东,理科,2014,第一批,加入对比 ,185
微电子科学与工程,吉林大学,650,659,山东,理科,2014,第一批,加入对比 ,185
高分子材料与工程,吉林大学,651,656,山东,理科,2014,第一批,加入对比 ,185
药物制剂,吉林大学,651,654,山东,理科,2014,第一批,加入对比 ,185
土木工程,吉林大学,652,654,山东,理科,2014,第一批,加入对比 ,185
物联网工程,吉林大学,653,654,山东,理科,2014,第一批,加入对比 ,185
材料科学与工程,吉林大学,653,656,山东,理科,2014,第一批,加入对比 ,185
信息与计算科学,吉林大学,653,661,山东,理科,2014,第一批,加入对比 ,185
材料化学,吉林大学,654,668,山东,理科,2014,第一批,加入对比 ,185
物联网工程,吉林大学,570,573,安徽,理科,2014,第一批,加入对比 ,186
通信工程,吉林大学,570,572,安徽,理科,2014,第一批,加入对比 ,186
材料化学,吉林大学,571,572,安徽,理科,2014,第一批,加入对比 ,186
微电子科学与工程,吉林大学,571,573,安徽,理科,2014,第一批,加入对比 ,186
计算机科学与技术,吉林大学,571,574,安徽,理科,2014,第一批,加入对比 ,186
统计学,吉林大学,571,573,安徽,理科,2014,第一批,加入对比 ,186
法学,吉林大学,571,575,安徽,理科,2014,第一批,加入对比 ,186
应用物理学,吉林大学,572,574,安徽,理科,2014,第一批,加入对比 ,186
材料科学与工程,吉林大学,572,572,安徽,理科,2014,第一批,加入对比 ,186
会计学,吉林大学,572,573,安徽,理科,2014,第一批,加入对比 ,186
自动化,吉林大学,573,575,安徽,理科,2014,第一批,加入对比 ,186
物理学,吉林大学,574,574,安徽,理科,2014,第一批,加入对比 ,186
能源与动力工程,吉林大学,574,580,安徽,理科,2014,第一批,加入对比 ,186
土木工程,吉林大学,575,578,安徽,理科,2014,第一批,加入对比 ,186
电气工程及其自动化,吉林大学,575,577,安徽,理科,2014,第一批,加入对比 ,186
金融学,吉林大学,576,576,安徽,理科,2014,第一批,加入对比 ,186
数学与应用数学,吉林大学,576,581,安徽,理科,2014,第一批,加入对比 ,186
经济学,吉林大学,576,582,安徽,理科,2014,第一批,加入对比 ,186
资源勘查工程,吉林大学,578,589,安徽,理科,2014,第一批,加入对比 ,186
化学,吉林大学,583,585,安徽,理科,2014,第一批,加入对比 ,186
法学,吉林大学,587,588,安徽,文科,2014,第三批,加入对比 ,186
政治学与行政学,吉林大学,593,593,安徽,文科,2014,第一批,加入对比 ,186
日语,吉林大学,593,595,安徽,文科,2014,第一批,加入对比 ,186
西班牙语,吉林大学,596,596,安徽,文科,2014,第一批,加入对比 ,186
法学,吉林大学,597,598,安徽,文科,2014,第一批,加入对比 ,186
测控技术与仪器,吉林大学,599,603,福建,理科,2014,第一批,加入对比 ,186
地质学,吉林大学,602,603,福建,理科,2014,第一批,加入对比 ,186
资源勘查工程,吉林大学,603,604,福建,理科,2014,第一批,加入对比 ,186
物理学,吉林大学,603,603,福建,理科,2014,第一批,加入对比 ,186
农业机械化及其自动化,吉林大学,604,605,福建,理科,2014,第一批,加入对比 ,186
信息管理与信息系统,吉林大学,605,606,福建,理科,2014,第一批,加入对比 ,186
土木工程,吉林大学,605,606,福建,理科,2014,第一批,加入对比 ,186
食品质量与安全,吉林大学,605,606,福建,理科,2014,第一批,加入对比 ,186
通信工程,吉林大学,605,608,福建,理科,2014,第一批,加入对比 ,186
放射医学,吉林大学,607,609,福建,理科,2014,第一批,加入对比 ,186
数学与应用数学,吉林大学,610,611,福建,理科,2014,第一批,加入对比 ,186
能源与动力工程,吉林大学,611,611,福建,理科,2014,第一批,加入对比 ,186
会计学,吉林大学,612,614,福建,理科,2014,第一批,加入对比 ,186
法学,吉林大学,615,615,福建,理科,2014,第一批,加入对比 ,186
车辆工程,吉林大学,618,625,福建,理科,2014,第一批,加入对比 ,186
政治学类,吉林大学,619,623,福建,文科,2014,第一批,加入对比 ,186
日语,吉林大学,620,621,福建,文科,2014,第一批,加入对比 ,186
物理学类,吉林大学,615,640,山东,理科,2014,第一批,加入对比 ,186
政治学类,吉林大学,632,634,山东,文科,2014,第一批,加入对比 ,186
俄语,吉林大学,632,633,山东,文科,2014,第一批,加入对比 ,186
考古学,吉林大学,633,634,山东,文科,2014,第一批,加入对比 ,186
广告学,吉林大学,633,635,山东,文科,2014,第一批,加入对比 ,186
人文教育,吉林大学,634,634,山东,文科,2014,第一批,加入对比 ,186
政治学与行政学,吉林大学,634,634,山东,文科,2014,第一批,加入对比 ,186
汉语言文学,吉林大学,634,635,山东,文科,2014,第一批,加入对比 ,186
英语,吉林大学,635,637,山东,文科,2014,第一批,加入对比 ,186
西班牙语,吉林大学,638,640,山东,文科,2014,第一批,加入对比 ,186
法学,吉林大学,640,642,山东,文科,2014,第一批,加入对比 ,186
动物科学,吉林大学,641,645,山东,理科,2014,第一批,加入对比 ,186
测绘工程,吉林大学,643,646,山东,理科,2014,第一批,加入对比 ,186
农林经济管理,吉林大学,644,645,山东,理科,2014,第一批,加入对比 ,186
园艺,吉林大学,644,645,山东,理科,2014,第一批,加入对比 ,186
农学,吉林大学,644,645,山东,理科,2014,第一批,加入对比 ,186
电子信息工程,吉林大学,644,650,山东,理科,2014,第一批,加入对比 ,186
经济学,吉林大学,644,646,山东,文科,2014,第一批,加入对比 ,186
食品科学与工程,吉林大学,645,647,山东,理科,2014,第一批,加入对比 ,186
地理科学,吉林大学,645,646,山东,理科,2014,第一批,加入对比 ,186
地质工程,吉林大学,645,646,山东,理科,2014,第一批,加入对比 ,186
农业资源与环境,吉林大学,645,645,山东,理科,2014,第一批,加入对比 ,186
物流工程,吉林大学,645,645,山东,理科,2014,第一批,加入对比 ,186
食品质量与安全,吉林大学,646,649,山东,理科,2014,第一批,加入对比 ,186
服装设计与工程,吉林大学,646,646,山东,理科,2014,第一批,加入对比 ,186
地下水科学与工程,吉林大学,646,647,山东,理科,2014,第一批,加入对比 ,186
勘查技术与工程,吉林大学,646,647,山东,理科,2014,第一批,加入对比 ,186
土地资源管理,吉林大学,646,647,山东,理科,2014,第一批,加入对比 ,186
环境科学,吉林大学,646,649,山东,理科,2014,第一批,加入对比 ,186
工程力学,吉林大学,646,649,山东,理科,2014,第一批,加入对比 ,186
地球物理学,吉林大学,647,647,山东,理科,2014,第一批,加入对比 ,186
核物理,吉林大学,647,652,山东,理科,2014,第一批,加入对比 ,186
英语,吉林大学,647,648,山东,理科,2014,第一批,加入对比 ,186
生物工程,吉林大学,647,649,山东,理科,2014,第一批,加入对比 ,186
广告学,吉林大学,648,649,山东,理科,2014,第一批,加入对比 ,186
信息管理与信息系统,吉林大学,648,654,山东,理科,2014,第一批,加入对比 ,186
生物医学工程,吉林大学,648,649,山东,理科,2014,第一批,加入对比 ,186
临床药学,吉林大学,648,649,山东,理科,2014,第一批,加入对比 ,186
无机非金属材料工程,吉林大学,648,648,山东,理科,2014,第一批,加入对比 ,186
预防医学,吉林大学,649,653,山东,理科,2014,第一批,加入对比 ,186
农业机械化及其自动化,吉林大学,649,649,山东,理科,2014,第一批,加入对比 ,186
材料成型及控制工程,吉林大学,649,652,山东,理科,2014,第一批,加入对比 ,186
软件工程,吉林大学,649,660,山东,理科,2014,第一批,加入对比 ,186
包装工程,吉林大学,649,649,山东,理科,2014,第一批,加入对比 ,186
测控技术与仪器,吉林大学,649,656,山东,理科,2014,第一批,加入对比 ,186
交通工程,吉林大学,649,651,山东,理科,2014,第一批,加入对比 ,186
汽车服务工程,吉林大学,649,650,山东,理科,2014,第一批,加入对比 ,186
生物科学,吉林大学,650,651,山东,理科,2014,第一批,加入对比 ,186
环境工程,吉林大学,650,651,山东,理科,2014,第一批,加入对比 ,186
工业工程,吉林大学,650,652,山东,理科,2014,第一批,加入对比 ,186
微电子科学与工程,吉林大学,650,659,山东,理科,2014,第一批,加入对比 ,186
高分子材料与工程,吉林大学,651,656,山东,理科,2014,第一批,加入对比 ,186
药物制剂,吉林大学,651,654,山东,理科,2014,第一批,加入对比 ,186
土木工程,吉林大学,652,654,山东,理科,2014,第一批,加入对比 ,186
物联网工程,吉林大学,653,654,山东,理科,2014,第一批,加入对比 ,186
材料科学与工程,吉林大学,653,656,山东,理科,2014,第一批,加入对比 ,186
信息与计算科学,吉林大学,653,661,山东,理科,2014,第一批,加入对比 ,186
材料化学,吉林大学,654,668,山东,理科,2014,第一批,加入对比 ,186
法学,吉林大学,654,655,山东,理科,2014,第一批,加入对比 ,186
化学工程与工艺,吉林大学,654,661,山东,理科,2014,第一批,加入对比 ,186
财政学,吉林大学,655,657,山东,理科,2014,第一批,加入对比 ,186
物理学,吉林大学,655,659,山东,理科,2014,第一批,加入对比 ,186
数学与应用数学,吉林大学,657,661,山东,理科,2014,第一批,加入对比 ,186
能源与动力工程,吉林大学,657,665,山东,理科,2014,第一批,加入对比 ,186
机械工程,吉林大学,657,667,山东,理科,2014,第一批,加入对比 ,186
会计学,吉林大学,658,663,山东,理科,2014,第一批,加入对比 ,186
统计学,吉林大学,658,661,山东,理科,2014,第一批,加入对比 ,186
制药工程,吉林大学,658,659,山东,理科,2014,第一批,加入对比 ,186
金融学,吉林大学,661,667,山东,理科,2014,第一批,加入对比 ,186
政治学类,吉林大学,554,557,湖北,文科,2014,第一批,加入对比 ,186
政治学与行政学,吉林大学,556,557,湖北,文科,2014,第一批,加入对比 ,186
历史学,吉林大学,561,561,湖北,文科,2014,第一批,加入对比 ,186
农业资源与环境,吉林大学,565,575,湖北,理科,2014,第一批,加入对比 ,186
日语,吉林大学,568,574,湖北,文科,2014,第一批,加入对比 ,186
文物与博物馆学,吉林大学,570,570,湖北,文科,2014,第一批,加入对比 ,186
法学,吉林大学,575,578,湖北,文科,2014,第一批,加入对比 ,186
西班牙语,吉林大学,577,578,湖北,文科,2014,第一批,加入对比 ,186
预防医学,吉林大学,577,595,湖北,理科,2014,第一批,加入对比 ,186
动物科学,吉林大学,578,602,湖北,理科,2014,第一批,加入对比 ,186
人文教育,吉林大学,581,583,湖北,文科,2014,第一批,加入对比 ,186
地质工程,吉林大学,582,608,湖北,理科,2014,第一批,加入对比 ,186
电子科学与技术,吉林大学,590,605,湖北,理科,2014,第一批,加入对比 ,186
材料成型及控制工程,吉林大学,591,605,湖北,理科,2014,第一批,加入对比 ,186
测控技术与仪器,吉林大学,599,603,福建,理科,2014,第一批,加入对比 ,187
地质学,吉林大学,602,603,福建,理科,2014,第一批,加入对比 ,187
资源勘查工程,吉林大学,603,604,福建,理科,2014,第一批,加入对比 ,187
物理学,吉林大学,603,603,福建,理科,2014,第一批,加入对比 ,187
农业机械化及其自动化,吉林大学,604,605,福建,理科,2014,第一批,加入对比 ,187
信息管理与信息系统,吉林大学,605,606,福建,理科,2014,第一批,加入对比 ,187
土木工程,吉林大学,605,606,福建,理科,2014,第一批,加入对比 ,187
食品质量与安全,吉林大学,605,606,福建,理科,2014,第一批,加入对比 ,187
通信工程,吉林大学,605,608,福建,理科,2014,第一批,加入对比 ,187
放射医学,吉林大学,607,609,福建,理科,2014,第一批,加入对比 ,187
数学与应用数学,吉林大学,610,611,福建,理科,2014,第一批,加入对比 ,187
能源与动力工程,吉林大学,611,611,福建,理科,2014,第一批,加入对比 ,187
会计学,吉林大学,612,614,福建,理科,2014,第一批,加入对比 ,187
法学,吉林大学,615,615,福建,理科,2014,第一批,加入对比 ,187
车辆工程,吉林大学,618,625,福建,理科,2014,第一批,加入对比 ,187
政治学类,吉林大学,619,623,福建,文科,2014,第一批,加入对比 ,187
日语,吉林大学,620,621,福建,文科,2014,第一批,加入对比 ,187
物理学类,吉林大学,615,640,山东,理科,2014,第一批,加入对比 ,187
政治学类,吉林大学,632,634,山东,文科,2014,第一批,加入对比 ,187
俄语,吉林大学,632,633,山东,文科,2014,第一批,加入对比 ,187
考古学,吉林大学,633,634,山东,文科,2014,第一批,加入对比 ,187
广告学,吉林大学,633,635,山东,文科,2014,第一批,加入对比 ,187
人文教育,吉林大学,634,634,山东,文科,2014,第一批,加入对比 ,187
政治学与行政学,吉林大学,634,634,山东,文科,2014,第一批,加入对比 ,187
汉语言文学,吉林大学,634,635,山东,文科,2014,第一批,加入对比 ,187
英语,吉林大学,635,637,山东,文科,2014,第一批,加入对比 ,187
西班牙语,吉林大学,638,640,山东,文科,2014,第一批,加入对比 ,187
法学,吉林大学,640,642,山东,文科,2014,第一批,加入对比 ,187
动物科学,吉林大学,641,645,山东,理科,2014,第一批,加入对比 ,187
测绘工程,吉林大学,643,646,山东,理科,2014,第一批,加入对比 ,187
农林经济管理,吉林大学,644,645,山东,理科,2014,第一批,加入对比 ,187
园艺,吉林大学,644,645,山东,理科,2014,第一批,加入对比 ,187
农学,吉林大学,644,645,山东,理科,2014,第一批,加入对比 ,187
电子信息工程,吉林大学,644,650,山东,理科,2014,第一批,加入对比 ,187
经济学,吉林大学,644,646,山东,文科,2014,第一批,加入对比 ,187
食品科学与工程,吉林大学,645,647,山东,理科,2014,第一批,加入对比 ,187
地理科学,吉林大学,645,646,山东,理科,2014,第一批,加入对比 ,187
地质工程,吉林大学,645,646,山东,理科,2014,第一批,加入对比 ,187
农业资源与环境,吉林大学,645,645,山东,理科,2014,第一批,加入对比 ,187
物流工程,吉林大学,645,645,山东,理科,2014,第一批,加入对比 ,187
食品质量与安全,吉林大学,646,649,山东,理科,2014,第一批,加入对比 ,187
服装设计与工程,吉林大学,646,646,山东,理科,2014,第一批,加入对比 ,187
地下水科学与工程,吉林大学,646,647,山东,理科,2014,第一批,加入对比 ,187
勘查技术与工程,吉林大学,646,647,山东,理科,2014,第一批,加入对比 ,187
土地资源管理,吉林大学,646,647,山东,理科,2014,第一批,加入对比 ,187
环境科学,吉林大学,646,649,山东,理科,2014,第一批,加入对比 ,187
工程力学,吉林大学,646,649,山东,理科,2014,第一批,加入对比 ,187
地球物理学,吉林大学,647,647,山东,理科,2014,第一批,加入对比 ,187
核物理,吉林大学,647,652,山东,理科,2014,第一批,加入对比 ,187
英语,吉林大学,647,648,山东,理科,2014,第一批,加入对比 ,187
生物工程,吉林大学,647,649,山东,理科,2014,第一批,加入对比 ,187
广告学,吉林大学,648,649,山东,理科,2014,第一批,加入对比 ,187
信息管理与信息系统,吉林大学,648,654,山东,理科,2014,第一批,加入对比 ,187
生物医学工程,吉林大学,648,649,山东,理科,2014,第一批,加入对比 ,187
临床药学,吉林大学,648,649,山东,理科,2014,第一批,加入对比 ,187
无机非金属材料工程,吉林大学,648,648,山东,理科,2014,第一批,加入对比 ,187
预防医学,吉林大学,649,653,山东,理科,2014,第一批,加入对比 ,187
农业机械化及其自动化,吉林大学,649,649,山东,理科,2014,第一批,加入对比 ,187
材料成型及控制工程,吉林大学,649,652,山东,理科,2014,第一批,加入对比 ,187
软件工程,吉林大学,649,660,山东,理科,2014,第一批,加入对比 ,187
包装工程,吉林大学,649,649,山东,理科,2014,第一批,加入对比 ,187
测控技术与仪器,吉林大学,649,656,山东,理科,2014,第一批,加入对比 ,187
交通工程,吉林大学,649,651,山东,理科,2014,第一批,加入对比 ,187
汽车服务工程,吉林大学,649,650,山东,理科,2014,第一批,加入对比 ,187
生物科学,吉林大学,650,651,山东,理科,2014,第一批,加入对比 ,187
环境工程,吉林大学,650,651,山东,理科,2014,第一批,加入对比 ,187
工业工程,吉林大学,650,652,山东,理科,2014,第一批,加入对比 ,187
微电子科学与工程,吉林大学,650,659,山东,理科,2014,第一批,加入对比 ,187
高分子材料与工程,吉林大学,651,656,山东,理科,2014,第一批,加入对比 ,187
药物制剂,吉林大学,651,654,山东,理科,2014,第一批,加入对比 ,187
土木工程,吉林大学,652,654,山东,理科,2014,第一批,加入对比 ,187
物联网工程,吉林大学,653,654,山东,理科,2014,第一批,加入对比 ,187
材料科学与工程,吉林大学,653,656,山东,理科,2014,第一批,加入对比 ,187
信息与计算科学,吉林大学,653,661,山东,理科,2014,第一批,加入对比 ,187
材料化学,吉林大学,654,668,山东,理科,2014,第一批,加入对比 ,187
法学,吉林大学,654,655,山东,理科,2014,第一批,加入对比 ,187
化学工程与工艺,吉林大学,654,661,山东,理科,2014,第一批,加入对比 ,187
财政学,吉林大学,655,657,山东,理科,2014,第一批,加入对比 ,187
物理学,吉林大学,655,659,山东,理科,2014,第一批,加入对比 ,187
数学与应用数学,吉林大学,657,661,山东,理科,2014,第一批,加入对比 ,187
能源与动力工程,吉林大学,657,665,山东,理科,2014,第一批,加入对比 ,187
机械工程,吉林大学,657,667,山东,理科,2014,第一批,加入对比 ,187
会计学,吉林大学,658,663,山东,理科,2014,第一批,加入对比 ,187
统计学,吉林大学,658,661,山东,理科,2014,第一批,加入对比 ,187
制药工程,吉林大学,658,659,山东,理科,2014,第一批,加入对比 ,187
金融学,吉林大学,661,667,山东,理科,2014,第一批,加入对比 ,187
政治学类,吉林大学,554,557,湖北,文科,2014,第一批,加入对比 ,187
政治学与行政学,吉林大学,556,557,湖北,文科,2014,第一批,加入对比 ,187
历史学,吉林大学,561,561,湖北,文科,2014,第一批,加入对比 ,187
农业资源与环境,吉林大学,565,575,湖北,理科,2014,第一批,加入对比 ,187
日语,吉林大学,568,574,湖北,文科,2014,第一批,加入对比 ,187
文物与博物馆学,吉林大学,570,570,湖北,文科,2014,第一批,加入对比 ,187
法学,吉林大学,575,578,湖北,文科,2014,第一批,加入对比 ,187
西班牙语,吉林大学,577,578,湖北,文科,2014,第一批,加入对比 ,187
预防医学,吉林大学,577,595,湖北,理科,2014,第一批,加入对比 ,187
动物科学,吉林大学,578,602,湖北,理科,2014,第一批,加入对比 ,187
人文教育,吉林大学,581,583,湖北,文科,2014,第一批,加入对比 ,187
地质工程,吉林大学,582,608,湖北,理科,2014,第一批,加入对比 ,187
电子科学与技术,吉林大学,590,605,湖北,理科,2014,第一批,加入对比 ,187
材料成型及控制工程,吉林大学,591,605,湖北,理科,2014,第一批,加入对比 ,187
英语,吉林大学,635,637,山东,文科,2014,第一批,加入对比 ,188
西班牙语,吉林大学,638,640,山东,文科,2014,第一批,加入对比 ,188
法学,吉林大学,640,642,山东,文科,2014,第一批,加入对比 ,188
动物科学,吉林大学,641,645,山东,理科,2014,第一批,加入对比 ,188
测绘工程,吉林大学,643,646,山东,理科,2014,第一批,加入对比 ,188
农林经济管理,吉林大学,644,645,山东,理科,2014,第一批,加入对比 ,188
园艺,吉林大学,644,645,山东,理科,2014,第一批,加入对比 ,188
农学,吉林大学,644,645,山东,理科,2014,第一批,加入对比 ,188
电子信息工程,吉林大学,644,650,山东,理科,2014,第一批,加入对比 ,188
经济学,吉林大学,644,646,山东,文科,2014,第一批,加入对比 ,188
食品科学与工程,吉林大学,645,647,山东,理科,2014,第一批,加入对比 ,188
地理科学,吉林大学,645,646,山东,理科,2014,第一批,加入对比 ,188
地质工程,吉林大学,645,646,山东,理科,2014,第一批,加入对比 ,188
农业资源与环境,吉林大学,645,645,山东,理科,2014,第一批,加入对比 ,188
物流工程,吉林大学,645,645,山东,理科,2014,第一批,加入对比 ,188
食品质量与安全,吉林大学,646,649,山东,理科,2014,第一批,加入对比 ,188
服装设计与工程,吉林大学,646,646,山东,理科,2014,第一批,加入对比 ,188
地下水科学与工程,吉林大学,646,647,山东,理科,2014,第一批,加入对比 ,188
勘查技术与工程,吉林大学,646,647,山东,理科,2014,第一批,加入对比 ,188
土地资源管理,吉林大学,646,647,山东,理科,2014,第一批,加入对比 ,188
环境科学,吉林大学,646,649,山东,理科,2014,第一批,加入对比 ,188
工程力学,吉林大学,646,649,山东,理科,2014,第一批,加入对比 ,188
地球物理学,吉林大学,647,647,山东,理科,2014,第一批,加入对比 ,188
核物理,吉林大学,647,652,山东,理科,2014,第一批,加入对比 ,188
英语,吉林大学,647,648,山东,理科,2014,第一批,加入对比 ,188
生物工程,吉林大学,647,649,山东,理科,2014,第一批,加入对比 ,188
广告学,吉林大学,648,649,山东,理科,2014,第一批,加入对比 ,188
信息管理与信息系统,吉林大学,648,654,山东,理科,2014,第一批,加入对比 ,188
生物医学工程,吉林大学,648,649,山东,理科,2014,第一批,加入对比 ,188
临床药学,吉林大学,648,649,山东,理科,2014,第一批,加入对比 ,188
无机非金属材料工程,吉林大学,648,648,山东,理科,2014,第一批,加入对比 ,188
预防医学,吉林大学,649,653,山东,理科,2014,第一批,加入对比 ,188
农业机械化及其自动化,吉林大学,649,649,山东,理科,2014,第一批,加入对比 ,188
材料成型及控制工程,吉林大学,649,652,山东,理科,2014,第一批,加入对比 ,188
软件工程,吉林大学,649,660,山东,理科,2014,第一批,加入对比 ,188
包装工程,吉林大学,649,649,山东,理科,2014,第一批,加入对比 ,188
测控技术与仪器,吉林大学,649,656,山东,理科,2014,第一批,加入对比 ,188
交通工程,吉林大学,649,651,山东,理科,2014,第一批,加入对比 ,188
汽车服务工程,吉林大学,649,650,山东,理科,2014,第一批,加入对比 ,188
生物科学,吉林大学,650,651,山东,理科,2014,第一批,加入对比 ,188
环境工程,吉林大学,650,651,山东,理科,2014,第一批,加入对比 ,188
工业工程,吉林大学,650,652,山东,理科,2014,第一批,加入对比 ,188
微电子科学与工程,吉林大学,650,659,山东,理科,2014,第一批,加入对比 ,188
高分子材料与工程,吉林大学,651,656,山东,理科,2014,第一批,加入对比 ,188
药物制剂,吉林大学,651,654,山东,理科,2014,第一批,加入对比 ,188
土木工程,吉林大学,652,654,山东,理科,2014,第一批,加入对比 ,188
物联网工程,吉林大学,653,654,山东,理科,2014,第一批,加入对比 ,188
材料科学与工程,吉林大学,653,656,山东,理科,2014,第一批,加入对比 ,188
信息与计算科学,吉林大学,653,661,山东,理科,2014,第一批,加入对比 ,188
材料化学,吉林大学,654,668,山东,理科,2014,第一批,加入对比 ,188
法学,吉林大学,654,655,山东,理科,2014,第一批,加入对比 ,188
化学工程与工艺,吉林大学,654,661,山东,理科,2014,第一批,加入对比 ,188
财政学,吉林大学,655,657,山东,理科,2014,第一批,加入对比 ,188
物理学,吉林大学,655,659,山东,理科,2014,第一批,加入对比 ,188
数学与应用数学,吉林大学,657,661,山东,理科,2014,第一批,加入对比 ,188
能源与动力工程,吉林大学,657,665,山东,理科,2014,第一批,加入对比 ,188
机械工程,吉林大学,657,667,山东,理科,2014,第一批,加入对比 ,188
会计学,吉林大学,658,663,山东,理科,2014,第一批,加入对比 ,188
统计学,吉林大学,658,661,山东,理科,2014,第一批,加入对比 ,188
制药工程,吉林大学,658,659,山东,理科,2014,第一批,加入对比 ,188
金融学,吉林大学,661,667,山东,理科,2014,第一批,加入对比 ,188
政治学类,吉林大学,554,557,湖北,文科,2014,第一批,加入对比 ,188
政治学与行政学,吉林大学,556,557,湖北,文科,2014,第一批,加入对比 ,188
历史学,吉林大学,561,561,湖北,文科,2014,第一批,加入对比 ,188
农业资源与环境,吉林大学,565,575,湖北,理科,2014,第一批,加入对比 ,188
日语,吉林大学,568,574,湖北,文科,2014,第一批,加入对比 ,188
文物与博物馆学,吉林大学,570,570,湖北,文科,2014,第一批,加入对比 ,188
法学,吉林大学,575,578,湖北,文科,2014,第一批,加入对比 ,188
西班牙语,吉林大学,577,578,湖北,文科,2014,第一批,加入对比 ,188
预防医学,吉林大学,577,595,湖北,理科,2014,第一批,加入对比 ,188
动物科学,吉林大学,578,602,湖北,理科,2014,第一批,加入对比 ,188
人文教育,吉林大学,581,583,湖北,文科,2014,第一批,加入对比 ,188
地质工程,吉林大学,582,608,湖北,理科,2014,第一批,加入对比 ,188
电子科学与技术,吉林大学,590,605,湖北,理科,2014,第一批,加入对比 ,188
材料成型及控制工程,吉林大学,591,605,湖北,理科,2014,第一批,加入对比 ,188
生物工程,吉林大学,647,649,山东,理科,2014,第一批,加入对比 ,189
广告学,吉林大学,648,649,山东,理科,2014,第一批,加入对比 ,189
信息管理与信息系统,吉林大学,648,654,山东,理科,2014,第一批,加入对比 ,189
生物医学工程,吉林大学,648,649,山东,理科,2014,第一批,加入对比 ,189
临床药学,吉林大学,648,649,山东,理科,2014,第一批,加入对比 ,189
无机非金属材料工程,吉林大学,648,648,山东,理科,2014,第一批,加入对比 ,189
预防医学,吉林大学,649,653,山东,理科,2014,第一批,加入对比 ,189
农业机械化及其自动化,吉林大学,649,649,山东,理科,2014,第一批,加入对比 ,189
材料成型及控制工程,吉林大学,649,652,山东,理科,2014,第一批,加入对比 ,189
软件工程,吉林大学,649,660,山东,理科,2014,第一批,加入对比 ,189
包装工程,吉林大学,649,649,山东,理科,2014,第一批,加入对比 ,189
测控技术与仪器,吉林大学,649,656,山东,理科,2014,第一批,加入对比 ,189
交通工程,吉林大学,649,651,山东,理科,2014,第一批,加入对比 ,189
汽车服务工程,吉林大学,649,650,山东,理科,2014,第一批,加入对比 ,189
生物科学,吉林大学,650,651,山东,理科,2014,第一批,加入对比 ,189
环境工程,吉林大学,650,651,山东,理科,2014,第一批,加入对比 ,189
工业工程,吉林大学,650,652,山东,理科,2014,第一批,加入对比 ,189
微电子科学与工程,吉林大学,650,659,山东,理科,2014,第一批,加入对比 ,189
高分子材料与工程,吉林大学,651,656,山东,理科,2014,第一批,加入对比 ,189
药物制剂,吉林大学,651,654,山东,理科,2014,第一批,加入对比 ,189
土木工程,吉林大学,652,654,山东,理科,2014,第一批,加入对比 ,189
物联网工程,吉林大学,653,654,山东,理科,2014,第一批,加入对比 ,189
材料科学与工程,吉林大学,653,656,山东,理科,2014,第一批,加入对比 ,189
信息与计算科学,吉林大学,653,661,山东,理科,2014,第一批,加入对比 ,189
材料化学,吉林大学,654,668,山东,理科,2014,第一批,加入对比 ,189
法学,吉林大学,654,655,山东,理科,2014,第一批,加入对比 ,189
化学工程与工艺,吉林大学,654,661,山东,理科,2014,第一批,加入对比 ,189
财政学,吉林大学,655,657,山东,理科,2014,第一批,加入对比 ,189
物理学,吉林大学,655,659,山东,理科,2014,第一批,加入对比 ,189
数学与应用数学,吉林大学,657,661,山东,理科,2014,第一批,加入对比 ,189
能源与动力工程,吉林大学,657,665,山东,理科,2014,第一批,加入对比 ,189
机械工程,吉林大学,657,667,山东,理科,2014,第一批,加入对比 ,189
会计学,吉林大学,658,663,山东,理科,2014,第一批,加入对比 ,189
统计学,吉林大学,658,661,山东,理科,2014,第一批,加入对比 ,189
制药工程,吉林大学,658,659,山东,理科,2014,第一批,加入对比 ,189
金融学,吉林大学,661,667,山东,理科,2014,第一批,加入对比 ,189
政治学类,吉林大学,554,557,湖北,文科,2014,第一批,加入对比 ,189
政治学与行政学,吉林大学,556,557,湖北,文科,2014,第一批,加入对比 ,189
历史学,吉林大学,561,561,湖北,文科,2014,第一批,加入对比 ,189
农业资源与环境,吉林大学,565,575,湖北,理科,2014,第一批,加入对比 ,189
日语,吉林大学,568,574,湖北,文科,2014,第一批,加入对比 ,189
文物与博物馆学,吉林大学,570,570,湖北,文科,2014,第一批,加入对比 ,189
法学,吉林大学,575,578,湖北,文科,2014,第一批,加入对比 ,189
西班牙语,吉林大学,577,578,湖北,文科,2014,第一批,加入对比 ,189
预防医学,吉林大学,577,595,湖北,理科,2014,第一批,加入对比 ,189
动物科学,吉林大学,578,602,湖北,理科,2014,第一批,加入对比 ,189
人文教育,吉林大学,581,583,湖北,文科,2014,第一批,加入对比 ,189
地质工程,吉林大学,582,608,湖北,理科,2014,第一批,加入对比 ,189
电子科学与技术,吉林大学,590,605,湖北,理科,2014,第一批,加入对比 ,189
材料成型及控制工程,吉林大学,591,605,湖北,理科,2014,第一批,加入对比 ,189
法学,吉林大学,654,655,山东,理科,2014,第一批,加入对比 ,190
化学工程与工艺,吉林大学,654,661,山东,理科,2014,第一批,加入对比 ,190
财政学,吉林大学,655,657,山东,理科,2014,第一批,加入对比 ,190
物理学,吉林大学,655,659,山东,理科,2014,第一批,加入对比 ,190
数学与应用数学,吉林大学,657,661,山东,理科,2014,第一批,加入对比 ,190
能源与动力工程,吉林大学,657,665,山东,理科,2014,第一批,加入对比 ,190
机械工程,吉林大学,657,667,山东,理科,2014,第一批,加入对比 ,190
会计学,吉林大学,658,663,山东,理科,2014,第一批,加入对比 ,190
统计学,吉林大学,658,661,山东,理科,2014,第一批,加入对比 ,190
制药工程,吉林大学,658,659,山东,理科,2014,第一批,加入对比 ,190
金融学,吉林大学,661,667,山东,理科,2014,第一批,加入对比 ,190
政治学类,吉林大学,554,557,湖北,文科,2014,第一批,加入对比 ,190
政治学与行政学,吉林大学,556,557,湖北,文科,2014,第一批,加入对比 ,190
历史学,吉林大学,561,561,湖北,文科,2014,第一批,加入对比 ,190
农业资源与环境,吉林大学,565,575,湖北,理科,2014,第一批,加入对比 ,190
日语,吉林大学,568,574,湖北,文科,2014,第一批,加入对比 ,190
文物与博物馆学,吉林大学,570,570,湖北,文科,2014,第一批,加入对比 ,190
法学,吉林大学,575,578,湖北,文科,2014,第一批,加入对比 ,190
西班牙语,吉林大学,577,578,湖北,文科,2014,第一批,加入对比 ,190
预防医学,吉林大学,577,595,湖北,理科,2014,第一批,加入对比 ,190
动物科学,吉林大学,578,602,湖北,理科,2014,第一批,加入对比 ,190
人文教育,吉林大学,581,583,湖北,文科,2014,第一批,加入对比 ,190
地质工程,吉林大学,582,608,湖北,理科,2014,第一批,加入对比 ,190
电子科学与技术,吉林大学,590,605,湖北,理科,2014,第一批,加入对比 ,190
材料成型及控制工程,吉林大学,591,605,湖北,理科,2014,第一批,加入对比 ,190
物理学类,吉林大学,591,591,湖北,理科,2014,第一批,加入对比 ,191
土木工程,吉林大学,592,604,湖北,理科,2014,第一批,加入对比 ,191
地下水科学与工程,吉林大学,594,594,湖北,理科,2014,第一批,加入对比 ,191
环境科学,吉林大学,594,600,湖北,理科,2014,第一批,加入对比 ,191
工程力学,吉林大学,595,596,湖北,理科,2014,第一批,加入对比 ,191
道路桥梁与渡河工程,吉林大学,595,596,湖北,理科,2014,第一批,加入对比 ,191
工业工程,吉林大学,595,596,湖北,理科,2014,第一批,加入对比 ,191
应用物理学,吉林大学,596,596,湖北,理科,2014,第一批,加入对比 ,191
核物理,吉林大学,596,597,湖北,理科,2014,第一批,加入对比 ,191
信息工程,吉林大学,596,601,湖北,理科,2014,第一批,加入对比 ,191
工程管理,吉林大学,596,597,湖北,理科,2014,第一批,加入对比 ,191
包装工程,吉林大学,596,596,湖北,理科,2014,第一批,加入对比 ,191
水文与水资源工程,吉林大学,596,598,湖北,理科,2014,第一批,加入对比 ,191
临床药学,吉林大学,596,598,湖北,理科,2014,第一批,加入对比 ,191
统计学,吉林大学,597,598,湖北,理科,2014,第一批,加入对比 ,191
农业机械化及其自动化,吉林大学,597,600,湖北,理科,2014,第一批,加入对比 ,191
地球物理学,吉林大学,597,598,湖北,理科,2014,第一批,加入对比 ,191
物流工程,吉林大学,597,598,湖北,理科,2014,第一批,加入对比 ,191
环境工程,吉林大学,597,599,湖北,理科,2014,第一批,加入对比 ,191
放射医学,吉林大学,597,598,湖北,理科,2014,第一批,加入对比 ,191
食品科学与工程,吉林大学,598,600,湖北,理科,2014,第一批,加入对比 ,191
生物医学工程,吉林大学,598,598,湖北,理科,2014,第一批,加入对比 ,191
计算机科学与技术,吉林大学,598,604,湖北,理科,2014,第一批,加入对比 ,191
制药工程,吉林大学,598,600,湖北,理科,2014,第一批,加入对比 ,191
会计学,吉林大学,599,600,湖北,理科,2014,第一批,加入对比 ,191
交通运输,吉林大学,599,603,湖北,理科,2014,第一批,加入对比 ,192
交通工程,吉林大学,599,601,湖北,理科,2014,第一批,加入对比 ,192
档案学,吉林大学,599,602,湖北,理科,2014,第一批,加入对比 ,192
信息与计算科学,吉林大学,599,602,湖北,理科,2014,第一批,加入对比 ,192
光电信息科学与工程,吉林大学,599,602,湖北,理科,2014,第一批,加入对比 ,192
法学,吉林大学,600,604,湖北,理科,2014,第一批,加入对比 ,192
物理学,吉林大学,600,607,湖北,理科,2014,第一批,加入对比 ,192
材料化学,吉林大学,600,602,湖北,理科,2014,第一批,加入对比 ,192
电子信息工程,吉林大学,602,604,湖北,理科,2014,第一批,加入对比 ,192
数学与应用数学,吉林大学,602,604,湖北,理科,2014,第一批,加入对比 ,192
机械工程,吉林大学,604,606,湖北,理科,2014,第一批,加入对比 ,192
应用化学,吉林大学,604,605,湖北,理科,2014,第一批,加入对比 ,192
材料科学与工程,吉林大学,604,605,湖北,理科,2014,第一批,加入对比 ,192
无机非金属材料工程,吉林大学,605,606,湖北,理科,2014,第一批,加入对比 ,192
应用化学,吉林大学珠海学院,462,462,湖北,理科,2014,第三批,加入对比 ,192
软件工程,吉林大学珠海学院,470,470,湖北,理科,2014,第三批,加入对比 ,192
农业资源与环境,吉林大学,564,575,湖南,理科,2014,提前批,加入对比 ,192
生物技术,吉林大学,571,572,湖南,理科,2014,提前批,加入对比 ,192
地质工程,吉林大学,576,578,湖南,理科,2014,提前批,加入对比 ,192
动物科学,吉林大学,578,580,湖南,理科,2014,第一批,加入对比 ,192
食品科学与工程,吉林大学,579,581,湖南,理科,2014,提前批,加入对比 ,192
计算机科学与技术,吉林大学,580,584,湖南,理科,2014,提前批,加入对比 ,192
电子科学与技术,吉林大学,581,581,湖南,理科,2014,提前批,加入对比 ,192
会计学,吉林大学,583,589,湖南,理科,2014,提前批,加入对比 ,192
土木工程,吉林大学,585,586,湖南,理科,2014,提前批,加入对比 ,192
测控技术与仪器,吉林大学,587,591,湖南,理科,2014,提前批,加入对比 ,192
地质学,吉林大学,591,596,湖南,理科,2014,第一批,加入对比 ,192
环境科学,吉林大学,595,595,湖南,理科,2014,第一批,加入对比 ,192
食品科学与工程,吉林大学,595,595,湖南,理科,2014,第一批,加入对比 ,192
材料物理,吉林大学,595,596,湖南,理科,2014,第一批,加入对比 ,192
广告学,吉林大学,595,596,湖南,理科,2014,第一批,加入对比 ,192
勘查技术与工程,吉林大学,596,596,湖南,理科,2014,第一批,加入对比 ,192
测控技术与仪器,吉林大学,596,598,湖南,理科,2014,第一批,加入对比 ,192
光电信息科学与工程,吉林大学,597,597,湖南,理科,2014,第一批,加入对比 ,192
高分子材料与工程,吉林大学,597,599,湖南,理科,2014,第一批,加入对比 ,192
微电子科学与工程,吉林大学,597,598,湖南,理科,2014,第一批,加入对比 ,192
信息工程,吉林大学,597,598,湖南,理科,2014,第一批,加入对比 ,192
哲学,吉林大学,597,603,湖南,文科,2014,第一批,加入对比 ,192
农业机械化及其自动化,吉林大学,597,598,湖南,理科,2014,第一批,加入对比 ,192
英语,吉林大学,597,600,湖南,理科,2014,第一批,加入对比 ,192
地质工程,吉林大学,598,599,湖南,理科,2014,第一批,加入对比 ,192
统计学,吉林大学,598,603,湖南,理科,2014,第一批,加入对比 ,192
道路桥梁与渡河工程,吉林大学,598,604,湖南,理科,2014,第一批,加入对比 ,192
汽车服务工程,吉林大学,600,602,湖南,理科,2014,第一批,加入对比 ,192
无机非金属材料工程,吉林大学,600,603,湖南,理科,2014,第一批,加入对比 ,192
通信工程,吉林大学,600,607,湖南,理科,2014,第一批,加入对比 ,192
材料科学与工程,吉林大学,601,602,湖南,理科,2014,第一批,加入对比 ,192
自动化,吉林大学,601,603,湖南,理科,2014,第一批,加入对比 ,192
计算机科学与技术,吉林大学,601,612,湖南,理科,2014,第一批,加入对比 ,192
土木工程,吉林大学,601,602,湖南,理科,2014,第一批,加入对比 ,192
测控技术与仪器,吉林大学,587,591,湖南,理科,2014,提前批,加入对比 ,193
地质学,吉林大学,591,596,湖南,理科,2014,第一批,加入对比 ,193
环境科学,吉林大学,595,595,湖南,理科,2014,第一批,加入对比 ,193
食品科学与工程,吉林大学,595,595,湖南,理科,2014,第一批,加入对比 ,193
材料物理,吉林大学,595,596,湖南,理科,2014,第一批,加入对比 ,193
广告学,吉林大学,595,596,湖南,理科,2014,第一批,加入对比 ,193
勘查技术与工程,吉林大学,596,596,湖南,理科,2014,第一批,加入对比 ,193
测控技术与仪器,吉林大学,596,598,湖南,理科,2014,第一批,加入对比 ,193
光电信息科学与工程,吉林大学,597,597,湖南,理科,2014,第一批,加入对比 ,193
高分子材料与工程,吉林大学,597,599,湖南,理科,2014,第一批,加入对比 ,193
微电子科学与工程,吉林大学,597,598,湖南,理科,2014,第一批,加入对比 ,193
信息工程,吉林大学,597,598,湖南,理科,2014,第一批,加入对比 ,193
哲学,吉林大学,597,603,湖南,文科,2014,第一批,加入对比 ,193
农业机械化及其自动化,吉林大学,597,598,湖南,理科,2014,第一批,加入对比 ,193
英语,吉林大学,597,600,湖南,理科,2014,第一批,加入对比 ,193
地质工程,吉林大学,598,599,湖南,理科,2014,第一批,加入对比 ,193
统计学,吉林大学,598,603,湖南,理科,2014,第一批,加入对比 ,193
道路桥梁与渡河工程,吉林大学,598,604,湖南,理科,2014,第一批,加入对比 ,193
汽车服务工程,吉林大学,600,602,湖南,理科,2014,第一批,加入对比 ,193
无机非金属材料工程,吉林大学,600,603,湖南,理科,2014,第一批,加入对比 ,193
通信工程,吉林大学,600,607,湖南,理科,2014,第一批,加入对比 ,193
材料科学与工程,吉林大学,601,602,湖南,理科,2014,第一批,加入对比 ,193
自动化,吉林大学,601,603,湖南,理科,2014,第一批,加入对比 ,193
计算机科学与技术,吉林大学,601,612,湖南,理科,2014,第一批,加入对比 ,193
土木工程,吉林大学,601,602,湖南,理科,2014,第一批,加入对比 ,193
资源勘查工程,吉林大学,601,605,湖南,理科,2014,第一批,加入对比 ,193
会计学,吉林大学,602,604,湖南,理科,2014,第一批,加入对比 ,193
法学,吉林大学,603,606,湖南,理科,2014,第一批,加入对比 ,193
预防医学,吉林大学,604,606,湖南,理科,2014,第一批,加入对比 ,193
材料成型及控制工程,吉林大学,604,605,湖南,理科,2014,第一批,加入对比 ,193
机械工程,吉林大学,606,616,湖南,理科,2014,第一批,加入对比 ,193
社会学,吉林大学,611,612,湖南,文科,2014,第一批,加入对比 ,193
政治学类,吉林大学,611,612,湖南,文科,2014,第一批,加入对比 ,193
广告学,吉林大学,612,613,湖南,文科,2014,第一批,加入对比 ,193
政治学与行政学,吉林大学,612,612,湖南,文科,2014,第一批,加入对比 ,193
化学,吉林大学,612,619,湖南,理科,2014,第一批,加入对比 ,193
新闻学,吉林大学,612,613,湖南,文科,2014,第一批,加入对比 ,193
人文教育,吉林大学,613,613,湖南,文科,2014,第一批,加入对比 ,193
英语,吉林大学,615,618,湖南,文科,2014,第一批,加入对比 ,193
金融学,吉林大学,617,618,湖南,文科,2014,第一批,加入对比 ,193
汉语言文学,吉林大学,619,625,湖南,文科,2014,第一批,加入对比 ,193
通信工程,吉林大学珠海学院,440,440,湖南,理科,2014,第三批,加入对比 ,193
预防医学,吉林大学,593,595,广东,理科,2014,第一批,加入对比 ,193
资源勘查工程,吉林大学,593,594,广东,理科,2014,第一批,加入对比 ,193
服装设计与工程,吉林大学,593,594,广东,理科,2014,第一批,加入对比 ,193
物流工程,吉林大学,594,597,广东,理科,2014,第一批,加入对比 ,193
食品科学与工程,吉林大学,594,598,广东,理科,2014,第一批,加入对比 ,193
交通工程,吉林大学,594,597,广东,理科,2014,第一批,加入对比 ,193
测控技术与仪器,吉林大学,594,595,广东,理科,2014,第一批,加入对比 ,193
核物理,吉林大学,594,596,广东,理科,2014,第一批,加入对比 ,193
地质工程,吉林大学,595,597,广东,理科,2014,第一批,加入对比 ,193
光电信息科学与工程,吉林大学,595,597,广东,理科,2014,第一批,加入对比 ,193
材料成型及控制工程,吉林大学,595,598,广东,理科,2014,第一批,加入对比 ,193
食品质量与安全,吉林大学,596,597,广东,理科,2014,第一批,加入对比 ,193
地质学,吉林大学,596,597,广东,理科,2014,第一批,加入对比 ,193
微电子科学与工程,吉林大学,596,598,广东,理科,2014,第一批,加入对比 ,193
道路桥梁与渡河工程,吉林大学,596,598,广东,理科,2014,第一批,加入对比 ,193
信息与计算科学,吉林大学,596,598,广东,理科,2014,第一批,加入对比 ,193
生物医学工程,吉林大学,596,599,广东,理科,2014,第一批,加入对比 ,193
环境科学,吉林大学,597,597,广东,理科,2014,第一批,加入对比 ,193
环境工程,吉林大学,597,599,广东,理科,2014,第一批,加入对比 ,193
放射医学,吉林大学,597,598,广东,理科,2014,第一批,加入对比 ,193
工业工程,吉林大学,598,600,广东,理科,2014,第一批,加入对比 ,193
能源与动力工程,吉林大学,598,601,广东,理科,2014,第一批,加入对比 ,193
制药工程,吉林大学,599,601,广东,理科,2014,第一批,加入对比 ,193
通信工程,吉林大学,599,605,广东,理科,2014,第一批,加入对比 ,193
工程力学,吉林大学,599,599,广东,理科,2014,第一批,加入对比 ,193
工程管理,吉林大学,600,601,广东,理科,2014,第一批,加入对比 ,193
交通运输,吉林大学,602,613,广东,理科,2014,第一批,加入对比 ,193
朝鲜语,吉林大学,602,604,广东,文科,2014,第一批,加入对比 ,193
哲学,吉林大学,603,606,广东,文科,2014,第一批,加入对比 ,193
电气工程及其自动化,吉林大学,603,604,广东,理科,2014,第一批,加入对比 ,193
计算机科学与技术,吉林大学,604,606,广东,理科,2014,第一批,加入对比 ,193
金融学,吉林大学,606,607,广东,理科,2014,第一批,加入对比 ,193
软件工程,吉林大学,607,610,广东,理科,2014,第一批,加入对比 ,193
资源勘查工程,吉林大学,601,605,湖南,理科,2014,第一批,加入对比 ,194
会计学,吉林大学,602,604,湖南,理科,2014,第一批,加入对比 ,194
法学,吉林大学,603,606,湖南,理科,2014,第一批,加入对比 ,194
预防医学,吉林大学,604,606,湖南,理科,2014,第一批,加入对比 ,194
材料成型及控制工程,吉林大学,604,605,湖南,理科,2014,第一批,加入对比 ,194
机械工程,吉林大学,606,616,湖南,理科,2014,第一批,加入对比 ,194
社会学,吉林大学,611,612,湖南,文科,2014,第一批,加入对比 ,194
政治学类,吉林大学,611,612,湖南,文科,2014,第一批,加入对比 ,194
广告学,吉林大学,612,613,湖南,文科,2014,第一批,加入对比 ,194
政治学与行政学,吉林大学,612,612,湖南,文科,2014,第一批,加入对比 ,194
化学,吉林大学,612,619,湖南,理科,2014,第一批,加入对比 ,194
新闻学,吉林大学,612,613,湖南,文科,2014,第一批,加入对比 ,194
人文教育,吉林大学,613,613,湖南,文科,2014,第一批,加入对比 ,194
英语,吉林大学,615,618,湖南,文科,2014,第一批,加入对比 ,194
金融学,吉林大学,617,618,湖南,文科,2014,第一批,加入对比 ,194
汉语言文学,吉林大学,619,625,湖南,文科,2014,第一批,加入对比 ,194
通信工程,吉林大学珠海学院,440,440,湖南,理科,2014,第三批,加入对比 ,194
预防医学,吉林大学,593,595,广东,理科,2014,第一批,加入对比 ,194
资源勘查工程,吉林大学,593,594,广东,理科,2014,第一批,加入对比 ,194
服装设计与工程,吉林大学,593,594,广东,理科,2014,第一批,加入对比 ,194
物流工程,吉林大学,594,597,广东,理科,2014,第一批,加入对比 ,194
食品科学与工程,吉林大学,594,598,广东,理科,2014,第一批,加入对比 ,194
交通工程,吉林大学,594,597,广东,理科,2014,第一批,加入对比 ,194
测控技术与仪器,吉林大学,594,595,广东,理科,2014,第一批,加入对比 ,194
核物理,吉林大学,594,596,广东,理科,2014,第一批,加入对比 ,194
地质工程,吉林大学,595,597,广东,理科,2014,第一批,加入对比 ,194
光电信息科学与工程,吉林大学,595,597,广东,理科,2014,第一批,加入对比 ,194
材料成型及控制工程,吉林大学,595,598,广东,理科,2014,第一批,加入对比 ,194
食品质量与安全,吉林大学,596,597,广东,理科,2014,第一批,加入对比 ,194
地质学,吉林大学,596,597,广东,理科,2014,第一批,加入对比 ,194
微电子科学与工程,吉林大学,596,598,广东,理科,2014,第一批,加入对比 ,194
道路桥梁与渡河工程,吉林大学,596,598,广东,理科,2014,第一批,加入对比 ,194
信息与计算科学,吉林大学,596,598,广东,理科,2014,第一批,加入对比 ,194
生物医学工程,吉林大学,596,599,广东,理科,2014,第一批,加入对比 ,194
环境科学,吉林大学,597,597,广东,理科,2014,第一批,加入对比 ,194
环境工程,吉林大学,597,599,广东,理科,2014,第一批,加入对比 ,194
放射医学,吉林大学,597,598,广东,理科,2014,第一批,加入对比 ,194
工业工程,吉林大学,598,600,广东,理科,2014,第一批,加入对比 ,194
能源与动力工程,吉林大学,598,601,广东,理科,2014,第一批,加入对比 ,194
制药工程,吉林大学,599,601,广东,理科,2014,第一批,加入对比 ,194
通信工程,吉林大学,599,605,广东,理科,2014,第一批,加入对比 ,194
工程力学,吉林大学,599,599,广东,理科,2014,第一批,加入对比 ,194
工程管理,吉林大学,600,601,广东,理科,2014,第一批,加入对比 ,194
交通运输,吉林大学,602,613,广东,理科,2014,第一批,加入对比 ,194
朝鲜语,吉林大学,602,604,广东,文科,2014,第一批,加入对比 ,194
哲学,吉林大学,603,606,广东,文科,2014,第一批,加入对比 ,194
电气工程及其自动化,吉林大学,603,604,广东,理科,2014,第一批,加入对比 ,194
计算机科学与技术,吉林大学,604,606,广东,理科,2014,第一批,加入对比 ,194
金融学,吉林大学,606,607,广东,理科,2014,第一批,加入对比 ,194
软件工程,吉林大学,607,610,广东,理科,2014,第一批,加入对比 ,194
新闻学,吉林大学,609,610,广东,文科,2014,第一批,加入对比 ,194
法学,吉林大学,611,614,广东,理科,2014,第一批,加入对比 ,194
化学,吉林大学,612,615,广东,理科,2014,第一批,加入对比 ,194
数学与应用数学,吉林大学,612,619,广东,理科,2014,第一批,加入对比 ,194
考古学,吉林大学,613,616,广东,文科,2014,第一批,加入对比 ,194
人文教育,吉林大学,613,613,广东,文科,2014,第一批,加入对比 ,194
法学,吉林大学,615,620,广东,文科,2014,第一批,加入对比 ,194
车辆工程,吉林大学,615,627,广东,理科,2014,第一批,加入对比 ,194
汉语言文学,吉林大学珠海学院,552,567,广东,文科,2014,第二批,加入对比 ,194
农学,吉林大学,510,517,重庆,理科,2014,第三批,加入对比 ,194
资源勘查工程,吉林大学,523,531,重庆,理科,2014,第三批,加入对比 ,194
地质工程,吉林大学,552,554,重庆,理科,2014,第一批,加入对比 ,194
计算机科学与技术,吉林大学,556,563,重庆,理科,2014,第三批,加入对比 ,194
材料物理,吉林大学,557,562,重庆,理科,2014,第一批,加入对比 ,194
勘查技术与工程,吉林大学,558,561,重庆,理科,2014,第一批,加入对比 ,194
地球物理学,吉林大学,559,563,重庆,理科,2014,第一批,加入对比 ,194
服装设计与工程,吉林大学,562,566,重庆,理科,2014,第一批,加入对比 ,194
无机非金属材料工程,吉林大学,563,576,重庆,理科,2014,第一批,加入对比 ,194
农林经济管理,吉林大学,564,564,重庆,理科,2014,第一批,加入对比 ,194
生物医学工程,吉林大学,565,566,重庆,理科,2014,第一批,加入对比 ,194
地理信息科学,吉林大学,566,566,重庆,理科,2014,第一批,加入对比 ,194
工业工程,吉林大学,566,568,重庆,理科,2014,第一批,加入对比 ,194
物流工程,吉林大学,567,567,重庆,理科,2014,第一批,加入对比 ,194
地下水科学与工程,吉林大学,568,575,重庆,理科,2014,第一批,加入对比 ,194
电子科学与技术,吉林大学,569,575,重庆,理科,2014,第三批,加入对比 ,194
信息管理与信息系统,吉林大学,569,570,重庆,理科,2014,第一批,加入对比 ,194
生物工程,吉林大学,569,569,重庆,理科,2014,第一批,加入对比 ,194
材料成型及控制工程,吉林大学,570,571,重庆,理科,2014,第三批,加入对比 ,194
档案学,吉林大学,570,572,重庆,理科,2014,第一批,加入对比 ,194
计算机科学与技术,吉林大学,570,576,重庆,理科,2014,第一批,加入对比 ,194
物理学,吉林大学,570,576,重庆,理科,2014,第一批,加入对比 ,194
农业机械化及其自动化,吉林大学,571,577,重庆,理科,2014,第一批,加入对比 ,194
制药工程,吉林大学,571,581,重庆,理科,2014,第一批,加入对比 ,194
环境科学,吉林大学,571,571,重庆,理科,2014,第一批,加入对比 ,194
临床药学,吉林大学,571,573,重庆,理科,2014,第一批,加入对比 ,194
材料化学,吉林大学,572,572,重庆,理科,2014,第一批,加入对比 ,194
预防医学,吉林大学,573,577,重庆,理科,2014,第一批,加入对比 ,194
信息工程,吉林大学,573,576,重庆,理科,2014,第一批,加入对比 ,194
会计学,吉林大学,573,573,重庆,理科,2014,第一批,加入对比 ,194
统计学,吉林大学,573,573,重庆,理科,2014,第一批,加入对比 ,194
地质学,吉林大学,574,585,重庆,理科,2014,第一批,加入对比 ,194
电气工程及其自动化,吉林大学,576,577,重庆,理科,2014,第一批,加入对比 ,194
电子科学与技术,吉林大学,577,582,重庆,理科,2014,第一批,加入对比 ,194
工程力学,吉林大学,578,582,重庆,理科,2014,第一批,加入对比 ,194
经济学,吉林大学,579,582,重庆,理科,2014,第一批,加入对比 ,194
数学与应用数学,吉林大学,580,588,重庆,理科,2014,第一批,加入对比 ,194
交通运输,吉林大学,584,588,重庆,理科,2014,第一批,加入对比 ,194
材料科学与工程,吉林大学,586,590,重庆,理科,2014,第一批,加入对比 ,194
车辆工程,吉林大学,588,588,重庆,理科,2014,第三批,加入对比 ,194
政治学与行政学,吉林大学,593,593,重庆,文科,2014,第一批,加入对比 ,194
地质工程,吉林大学,595,597,广东,理科,2014,第一批,加入对比 ,195
光电信息科学与工程,吉林大学,595,597,广东,理科,2014,第一批,加入对比 ,195
材料成型及控制工程,吉林大学,595,598,广东,理科,2014,第一批,加入对比 ,195
食品质量与安全,吉林大学,596,597,广东,理科,2014,第一批,加入对比 ,195
地质学,吉林大学,596,597,广东,理科,2014,第一批,加入对比 ,195
微电子科学与工程,吉林大学,596,598,广东,理科,2014,第一批,加入对比 ,195
道路桥梁与渡河工程,吉林大学,596,598,广东,理科,2014,第一批,加入对比 ,195
信息与计算科学,吉林大学,596,598,广东,理科,2014,第一批,加入对比 ,195
生物医学工程,吉林大学,596,599,广东,理科,2014,第一批,加入对比 ,195
环境科学,吉林大学,597,597,广东,理科,2014,第一批,加入对比 ,195
环境工程,吉林大学,597,599,广东,理科,2014,第一批,加入对比 ,195
放射医学,吉林大学,597,598,广东,理科,2014,第一批,加入对比 ,195
工业工程,吉林大学,598,600,广东,理科,2014,第一批,加入对比 ,195
能源与动力工程,吉林大学,598,601,广东,理科,2014,第一批,加入对比 ,195
制药工程,吉林大学,599,601,广东,理科,2014,第一批,加入对比 ,195
通信工程,吉林大学,599,605,广东,理科,2014,第一批,加入对比 ,195
工程力学,吉林大学,599,599,广东,理科,2014,第一批,加入对比 ,195
工程管理,吉林大学,600,601,广东,理科,2014,第一批,加入对比 ,195
交通运输,吉林大学,602,613,广东,理科,2014,第一批,加入对比 ,195
朝鲜语,吉林大学,602,604,广东,文科,2014,第一批,加入对比 ,195
哲学,吉林大学,603,606,广东,文科,2014,第一批,加入对比 ,195
电气工程及其自动化,吉林大学,603,604,广东,理科,2014,第一批,加入对比 ,195
计算机科学与技术,吉林大学,604,606,广东,理科,2014,第一批,加入对比 ,195
金融学,吉林大学,606,607,广东,理科,2014,第一批,加入对比 ,195
软件工程,吉林大学,607,610,广东,理科,2014,第一批,加入对比 ,195
新闻学,吉林大学,609,610,广东,文科,2014,第一批,加入对比 ,195
法学,吉林大学,611,614,广东,理科,2014,第一批,加入对比 ,195
化学,吉林大学,612,615,广东,理科,2014,第一批,加入对比 ,195
数学与应用数学,吉林大学,612,619,广东,理科,2014,第一批,加入对比 ,195
考古学,吉林大学,613,616,广东,文科,2014,第一批,加入对比 ,195
人文教育,吉林大学,613,613,广东,文科,2014,第一批,加入对比 ,195
法学,吉林大学,615,620,广东,文科,2014,第一批,加入对比 ,195
车辆工程,吉林大学,615,627,广东,理科,2014,第一批,加入对比 ,195
汉语言文学,吉林大学珠海学院,552,567,广东,文科,2014,第二批,加入对比 ,195
农学,吉林大学,510,517,重庆,理科,2014,第三批,加入对比 ,195
资源勘查工程,吉林大学,523,531,重庆,理科,2014,第三批,加入对比 ,195
地质工程,吉林大学,552,554,重庆,理科,2014,第一批,加入对比 ,195
计算机科学与技术,吉林大学,556,563,重庆,理科,2014,第三批,加入对比 ,195
材料物理,吉林大学,557,562,重庆,理科,2014,第一批,加入对比 ,195
勘查技术与工程,吉林大学,558,561,重庆,理科,2014,第一批,加入对比 ,195
地球物理学,吉林大学,559,563,重庆,理科,2014,第一批,加入对比 ,195
服装设计与工程,吉林大学,562,566,重庆,理科,2014,第一批,加入对比 ,195
无机非金属材料工程,吉林大学,563,576,重庆,理科,2014,第一批,加入对比 ,195
农林经济管理,吉林大学,564,564,重庆,理科,2014,第一批,加入对比 ,195
生物医学工程,吉林大学,565,566,重庆,理科,2014,第一批,加入对比 ,195
地理信息科学,吉林大学,566,566,重庆,理科,2014,第一批,加入对比 ,195
工业工程,吉林大学,566,568,重庆,理科,2014,第一批,加入对比 ,195
物流工程,吉林大学,567,567,重庆,理科,2014,第一批,加入对比 ,195
地下水科学与工程,吉林大学,568,575,重庆,理科,2014,第一批,加入对比 ,195
电子科学与技术,吉林大学,569,575,重庆,理科,2014,第三批,加入对比 ,195
信息管理与信息系统,吉林大学,569,570,重庆,理科,2014,第一批,加入对比 ,195
生物工程,吉林大学,569,569,重庆,理科,2014,第一批,加入对比 ,195
材料成型及控制工程,吉林大学,570,571,重庆,理科,2014,第三批,加入对比 ,195
档案学,吉林大学,570,572,重庆,理科,2014,第一批,加入对比 ,195
计算机科学与技术,吉林大学,570,576,重庆,理科,2014,第一批,加入对比 ,195
物理学,吉林大学,570,576,重庆,理科,2014,第一批,加入对比 ,195
农业机械化及其自动化,吉林大学,571,577,重庆,理科,2014,第一批,加入对比 ,195
制药工程,吉林大学,571,581,重庆,理科,2014,第一批,加入对比 ,195
环境科学,吉林大学,571,571,重庆,理科,2014,第一批,加入对比 ,195
临床药学,吉林大学,571,573,重庆,理科,2014,第一批,加入对比 ,195
材料化学,吉林大学,572,572,重庆,理科,2014,第一批,加入对比 ,195
预防医学,吉林大学,573,577,重庆,理科,2014,第一批,加入对比 ,195
信息工程,吉林大学,573,576,重庆,理科,2014,第一批,加入对比 ,195
会计学,吉林大学,573,573,重庆,理科,2014,第一批,加入对比 ,195
统计学,吉林大学,573,573,重庆,理科,2014,第一批,加入对比 ,195
地质学,吉林大学,574,585,重庆,理科,2014,第一批,加入对比 ,195
电气工程及其自动化,吉林大学,576,577,重庆,理科,2014,第一批,加入对比 ,195
电子科学与技术,吉林大学,577,582,重庆,理科,2014,第一批,加入对比 ,195
工程力学,吉林大学,578,582,重庆,理科,2014,第一批,加入对比 ,195
经济学,吉林大学,579,582,重庆,理科,2014,第一批,加入对比 ,195
数学与应用数学,吉林大学,580,588,重庆,理科,2014,第一批,加入对比 ,195
交通运输,吉林大学,584,588,重庆,理科,2014,第一批,加入对比 ,195
材料科学与工程,吉林大学,586,590,重庆,理科,2014,第一批,加入对比 ,195
车辆工程,吉林大学,588,588,重庆,理科,2014,第三批,加入对比 ,195
政治学与行政学,吉林大学,593,593,重庆,文科,2014,第一批,加入对比 ,195
日语,吉林大学,594,595,重庆,文科,2014,第一批,加入对比 ,195
道路桥梁与渡河工程,吉林大学,594,595,重庆,理科,2014,第一批,加入对比 ,195
政治学类,吉林大学,595,603,重庆,文科,2014,第三批,加入对比 ,195
土木工程,吉林大学,595,599,重庆,理科,2014,第一批,加入对比 ,195
西班牙语,吉林大学,596,596,重庆,文科,2014,第一批,加入对比 ,195
资源勘查工程,吉林大学,596,598,重庆,理科,2014,第一批,加入对比 ,195
法学,吉林大学,599,602,重庆,理科,2014,第一批,加入对比 ,195
哲学,吉林大学,602,604,重庆,文科,2014,第一批,加入对比 ,195
机械工程,吉林大学,602,609,重庆,理科,2014,第一批,加入对比 ,195
能源与动力工程,吉林大学,605,607,重庆,理科,2014,第一批,加入对比 ,195
经济学,吉林大学,608,609,重庆,文科,2014,第一批,加入对比 ,195
法学,吉林大学,615,621,重庆,文科,2014,第一批,加入对比 ,195
微电子科学与工程,吉林大学珠海学院,449,449,重庆,理科,2014,第三批,加入对比 ,195
制药工程,吉林大学珠海学院,451,451,重庆,理科,2014,第三批,加入对比 ,195
园艺,吉林大学,550,555,四川,理科,2014,第二批,加入对比 ,195
生物技术,吉林大学,557,564,四川,理科,2014,第二批,加入对比 ,195
农学,吉林大学,558,560,四川,理科,2014,第二批,加入对比 ,195
农业资源与环境,吉林大学,558,560,四川,理科,2014,第二批,加入对比 ,195
资源勘查工程,吉林大学,565,567,四川,理科,2014,第二批,加入对比 ,195
计算机科学与技术,吉林大学,567,569,四川,理科,2014,第二批,加入对比 ,195
汉语言文学,吉林大学,570,574,四川,文科,2014,第二批,加入对比 ,195
英语,吉林大学,572,577,四川,文科,2014,第一批,加入对比 ,195
电子科学与技术,吉林大学,573,576,四川,理科,2014,第二批,加入对比 ,195
环境科学,吉林大学,574,585,四川,理科,2014,第二批,加入对比 ,195
材料成型及控制工程,吉林大学,577,578,四川,理科,2014,第二批,加入对比 ,195
政治学类,吉林大学,579,580,四川,文科,2014,第一批,加入对比 ,195
历史学,吉林大学,579,579,四川,文科,2014,第一批,加入对比 ,195
政治学与行政学,吉林大学,580,580,四川,文科,2014,第一批,加入对比 ,195
新闻学,吉林大学,580,581,四川,文科,2014,第一批,加入对比 ,195
法学,吉林大学,580,582,四川,文科,2014,第一批,加入对比 ,195
人文教育,吉林大学,580,580,四川,文科,2014,第一批,加入对比 ,195
资源勘查工程,吉林大学,581,582,四川,理科,2014,第一批,加入对比 ,195
生物医学工程,吉林大学,581,581,四川,理科,2014,第一批,加入对比 ,195
食品质量与安全,吉林大学,581,582,四川,理科,2014,第一批,加入对比 ,195
材料物理,吉林大学,581,583,四川,理科,2014,第一批,加入对比 ,195
信息与计算科学,吉林大学,581,582,四川,理科,2014,第一批,加入对比 ,195
测绘工程,吉林大学,581,582,四川,理科,2014,第一批,加入对比 ,195
交通工程,吉林大学,582,583,四川,理科,2014,第一批,加入对比 ,195
地理科学,吉林大学,582,583,四川,理科,2014,第一批,加入对比 ,195
工程力学,吉林大学,582,583,四川,理科,2014,第一批,加入对比 ,195
药物制剂,吉林大学,582,583,四川,理科,2014,第一批,加入对比 ,195
食品科学与工程,吉林大学,582,584,四川,理科,2014,第一批,加入对比 ,195
汽车服务工程,吉林大学,583,584,四川,理科,2014,第一批,加入对比 ,195
材料成型及控制工程,吉林大学,583,584,四川,理科,2014,第一批,加入对比 ,195
农业机械化及其自动化,吉林大学,583,584,四川,理科,2014,第一批,加入对比 ,195
经济学,吉林大学,583,585,四川,文科,2014,第一批,加入对比 ,195
测控技术与仪器,吉林大学,583,585,四川,理科,2014,第一批,加入对比 ,195
微电子科学与工程,吉林大学,583,584,四川,理科,2014,第一批,加入对比 ,195
考古学,吉林大学,584,586,四川,文科,2014,第一批,加入对比 ,195
地质工程,吉林大学,584,586,四川,理科,2014,第一批,加入对比 ,195
新闻学,吉林大学,609,610,广东,文科,2014,第一批,加入对比 ,196
法学,吉林大学,611,614,广东,理科,2014,第一批,加入对比 ,196
化学,吉林大学,612,615,广东,理科,2014,第一批,加入对比 ,196
数学与应用数学,吉林大学,612,619,广东,理科,2014,第一批,加入对比 ,196
考古学,吉林大学,613,616,广东,文科,2014,第一批,加入对比 ,196
人文教育,吉林大学,613,613,广东,文科,2014,第一批,加入对比 ,196
法学,吉林大学,615,620,广东,文科,2014,第一批,加入对比 ,196
车辆工程,吉林大学,615,627,广东,理科,2014,第一批,加入对比 ,196
汉语言文学,吉林大学珠海学院,552,567,广东,文科,2014,第二批,加入对比 ,196
农学,吉林大学,510,517,重庆,理科,2014,第三批,加入对比 ,196
资源勘查工程,吉林大学,523,531,重庆,理科,2014,第三批,加入对比 ,196
地质工程,吉林大学,552,554,重庆,理科,2014,第一批,加入对比 ,196
计算机科学与技术,吉林大学,556,563,重庆,理科,2014,第三批,加入对比 ,196
材料物理,吉林大学,557,562,重庆,理科,2014,第一批,加入对比 ,196
勘查技术与工程,吉林大学,558,561,重庆,理科,2014,第一批,加入对比 ,196
地球物理学,吉林大学,559,563,重庆,理科,2014,第一批,加入对比 ,196
服装设计与工程,吉林大学,562,566,重庆,理科,2014,第一批,加入对比 ,196
无机非金属材料工程,吉林大学,563,576,重庆,理科,2014,第一批,加入对比 ,196
农林经济管理,吉林大学,564,564,重庆,理科,2014,第一批,加入对比 ,196
生物医学工程,吉林大学,565,566,重庆,理科,2014,第一批,加入对比 ,196
地理信息科学,吉林大学,566,566,重庆,理科,2014,第一批,加入对比 ,196
工业工程,吉林大学,566,568,重庆,理科,2014,第一批,加入对比 ,196
物流工程,吉林大学,567,567,重庆,理科,2014,第一批,加入对比 ,196
地下水科学与工程,吉林大学,568,575,重庆,理科,2014,第一批,加入对比 ,196
电子科学与技术,吉林大学,569,575,重庆,理科,2014,第三批,加入对比 ,196
信息管理与信息系统,吉林大学,569,570,重庆,理科,2014,第一批,加入对比 ,196
生物工程,吉林大学,569,569,重庆,理科,2014,第一批,加入对比 ,196
材料成型及控制工程,吉林大学,570,571,重庆,理科,2014,第三批,加入对比 ,196
档案学,吉林大学,570,572,重庆,理科,2014,第一批,加入对比 ,196
计算机科学与技术,吉林大学,570,576,重庆,理科,2014,第一批,加入对比 ,196
物理学,吉林大学,570,576,重庆,理科,2014,第一批,加入对比 ,196
农业机械化及其自动化,吉林大学,571,577,重庆,理科,2014,第一批,加入对比 ,196
制药工程,吉林大学,571,581,重庆,理科,2014,第一批,加入对比 ,196
环境科学,吉林大学,571,571,重庆,理科,2014,第一批,加入对比 ,196
临床药学,吉林大学,571,573,重庆,理科,2014,第一批,加入对比 ,196
材料化学,吉林大学,572,572,重庆,理科,2014,第一批,加入对比 ,196
预防医学,吉林大学,573,577,重庆,理科,2014,第一批,加入对比 ,196
信息工程,吉林大学,573,576,重庆,理科,2014,第一批,加入对比 ,196
会计学,吉林大学,573,573,重庆,理科,2014,第一批,加入对比 ,196
统计学,吉林大学,573,573,重庆,理科,2014,第一批,加入对比 ,196
地质学,吉林大学,574,585,重庆,理科,2014,第一批,加入对比 ,196
电气工程及其自动化,吉林大学,576,577,重庆,理科,2014,第一批,加入对比 ,196
电子科学与技术,吉林大学,577,582,重庆,理科,2014,第一批,加入对比 ,196
工程力学,吉林大学,578,582,重庆,理科,2014,第一批,加入对比 ,196
经济学,吉林大学,579,582,重庆,理科,2014,第一批,加入对比 ,196
数学与应用数学,吉林大学,580,588,重庆,理科,2014,第一批,加入对比 ,196
交通运输,吉林大学,584,588,重庆,理科,2014,第一批,加入对比 ,196
材料科学与工程,吉林大学,586,590,重庆,理科,2014,第一批,加入对比 ,196
车辆工程,吉林大学,588,588,重庆,理科,2014,第三批,加入对比 ,196
政治学与行政学,吉林大学,593,593,重庆,文科,2014,第一批,加入对比 ,196
日语,吉林大学,594,595,重庆,文科,2014,第一批,加入对比 ,196
道路桥梁与渡河工程,吉林大学,594,595,重庆,理科,2014,第一批,加入对比 ,196
政治学类,吉林大学,595,603,重庆,文科,2014,第三批,加入对比 ,196
土木工程,吉林大学,595,599,重庆,理科,2014,第一批,加入对比 ,196
西班牙语,吉林大学,596,596,重庆,文科,2014,第一批,加入对比 ,196
资源勘查工程,吉林大学,596,598,重庆,理科,2014,第一批,加入对比 ,196
法学,吉林大学,599,602,重庆,理科,2014,第一批,加入对比 ,196
哲学,吉林大学,602,604,重庆,文科,2014,第一批,加入对比 ,196
机械工程,吉林大学,602,609,重庆,理科,2014,第一批,加入对比 ,196
能源与动力工程,吉林大学,605,607,重庆,理科,2014,第一批,加入对比 ,196
经济学,吉林大学,608,609,重庆,文科,2014,第一批,加入对比 ,196
法学,吉林大学,615,621,重庆,文科,2014,第一批,加入对比 ,196
微电子科学与工程,吉林大学珠海学院,449,449,重庆,理科,2014,第三批,加入对比 ,196
制药工程,吉林大学珠海学院,451,451,重庆,理科,2014,第三批,加入对比 ,196
园艺,吉林大学,550,555,四川,理科,2014,第二批,加入对比 ,196
生物技术,吉林大学,557,564,四川,理科,2014,第二批,加入对比 ,196
农学,吉林大学,558,560,四川,理科,2014,第二批,加入对比 ,196
农业资源与环境,吉林大学,558,560,四川,理科,2014,第二批,加入对比 ,196
资源勘查工程,吉林大学,565,567,四川,理科,2014,第二批,加入对比 ,196
计算机科学与技术,吉林大学,567,569,四川,理科,2014,第二批,加入对比 ,196
汉语言文学,吉林大学,570,574,四川,文科,2014,第二批,加入对比 ,196
英语,吉林大学,572,577,四川,文科,2014,第一批,加入对比 ,196
电子科学与技术,吉林大学,573,576,四川,理科,2014,第二批,加入对比 ,196
环境科学,吉林大学,574,585,四川,理科,2014,第二批,加入对比 ,196
材料成型及控制工程,吉林大学,577,578,四川,理科,2014,第二批,加入对比 ,196
政治学类,吉林大学,579,580,四川,文科,2014,第一批,加入对比 ,196
历史学,吉林大学,579,579,四川,文科,2014,第一批,加入对比 ,196
政治学与行政学,吉林大学,580,580,四川,文科,2014,第一批,加入对比 ,196
新闻学,吉林大学,580,581,四川,文科,2014,第一批,加入对比 ,196
法学,吉林大学,580,582,四川,文科,2014,第一批,加入对比 ,196
人文教育,吉林大学,580,580,四川,文科,2014,第一批,加入对比 ,196
资源勘查工程,吉林大学,581,582,四川,理科,2014,第一批,加入对比 ,196
生物医学工程,吉林大学,581,581,四川,理科,2014,第一批,加入对比 ,196
食品质量与安全,吉林大学,581,582,四川,理科,2014,第一批,加入对比 ,196
材料物理,吉林大学,581,583,四川,理科,2014,第一批,加入对比 ,196
信息与计算科学,吉林大学,581,582,四川,理科,2014,第一批,加入对比 ,196
测绘工程,吉林大学,581,582,四川,理科,2014,第一批,加入对比 ,196
交通工程,吉林大学,582,583,四川,理科,2014,第一批,加入对比 ,196
地理科学,吉林大学,582,583,四川,理科,2014,第一批,加入对比 ,196
工程力学,吉林大学,582,583,四川,理科,2014,第一批,加入对比 ,196
药物制剂,吉林大学,582,583,四川,理科,2014,第一批,加入对比 ,196
食品科学与工程,吉林大学,582,584,四川,理科,2014,第一批,加入对比 ,196
汽车服务工程,吉林大学,583,584,四川,理科,2014,第一批,加入对比 ,196
材料成型及控制工程,吉林大学,583,584,四川,理科,2014,第一批,加入对比 ,196
农业机械化及其自动化,吉林大学,583,584,四川,理科,2014,第一批,加入对比 ,196
经济学,吉林大学,583,585,四川,文科,2014,第一批,加入对比 ,196
测控技术与仪器,吉林大学,583,585,四川,理科,2014,第一批,加入对比 ,196
微电子科学与工程,吉林大学,583,584,四川,理科,2014,第一批,加入对比 ,196
考古学,吉林大学,584,586,四川,文科,2014,第一批,加入对比 ,196
地质工程,吉林大学,584,586,四川,理科,2014,第一批,加入对比 ,196
电子信息工程,吉林大学,584,585,四川,理科,2014,第一批,加入对比 ,196
生物科学,吉林大学,584,585,四川,理科,2014,第一批,加入对比 ,196
核物理,吉林大学,584,585,四川,理科,2014,第一批,加入对比 ,196
道路桥梁与渡河工程,吉林大学,584,585,四川,理科,2014,第一批,加入对比 ,196
档案学,吉林大学,584,585,四川,理科,2014,第一批,加入对比 ,196
计算机科学与技术,吉林大学,584,586,四川,理科,2014,第一批,加入对比 ,196
信息工程,吉林大学,585,586,四川,理科,2014,第一批,加入对比 ,196
预防医学,吉林大学,585,588,四川,理科,2014,第一批,加入对比 ,196
农业资源与环境,吉林大学,585,594,四川,理科,2014,第一批,加入对比 ,196
信息管理与信息系统,吉林大学,586,594,四川,理科,2014,第一批,加入对比 ,196
生物工程,吉林大学,586,587,四川,理科,2014,第一批,加入对比 ,196
物理学,吉林大学,586,587,四川,理科,2014,第一批,加入对比 ,196
法学,吉林大学,586,587,四川,理科,2014,第一批,加入对比 ,196
地质学,吉林大学,587,590,四川,理科,2014,第一批,加入对比 ,196
通信工程,吉林大学,587,593,四川,理科,2014,第一批,加入对比 ,196
放射医学,吉林大学,587,590,四川,理科,2014,第一批,加入对比 ,196
电子科学与技术,吉林大学,588,591,四川,理科,2014,第一批,加入对比 ,196
化学,吉林大学,588,590,四川,理科,2014,第一批,加入对比 ,196
西班牙语,吉林大学,588,591,四川,文科,2014,第一批,加入对比 ,196
物联网工程,吉林大学,588,590,四川,理科,2014,第一批,加入对比 ,196
工程管理,吉林大学,589,590,四川,理科,2014,第一批,加入对比 ,196
机械工程,吉林大学,589,594,四川,理科,2014,第一批,加入对比 ,196
制药工程,吉林大学,590,591,四川,理科,2014,第一批,加入对比 ,196
电气工程及其自动化,吉林大学,590,591,四川,理科,2014,第一批,加入对比 ,196
能源与动力工程,吉林大学,592,609,四川,理科,2014,第一批,加入对比 ,196
信息管理与信息系统,吉林大学,569,570,重庆,理科,2014,第一批,加入对比 ,197
生物工程,吉林大学,569,569,重庆,理科,2014,第一批,加入对比 ,197
材料成型及控制工程,吉林大学,570,571,重庆,理科,2014,第三批,加入对比 ,197
档案学,吉林大学,570,572,重庆,理科,2014,第一批,加入对比 ,197
计算机科学与技术,吉林大学,570,576,重庆,理科,2014,第一批,加入对比 ,197
物理学,吉林大学,570,576,重庆,理科,2014,第一批,加入对比 ,197
农业机械化及其自动化,吉林大学,571,577,重庆,理科,2014,第一批,加入对比 ,197
制药工程,吉林大学,571,581,重庆,理科,2014,第一批,加入对比 ,197
环境科学,吉林大学,571,571,重庆,理科,2014,第一批,加入对比 ,197
临床药学,吉林大学,571,573,重庆,理科,2014,第一批,加入对比 ,197
材料化学,吉林大学,572,572,重庆,理科,2014,第一批,加入对比 ,197
预防医学,吉林大学,573,577,重庆,理科,2014,第一批,加入对比 ,197
信息工程,吉林大学,573,576,重庆,理科,2014,第一批,加入对比 ,197
会计学,吉林大学,573,573,重庆,理科,2014,第一批,加入对比 ,197
统计学,吉林大学,573,573,重庆,理科,2014,第一批,加入对比 ,197
地质学,吉林大学,574,585,重庆,理科,2014,第一批,加入对比 ,197
电气工程及其自动化,吉林大学,576,577,重庆,理科,2014,第一批,加入对比 ,197
电子科学与技术,吉林大学,577,582,重庆,理科,2014,第一批,加入对比 ,197
工程力学,吉林大学,578,582,重庆,理科,2014,第一批,加入对比 ,197
经济学,吉林大学,579,582,重庆,理科,2014,第一批,加入对比 ,197
数学与应用数学,吉林大学,580,588,重庆,理科,2014,第一批,加入对比 ,197
交通运输,吉林大学,584,588,重庆,理科,2014,第一批,加入对比 ,197
材料科学与工程,吉林大学,586,590,重庆,理科,2014,第一批,加入对比 ,197
车辆工程,吉林大学,588,588,重庆,理科,2014,第三批,加入对比 ,197
政治学与行政学,吉林大学,593,593,重庆,文科,2014,第一批,加入对比 ,197
日语,吉林大学,594,595,重庆,文科,2014,第一批,加入对比 ,197
道路桥梁与渡河工程,吉林大学,594,595,重庆,理科,2014,第一批,加入对比 ,197
政治学类,吉林大学,595,603,重庆,文科,2014,第三批,加入对比 ,197
土木工程,吉林大学,595,599,重庆,理科,2014,第一批,加入对比 ,197
西班牙语,吉林大学,596,596,重庆,文科,2014,第一批,加入对比 ,197
资源勘查工程,吉林大学,596,598,重庆,理科,2014,第一批,加入对比 ,197
法学,吉林大学,599,602,重庆,理科,2014,第一批,加入对比 ,197
哲学,吉林大学,602,604,重庆,文科,2014,第一批,加入对比 ,197
机械工程,吉林大学,602,609,重庆,理科,2014,第一批,加入对比 ,197
能源与动力工程,吉林大学,605,607,重庆,理科,2014,第一批,加入对比 ,197
经济学,吉林大学,608,609,重庆,文科,2014,第一批,加入对比 ,197
法学,吉林大学,615,621,重庆,文科,2014,第一批,加入对比 ,197
微电子科学与工程,吉林大学珠海学院,449,449,重庆,理科,2014,第三批,加入对比 ,197
制药工程,吉林大学珠海学院,451,451,重庆,理科,2014,第三批,加入对比 ,197
园艺,吉林大学,550,555,四川,理科,2014,第二批,加入对比 ,197
生物技术,吉林大学,557,564,四川,理科,2014,第二批,加入对比 ,197
农学,吉林大学,558,560,四川,理科,2014,第二批,加入对比 ,197
农业资源与环境,吉林大学,558,560,四川,理科,2014,第二批,加入对比 ,197
资源勘查工程,吉林大学,565,567,四川,理科,2014,第二批,加入对比 ,197
计算机科学与技术,吉林大学,567,569,四川,理科,2014,第二批,加入对比 ,197
汉语言文学,吉林大学,570,574,四川,文科,2014,第二批,加入对比 ,197
英语,吉林大学,572,577,四川,文科,2014,第一批,加入对比 ,197
电子科学与技术,吉林大学,573,576,四川,理科,2014,第二批,加入对比 ,197
环境科学,吉林大学,574,585,四川,理科,2014,第二批,加入对比 ,197
材料成型及控制工程,吉林大学,577,578,四川,理科,2014,第二批,加入对比 ,197
政治学类,吉林大学,579,580,四川,文科,2014,第一批,加入对比 ,197
历史学,吉林大学,579,579,四川,文科,2014,第一批,加入对比 ,197
政治学与行政学,吉林大学,580,580,四川,文科,2014,第一批,加入对比 ,197
新闻学,吉林大学,580,581,四川,文科,2014,第一批,加入对比 ,197
法学,吉林大学,580,582,四川,文科,2014,第一批,加入对比 ,197
人文教育,吉林大学,580,580,四川,文科,2014,第一批,加入对比 ,197
资源勘查工程,吉林大学,581,582,四川,理科,2014,第一批,加入对比 ,197
生物医学工程,吉林大学,581,581,四川,理科,2014,第一批,加入对比 ,197
食品质量与安全,吉林大学,581,582,四川,理科,2014,第一批,加入对比 ,197
材料物理,吉林大学,581,583,四川,理科,2014,第一批,加入对比 ,197
信息与计算科学,吉林大学,581,582,四川,理科,2014,第一批,加入对比 ,197
测绘工程,吉林大学,581,582,四川,理科,2014,第一批,加入对比 ,197
交通工程,吉林大学,582,583,四川,理科,2014,第一批,加入对比 ,197
地理科学,吉林大学,582,583,四川,理科,2014,第一批,加入对比 ,197
工程力学,吉林大学,582,583,四川,理科,2014,第一批,加入对比 ,197
药物制剂,吉林大学,582,583,四川,理科,2014,第一批,加入对比 ,197
食品科学与工程,吉林大学,582,584,四川,理科,2014,第一批,加入对比 ,197
汽车服务工程,吉林大学,583,584,四川,理科,2014,第一批,加入对比 ,197
材料成型及控制工程,吉林大学,583,584,四川,理科,2014,第一批,加入对比 ,197
农业机械化及其自动化,吉林大学,583,584,四川,理科,2014,第一批,加入对比 ,197
经济学,吉林大学,583,585,四川,文科,2014,第一批,加入对比 ,197
测控技术与仪器,吉林大学,583,585,四川,理科,2014,第一批,加入对比 ,197
微电子科学与工程,吉林大学,583,584,四川,理科,2014,第一批,加入对比 ,197
考古学,吉林大学,584,586,四川,文科,2014,第一批,加入对比 ,197
地质工程,吉林大学,584,586,四川,理科,2014,第一批,加入对比 ,197
电子信息工程,吉林大学,584,585,四川,理科,2014,第一批,加入对比 ,197
生物科学,吉林大学,584,585,四川,理科,2014,第一批,加入对比 ,197
核物理,吉林大学,584,585,四川,理科,2014,第一批,加入对比 ,197
道路桥梁与渡河工程,吉林大学,584,585,四川,理科,2014,第一批,加入对比 ,197
档案学,吉林大学,584,585,四川,理科,2014,第一批,加入对比 ,197
计算机科学与技术,吉林大学,584,586,四川,理科,2014,第一批,加入对比 ,197
信息工程,吉林大学,585,586,四川,理科,2014,第一批,加入对比 ,197
预防医学,吉林大学,585,588,四川,理科,2014,第一批,加入对比 ,197
农业资源与环境,吉林大学,585,594,四川,理科,2014,第一批,加入对比 ,197
信息管理与信息系统,吉林大学,586,594,四川,理科,2014,第一批,加入对比 ,197
生物工程,吉林大学,586,587,四川,理科,2014,第一批,加入对比 ,197
物理学,吉林大学,586,587,四川,理科,2014,第一批,加入对比 ,197
法学,吉林大学,586,587,四川,理科,2014,第一批,加入对比 ,197
地质学,吉林大学,587,590,四川,理科,2014,第一批,加入对比 ,197
通信工程,吉林大学,587,593,四川,理科,2014,第一批,加入对比 ,197
放射医学,吉林大学,587,590,四川,理科,2014,第一批,加入对比 ,197
电子科学与技术,吉林大学,588,591,四川,理科,2014,第一批,加入对比 ,197
化学,吉林大学,588,590,四川,理科,2014,第一批,加入对比 ,197
西班牙语,吉林大学,588,591,四川,文科,2014,第一批,加入对比 ,197
物联网工程,吉林大学,588,590,四川,理科,2014,第一批,加入对比 ,197
工程管理,吉林大学,589,590,四川,理科,2014,第一批,加入对比 ,197
机械工程,吉林大学,589,594,四川,理科,2014,第一批,加入对比 ,197
制药工程,吉林大学,590,591,四川,理科,2014,第一批,加入对比 ,197
电气工程及其自动化,吉林大学,590,591,四川,理科,2014,第一批,加入对比 ,197
能源与动力工程,吉林大学,592,609,四川,理科,2014,第一批,加入对比 ,197
日语,吉林大学,594,595,重庆,文科,2014,第一批,加入对比 ,198
道路桥梁与渡河工程,吉林大学,594,595,重庆,理科,2014,第一批,加入对比 ,198
政治学类,吉林大学,595,603,重庆,文科,2014,第三批,加入对比 ,198
土木工程,吉林大学,595,599,重庆,理科,2014,第一批,加入对比 ,198
西班牙语,吉林大学,596,596,重庆,文科,2014,第一批,加入对比 ,198
资源勘查工程,吉林大学,596,598,重庆,理科,2014,第一批,加入对比 ,198
法学,吉林大学,599,602,重庆,理科,2014,第一批,加入对比 ,198
哲学,吉林大学,602,604,重庆,文科,2014,第一批,加入对比 ,198
机械工程,吉林大学,602,609,重庆,理科,2014,第一批,加入对比 ,198
能源与动力工程,吉林大学,605,607,重庆,理科,2014,第一批,加入对比 ,198
经济学,吉林大学,608,609,重庆,文科,2014,第一批,加入对比 ,198
法学,吉林大学,615,621,重庆,文科,2014,第一批,加入对比 ,198
微电子科学与工程,吉林大学珠海学院,449,449,重庆,理科,2014,第三批,加入对比 ,198
制药工程,吉林大学珠海学院,451,451,重庆,理科,2014,第三批,加入对比 ,198
园艺,吉林大学,550,555,四川,理科,2014,第二批,加入对比 ,198
生物技术,吉林大学,557,564,四川,理科,2014,第二批,加入对比 ,198
农学,吉林大学,558,560,四川,理科,2014,第二批,加入对比 ,198
农业资源与环境,吉林大学,558,560,四川,理科,2014,第二批,加入对比 ,198
资源勘查工程,吉林大学,565,567,四川,理科,2014,第二批,加入对比 ,198
计算机科学与技术,吉林大学,567,569,四川,理科,2014,第二批,加入对比 ,198
汉语言文学,吉林大学,570,574,四川,文科,2014,第二批,加入对比 ,198
英语,吉林大学,572,577,四川,文科,2014,第一批,加入对比 ,198
电子科学与技术,吉林大学,573,576,四川,理科,2014,第二批,加入对比 ,198
环境科学,吉林大学,574,585,四川,理科,2014,第二批,加入对比 ,198
材料成型及控制工程,吉林大学,577,578,四川,理科,2014,第二批,加入对比 ,198
政治学类,吉林大学,579,580,四川,文科,2014,第一批,加入对比 ,198
历史学,吉林大学,579,579,四川,文科,2014,第一批,加入对比 ,198
政治学与行政学,吉林大学,580,580,四川,文科,2014,第一批,加入对比 ,198
新闻学,吉林大学,580,581,四川,文科,2014,第一批,加入对比 ,198
法学,吉林大学,580,582,四川,文科,2014,第一批,加入对比 ,198
人文教育,吉林大学,580,580,四川,文科,2014,第一批,加入对比 ,198
资源勘查工程,吉林大学,581,582,四川,理科,2014,第一批,加入对比 ,198
生物医学工程,吉林大学,581,581,四川,理科,2014,第一批,加入对比 ,198
食品质量与安全,吉林大学,581,582,四川,理科,2014,第一批,加入对比 ,198
材料物理,吉林大学,581,583,四川,理科,2014,第一批,加入对比 ,198
信息与计算科学,吉林大学,581,582,四川,理科,2014,第一批,加入对比 ,198
测绘工程,吉林大学,581,582,四川,理科,2014,第一批,加入对比 ,198
交通工程,吉林大学,582,583,四川,理科,2014,第一批,加入对比 ,198
地理科学,吉林大学,582,583,四川,理科,2014,第一批,加入对比 ,198
工程力学,吉林大学,582,583,四川,理科,2014,第一批,加入对比 ,198
药物制剂,吉林大学,582,583,四川,理科,2014,第一批,加入对比 ,198
食品科学与工程,吉林大学,582,584,四川,理科,2014,第一批,加入对比 ,198
汽车服务工程,吉林大学,583,584,四川,理科,2014,第一批,加入对比 ,198
材料成型及控制工程,吉林大学,583,584,四川,理科,2014,第一批,加入对比 ,198
农业机械化及其自动化,吉林大学,583,584,四川,理科,2014,第一批,加入对比 ,198
经济学,吉林大学,583,585,四川,文科,2014,第一批,加入对比 ,198
测控技术与仪器,吉林大学,583,585,四川,理科,2014,第一批,加入对比 ,198
微电子科学与工程,吉林大学,583,584,四川,理科,2014,第一批,加入对比 ,198
考古学,吉林大学,584,586,四川,文科,2014,第一批,加入对比 ,198
地质工程,吉林大学,584,586,四川,理科,2014,第一批,加入对比 ,198
电子信息工程,吉林大学,584,585,四川,理科,2014,第一批,加入对比 ,198
生物科学,吉林大学,584,585,四川,理科,2014,第一批,加入对比 ,198
核物理,吉林大学,584,585,四川,理科,2014,第一批,加入对比 ,198
道路桥梁与渡河工程,吉林大学,584,585,四川,理科,2014,第一批,加入对比 ,198
档案学,吉林大学,584,585,四川,理科,2014,第一批,加入对比 ,198
计算机科学与技术,吉林大学,584,586,四川,理科,2014,第一批,加入对比 ,198
信息工程,吉林大学,585,586,四川,理科,2014,第一批,加入对比 ,198
预防医学,吉林大学,585,588,四川,理科,2014,第一批,加入对比 ,198
农业资源与环境,吉林大学,585,594,四川,理科,2014,第一批,加入对比 ,198
信息管理与信息系统,吉林大学,586,594,四川,理科,2014,第一批,加入对比 ,198
生物工程,吉林大学,586,587,四川,理科,2014,第一批,加入对比 ,198
物理学,吉林大学,586,587,四川,理科,2014,第一批,加入对比 ,198
法学,吉林大学,586,587,四川,理科,2014,第一批,加入对比 ,198
地质学,吉林大学,587,590,四川,理科,2014,第一批,加入对比 ,198
通信工程,吉林大学,587,593,四川,理科,2014,第一批,加入对比 ,198
放射医学,吉林大学,587,590,四川,理科,2014,第一批,加入对比 ,198
电子科学与技术,吉林大学,588,591,四川,理科,2014,第一批,加入对比 ,198
化学,吉林大学,588,590,四川,理科,2014,第一批,加入对比 ,198
西班牙语,吉林大学,588,591,四川,文科,2014,第一批,加入对比 ,198
物联网工程,吉林大学,588,590,四川,理科,2014,第一批,加入对比 ,198
工程管理,吉林大学,589,590,四川,理科,2014,第一批,加入对比 ,198
机械工程,吉林大学,589,594,四川,理科,2014,第一批,加入对比 ,198
制药工程,吉林大学,590,591,四川,理科,2014,第一批,加入对比 ,198
电气工程及其自动化,吉林大学,590,591,四川,理科,2014,第一批,加入对比 ,198
能源与动力工程,吉林大学,592,609,四川,理科,2014,第一批,加入对比 ,198
政治学类,吉林大学,579,580,四川,文科,2014,第一批,加入对比 ,199
历史学,吉林大学,579,579,四川,文科,2014,第一批,加入对比 ,199
政治学与行政学,吉林大学,580,580,四川,文科,2014,第一批,加入对比 ,199
新闻学,吉林大学,580,581,四川,文科,2014,第一批,加入对比 ,199
法学,吉林大学,580,582,四川,文科,2014,第一批,加入对比 ,199
人文教育,吉林大学,580,580,四川,文科,2014,第一批,加入对比 ,199
资源勘查工程,吉林大学,581,582,四川,理科,2014,第一批,加入对比 ,199
生物医学工程,吉林大学,581,581,四川,理科,2014,第一批,加入对比 ,199
食品质量与安全,吉林大学,581,582,四川,理科,2014,第一批,加入对比 ,199
材料物理,吉林大学,581,583,四川,理科,2014,第一批,加入对比 ,199
信息与计算科学,吉林大学,581,582,四川,理科,2014,第一批,加入对比 ,199
测绘工程,吉林大学,581,582,四川,理科,2014,第一批,加入对比 ,199
交通工程,吉林大学,582,583,四川,理科,2014,第一批,加入对比 ,199
地理科学,吉林大学,582,583,四川,理科,2014,第一批,加入对比 ,199
工程力学,吉林大学,582,583,四川,理科,2014,第一批,加入对比 ,199
药物制剂,吉林大学,582,583,四川,理科,2014,第一批,加入对比 ,199
食品科学与工程,吉林大学,582,584,四川,理科,2014,第一批,加入对比 ,199
汽车服务工程,吉林大学,583,584,四川,理科,2014,第一批,加入对比 ,199
材料成型及控制工程,吉林大学,583,584,四川,理科,2014,第一批,加入对比 ,199
农业机械化及其自动化,吉林大学,583,584,四川,理科,2014,第一批,加入对比 ,199
经济学,吉林大学,583,585,四川,文科,2014,第一批,加入对比 ,199
测控技术与仪器,吉林大学,583,585,四川,理科,2014,第一批,加入对比 ,199
微电子科学与工程,吉林大学,583,584,四川,理科,2014,第一批,加入对比 ,199
考古学,吉林大学,584,586,四川,文科,2014,第一批,加入对比 ,199
地质工程,吉林大学,584,586,四川,理科,2014,第一批,加入对比 ,199
电子信息工程,吉林大学,584,585,四川,理科,2014,第一批,加入对比 ,199
生物科学,吉林大学,584,585,四川,理科,2014,第一批,加入对比 ,199
核物理,吉林大学,584,585,四川,理科,2014,第一批,加入对比 ,199
道路桥梁与渡河工程,吉林大学,584,585,四川,理科,2014,第一批,加入对比 ,199
档案学,吉林大学,584,585,四川,理科,2014,第一批,加入对比 ,199
计算机科学与技术,吉林大学,584,586,四川,理科,2014,第一批,加入对比 ,199
信息工程,吉林大学,585,586,四川,理科,2014,第一批,加入对比 ,199
预防医学,吉林大学,585,588,四川,理科,2014,第一批,加入对比 ,199
农业资源与环境,吉林大学,585,594,四川,理科,2014,第一批,加入对比 ,199
信息管理与信息系统,吉林大学,586,594,四川,理科,2014,第一批,加入对比 ,199
生物工程,吉林大学,586,587,四川,理科,2014,第一批,加入对比 ,199
物理学,吉林大学,586,587,四川,理科,2014,第一批,加入对比 ,199
法学,吉林大学,586,587,四川,理科,2014,第一批,加入对比 ,199
地质学,吉林大学,587,590,四川,理科,2014,第一批,加入对比 ,199
通信工程,吉林大学,587,593,四川,理科,2014,第一批,加入对比 ,199
放射医学,吉林大学,587,590,四川,理科,2014,第一批,加入对比 ,199
电子科学与技术,吉林大学,588,591,四川,理科,2014,第一批,加入对比 ,199
化学,吉林大学,588,590,四川,理科,2014,第一批,加入对比 ,199
西班牙语,吉林大学,588,591,四川,文科,2014,第一批,加入对比 ,199
物联网工程,吉林大学,588,590,四川,理科,2014,第一批,加入对比 ,199
工程管理,吉林大学,589,590,四川,理科,2014,第一批,加入对比 ,199
机械工程,吉林大学,589,594,四川,理科,2014,第一批,加入对比 ,199
制药工程,吉林大学,590,591,四川,理科,2014,第一批,加入对比 ,199
电气工程及其自动化,吉林大学,590,591,四川,理科,2014,第一批,加入对比 ,199
能源与动力工程,吉林大学,592,609,四川,理科,2014,第一批,加入对比 ,199
电子信息工程,吉林大学,584,585,四川,理科,2014,第一批,加入对比 ,200
生物科学,吉林大学,584,585,四川,理科,2014,第一批,加入对比 ,200
核物理,吉林大学,584,585,四川,理科,2014,第一批,加入对比 ,200
道路桥梁与渡河工程,吉林大学,584,585,四川,理科,2014,第一批,加入对比 ,200
档案学,吉林大学,584,585,四川,理科,2014,第一批,加入对比 ,200
计算机科学与技术,吉林大学,584,586,四川,理科,2014,第一批,加入对比 ,200
信息工程,吉林大学,585,586,四川,理科,2014,第一批,加入对比 ,200
预防医学,吉林大学,585,588,四川,理科,2014,第一批,加入对比 ,200
农业资源与环境,吉林大学,585,594,四川,理科,2014,第一批,加入对比 ,200
信息管理与信息系统,吉林大学,586,594,四川,理科,2014,第一批,加入对比 ,200
生物工程,吉林大学,586,587,四川,理科,2014,第一批,加入对比 ,200
物理学,吉林大学,586,587,四川,理科,2014,第一批,加入对比 ,200
法学,吉林大学,586,587,四川,理科,2014,第一批,加入对比 ,200
地质学,吉林大学,587,590,四川,理科,2014,第一批,加入对比 ,200
通信工程,吉林大学,587,593,四川,理科,2014,第一批,加入对比 ,200
放射医学,吉林大学,587,590,四川,理科,2014,第一批,加入对比 ,200
电子科学与技术,吉林大学,588,591,四川,理科,2014,第一批,加入对比 ,200
化学,吉林大学,588,590,四川,理科,2014,第一批,加入对比 ,200
西班牙语,吉林大学,588,591,四川,文科,2014,第一批,加入对比 ,200
物联网工程,吉林大学,588,590,四川,理科,2014,第一批,加入对比 ,200
工程管理,吉林大学,589,590,四川,理科,2014,第一批,加入对比 ,200
机械工程,吉林大学,589,594,四川,理科,2014,第一批,加入对比 ,200
制药工程,吉林大学,590,591,四川,理科,2014,第一批,加入对比 ,200
电气工程及其自动化,吉林大学,590,591,四川,理科,2014,第一批,加入对比 ,200
能源与动力工程,吉林大学,592,609,四川,理科,2014,第一批,加入对比 ,200
土木工程,吉林大学,593,598,四川,理科,2014,第一批,加入对比 ,201
临床药学,吉林大学,594,597,四川,理科,2014,第一批,加入对比 ,201
高分子材料与工程,吉林大学,594,594,四川,理科,2014,第一批,加入对比 ,201
统计学,吉林大学,594,597,四川,理科,2014,第一批,加入对比 ,201
数学与应用数学,吉林大学,594,601,四川,理科,2014,第一批,加入对比 ,201
金融学,吉林大学,598,609,四川,理科,2014,第一批,加入对比 ,201
工商管理,吉林大学,599,614,四川,理科,2014,第一批,加入对比 ,201
会计学,吉林大学,601,602,四川,理科,2014,第一批,加入对比 ,201
车辆工程,吉林大学,615,617,四川,理科,2014,第一批,加入对比 ,201
汽车服务工程,吉林大学珠海学院,480,480,四川,理科,2014,第二批,加入对比 ,201
会计学,吉林大学珠海学院,507,507,四川,文科,2014,第二批,加入对比 ,201
农业资源与环境,吉林大学,558,564,陕西,理科,2014,第一批,加入对比 ,201
农学,吉林大学,565,576,陕西,理科,2014,第一批,加入对比 ,201
动物科学,吉林大学,581,616,陕西,理科,2014,第一批,加入对比 ,201
土木工程,吉林大学,582,607,陕西,理科,2014,第一批,加入对比 ,201
地质工程,吉林大学,584,605,陕西,理科,2014,第一批,加入对比 ,201
计算机科学与技术,吉林大学,592,601,陕西,理科,2014,第一批,加入对比 ,201
机械工程,吉林大学,592,609,陕西,理科,2014,第一批,加入对比 ,201
法学,吉林大学,593,625,陕西,文科,2014,第一批,加入对比 ,201
包装工程,吉林大学,593,594,陕西,理科,2014,第一批,加入对比 ,201
勘查技术与工程,吉林大学,593,594,陕西,理科,2014,第一批,加入对比 ,201
环境科学,吉林大学,594,594,陕西,理科,2014,第一批,加入对比 ,201
测绘工程,吉林大学,594,597,陕西,理科,2014,第一批,加入对比 ,201
交通工程,吉林大学,594,596,陕西,理科,2014,第一批,加入对比 ,201
物理学类,吉林大学,595,596,陕西,理科,2014,第一批,加入对比 ,201
资源勘查工程,吉林大学,595,601,陕西,理科,2014,第一批,加入对比 ,202
通信工程,吉林大学,595,604,陕西,理科,2014,第一批,加入对比 ,202
广告学,吉林大学,596,599,陕西,理科,2014,第一批,加入对比 ,202
物流工程,吉林大学,596,597,陕西,理科,2014,第一批,加入对比 ,202
电子科学与技术,吉林大学,596,597,陕西,理科,2014,第一批,加入对比 ,202
材料科学与工程,吉林大学,597,599,陕西,理科,2014,第一批,加入对比 ,202
档案学,吉林大学,597,600,陕西,理科,2014,第一批,加入对比 ,202
工商管理,吉林大学,598,599,陕西,理科,2014,第一批,加入对比 ,202
交通运输,吉林大学,598,603,陕西,理科,2014,第一批,加入对比 ,202
材料物理,吉林大学,598,600,陕西,理科,2014,第一批,加入对比 ,202
工程管理,吉林大学,598,599,陕西,理科,2014,第一批,加入对比 ,202
测控技术与仪器,吉林大学,598,604,陕西,理科,2014,第一批,加入对比 ,202
制药工程,吉林大学,599,606,陕西,理科,2014,第一批,加入对比 ,202
英语,吉林大学,600,602,陕西,理科,2014,第一批,加入对比 ,202
信息与计算科学,吉林大学,600,611,陕西,理科,2014,第一批,加入对比 ,202
地质学,吉林大学,601,606,陕西,理科,2014,第一批,加入对比 ,202
光电信息科学与工程,吉林大学,601,601,陕西,理科,2014,第一批,加入对比 ,202
工业工程,吉林大学,601,604,陕西,理科,2014,第一批,加入对比 ,202
道路桥梁与渡河工程,吉林大学,601,604,陕西,理科,2014,第一批,加入对比 ,202
电气工程及其自动化,吉林大学,601,605,陕西,理科,2014,第一批,加入对比 ,202
临床药学,吉林大学,602,604,陕西,理科,2014,第一批,加入对比 ,202
电子信息工程,吉林大学,603,612,陕西,理科,2014,第一批,加入对比 ,202
自动化,吉林大学,603,605,陕西,理科,2014,第一批,加入对比 ,202
应用物理学,吉林大学,603,609,陕西,理科,2014,第一批,加入对比 ,202
统计学,吉林大学,605,617,陕西,理科,2014,第一批,加入对比 ,202
生物技术,吉林大学,606,622,陕西,理科,2014,第一批,加入对比 ,202
法学,吉林大学,607,609,陕西,理科,2014,第一批,加入对比 ,202
微电子科学与工程,吉林大学,607,608,陕西,理科,2014,第一批,加入对比 ,202
预防医学,吉林大学,607,608,陕西,理科,2014,第一批,加入对比 ,202
物联网工程,吉林大学,607,608,陕西,理科,2014,第一批,加入对比 ,202
俄语,吉林大学,608,608,陕西,文科,2014,第一批,加入对比 ,202
能源与动力工程,吉林大学,609,612,陕西,理科,2014,第一批,加入对比 ,202
汉语言文学,吉林大学,609,612,陕西,文科,2014,第一批,加入对比 ,202
社会学,吉林大学,610,612,陕西,文科,2014,第一批,加入对比 ,202
政治学类,吉林大学,610,612,陕西,文科,2014,第一批,加入对比 ,202
化学,吉林大学,612,613,陕西,理科,2014,第一批,加入对比 ,202
文物与博物馆学,吉林大学,612,615,陕西,文科,2014,第一批,加入对比 ,202
考古学,吉林大学,612,619,陕西,文科,2014,第一批,加入对比 ,202
朝鲜语,吉林大学,613,613,陕西,文科,2014,第一批,加入对比 ,202
西班牙语,吉林大学,613,614,陕西,文科,2014,第一批,加入对比 ,202
金融学,吉林大学,615,615,陕西,文科,2014,第一批,加入对比 ,202
车辆工程,吉林大学,622,636,陕西,理科,2014,第一批,加入对比 ,202
微电子科学与工程,吉林大学珠海学院,440,442,陕西,理科,2014,第三批,加入对比 ,202
动物科学,吉林大学,538,549,甘肃,理科,2014,第一批,加入对比 ,202
园艺,吉林大学,539,540,甘肃,理科,2014,第一批,加入对比 ,202
农业资源与环境,吉林大学,546,557,甘肃,理科,2014,第一批,加入对比 ,202
农学,吉林大学,550,566,甘肃,理科,2014,第一批,加入对比 ,202
政治学类,吉林大学,558,559,甘肃,文科,2014,第一批,加入对比 ,202
政治学与行政学,吉林大学,559,559,甘肃,文科,2014,第一批,加入对比 ,202
生物技术,吉林大学,566,576,甘肃,理科,2014,第一批,加入对比 ,202
生物技术,吉林大学,606,622,陕西,理科,2014,第一批,加入对比 ,203
法学,吉林大学,607,609,陕西,理科,2014,第一批,加入对比 ,203
微电子科学与工程,吉林大学,607,608,陕西,理科,2014,第一批,加入对比 ,203
预防医学,吉林大学,607,608,陕西,理科,2014,第一批,加入对比 ,203
物联网工程,吉林大学,607,608,陕西,理科,2014,第一批,加入对比 ,203
俄语,吉林大学,608,608,陕西,文科,2014,第一批,加入对比 ,203
能源与动力工程,吉林大学,609,612,陕西,理科,2014,第一批,加入对比 ,203
汉语言文学,吉林大学,609,612,陕西,文科,2014,第一批,加入对比 ,203
社会学,吉林大学,610,612,陕西,文科,2014,第一批,加入对比 ,203
政治学类,吉林大学,610,612,陕西,文科,2014,第一批,加入对比 ,203
化学,吉林大学,612,613,陕西,理科,2014,第一批,加入对比 ,203
文物与博物馆学,吉林大学,612,615,陕西,文科,2014,第一批,加入对比 ,203
考古学,吉林大学,612,619,陕西,文科,2014,第一批,加入对比 ,203
朝鲜语,吉林大学,613,613,陕西,文科,2014,第一批,加入对比 ,203
西班牙语,吉林大学,613,614,陕西,文科,2014,第一批,加入对比 ,203
金融学,吉林大学,615,615,陕西,文科,2014,第一批,加入对比 ,203
车辆工程,吉林大学,622,636,陕西,理科,2014,第一批,加入对比 ,203
微电子科学与工程,吉林大学珠海学院,440,442,陕西,理科,2014,第三批,加入对比 ,203
动物科学,吉林大学,538,549,甘肃,理科,2014,第一批,加入对比 ,203
园艺,吉林大学,539,540,甘肃,理科,2014,第一批,加入对比 ,203
农业资源与环境,吉林大学,546,557,甘肃,理科,2014,第一批,加入对比 ,203
农学,吉林大学,550,566,甘肃,理科,2014,第一批,加入对比 ,203
政治学类,吉林大学,558,559,甘肃,文科,2014,第一批,加入对比 ,203
政治学与行政学,吉林大学,559,559,甘肃,文科,2014,第一批,加入对比 ,203
生物技术,吉林大学,566,576,甘肃,理科,2014,第一批,加入对比 ,203
资源勘查工程,吉林大学,572,576,甘肃,理科,2014,第一批,加入对比 ,203
英语,吉林大学,573,582,甘肃,文科,2014,第一批,加入对比 ,203
地质工程,吉林大学,573,581,甘肃,理科,2014,第一批,加入对比 ,203
食品科学与工程,吉林大学,575,597,甘肃,理科,2014,第一批,加入对比 ,203
地下水科学与工程,吉林大学,576,578,甘肃,理科,2014,第一批,加入对比 ,203
法学,吉林大学,576,578,甘肃,理科,2014,第一批,加入对比 ,203
地理信息科学,吉林大学,577,578,甘肃,理科,2014,第一批,加入对比 ,203
地理科学,吉林大学,578,580,甘肃,理科,2014,第一批,加入对比 ,203
水文与水资源工程,吉林大学,578,586,甘肃,理科,2014,第一批,加入对比 ,203
机械工程,吉林大学,578,582,甘肃,理科,2014,第一批,加入对比 ,203
计算机科学与技术,吉林大学,579,599,甘肃,理科,2014,第一批,加入对比 ,203
地质学,吉林大学,580,581,甘肃,理科,2014,第一批,加入对比 ,203
信息管理与信息系统,吉林大学,580,583,甘肃,理科,2014,第一批,加入对比 ,203
俄语,吉林大学,581,585,甘肃,文科,2014,第一批,加入对比 ,203
通信工程,吉林大学,581,601,甘肃,理科,2014,第一批,加入对比 ,203
软件工程,吉林大学,581,584,甘肃,理科,2014,第一批,加入对比 ,203
法学,吉林大学,583,598,甘肃,文科,2014,第一批,加入对比 ,203
物理学,吉林大学,586,587,甘肃,理科,2014,第一批,加入对比 ,203
工业工程,吉林大学,588,592,甘肃,理科,2014,第一批,加入对比 ,203
无机非金属材料工程,吉林大学,589,598,甘肃,理科,2014,第一批,加入对比 ,203
信息与计算科学,吉林大学,591,592,甘肃,理科,2014,第一批,加入对比 ,203
微电子科学与工程,吉林大学,591,592,甘肃,理科,2014,第一批,加入对比 ,203
光电信息科学与工程,吉林大学,592,600,甘肃,理科,2014,第一批,加入对比 ,203
考古学,吉林大学,594,595,甘肃,文科,2014,第一批,加入对比 ,203
道路桥梁与渡河工程,吉林大学,594,604,甘肃,理科,2014,第一批,加入对比 ,203
放射医学,吉林大学,594,599,甘肃,理科,2014,第一批,加入对比 ,203
金融学,吉林大学,597,600,甘肃,理科,2014,第一批,加入对比 ,203
电气工程及其自动化,吉林大学,598,603,甘肃,理科,2014,第一批,加入对比 ,203
交通运输,吉林大学,603,616,甘肃,理科,2014,第一批,加入对比 ,203
土木工程,吉林大学,603,605,甘肃,理科,2014,第一批,加入对比 ,203
能源与动力工程,吉林大学,620,620,甘肃,理科,2014,第一批,加入对比 ,203
机械设计制造及其自动化,吉林大学珠海学院,443,448,甘肃,理科,2014,第三批,加入对比 ,203
会计学,吉林大学珠海学院,447,458,甘肃,理科,2014,第三批,加入对比 ,203
法学,吉林大学,575,575,河北,文科,2014,提前批,加入对比 ,203
汉语言文学,吉林大学,579,581,河北,文科,2014,提前批,加入对比 ,203
电子信息工程,吉林大学,584,603,河北,理科,2014,提前批,加入对比 ,203
农林经济管理,吉林大学,594,610,河北,文科,2014,第一批,加入对比 ,203
政治学类,吉林大学,607,609,河北,文科,2014,第一批,加入对比 ,203
广告学,吉林大学,610,612,河北,文科,2014,第一批,加入对比 ,203
文物与博物馆学,吉林大学,611,611,河北,文科,2014,第一批,加入对比 ,203
俄语,吉林大学,611,612,河北,文科,2014,第一批,加入对比 ,203
人文教育,吉林大学,613,613,河北,文科,2014,第一批,加入对比 ,203
法学,吉林大学,614,616,河北,文科,2014,第一批,加入对比 ,203
农业资源与环境,吉林大学,615,632,河北,理科,2014,第一批,加入对比 ,203
日语,吉林大学,615,618,河北,文科,2014,第一批,加入对比 ,203
外交学,吉林大学,616,617,河北,文科,2014,第一批,加入对比 ,203
金融学,吉林大学,619,620,河北,文科,2014,第一批,加入对比 ,203
经济学,吉林大学,619,620,河北,文科,2014,第一批,加入对比 ,203
生物技术,吉林大学,627,635,河北,理科,2014,第一批,加入对比 ,203
通信工程,吉林大学,627,632,河北,理科,2014,提前批,加入对比 ,203
资源勘查工程,吉林大学,572,576,甘肃,理科,2014,第一批,加入对比 ,204
英语,吉林大学,573,582,甘肃,文科,2014,第一批,加入对比 ,204
地质工程,吉林大学,573,581,甘肃,理科,2014,第一批,加入对比 ,204
食品科学与工程,吉林大学,575,597,甘肃,理科,2014,第一批,加入对比 ,204
地下水科学与工程,吉林大学,576,578,甘肃,理科,2014,第一批,加入对比 ,204
法学,吉林大学,576,578,甘肃,理科,2014,第一批,加入对比 ,204
地理信息科学,吉林大学,577,578,甘肃,理科,2014,第一批,加入对比 ,204
地理科学,吉林大学,578,580,甘肃,理科,2014,第一批,加入对比 ,204
水文与水资源工程,吉林大学,578,586,甘肃,理科,2014,第一批,加入对比 ,204
机械工程,吉林大学,578,582,甘肃,理科,2014,第一批,加入对比 ,204
计算机科学与技术,吉林大学,579,599,甘肃,理科,2014,第一批,加入对比 ,204
地质学,吉林大学,580,581,甘肃,理科,2014,第一批,加入对比 ,204
信息管理与信息系统,吉林大学,580,583,甘肃,理科,2014,第一批,加入对比 ,204
俄语,吉林大学,581,585,甘肃,文科,2014,第一批,加入对比 ,204
通信工程,吉林大学,581,601,甘肃,理科,2014,第一批,加入对比 ,204
软件工程,吉林大学,581,584,甘肃,理科,2014,第一批,加入对比 ,204
法学,吉林大学,583,598,甘肃,文科,2014,第一批,加入对比 ,204
物理学,吉林大学,586,587,甘肃,理科,2014,第一批,加入对比 ,204
工业工程,吉林大学,588,592,甘肃,理科,2014,第一批,加入对比 ,204
无机非金属材料工程,吉林大学,589,598,甘肃,理科,2014,第一批,加入对比 ,204
信息与计算科学,吉林大学,591,592,甘肃,理科,2014,第一批,加入对比 ,204
微电子科学与工程,吉林大学,591,592,甘肃,理科,2014,第一批,加入对比 ,204
光电信息科学与工程,吉林大学,592,600,甘肃,理科,2014,第一批,加入对比 ,204
考古学,吉林大学,594,595,甘肃,文科,2014,第一批,加入对比 ,204
道路桥梁与渡河工程,吉林大学,594,604,甘肃,理科,2014,第一批,加入对比 ,204
放射医学,吉林大学,594,599,甘肃,理科,2014,第一批,加入对比 ,204
金融学,吉林大学,597,600,甘肃,理科,2014,第一批,加入对比 ,204
电气工程及其自动化,吉林大学,598,603,甘肃,理科,2014,第一批,加入对比 ,204
交通运输,吉林大学,603,616,甘肃,理科,2014,第一批,加入对比 ,204
土木工程,吉林大学,603,605,甘肃,理科,2014,第一批,加入对比 ,204
能源与动力工程,吉林大学,620,620,甘肃,理科,2014,第一批,加入对比 ,204
机械设计制造及其自动化,吉林大学珠海学院,443,448,甘肃,理科,2014,第三批,加入对比 ,204
会计学,吉林大学珠海学院,447,458,甘肃,理科,2014,第三批,加入对比 ,204
法学,吉林大学,575,575,河北,文科,2014,提前批,加入对比 ,204
汉语言文学,吉林大学,579,581,河北,文科,2014,提前批,加入对比 ,204
电子信息工程,吉林大学,584,603,河北,理科,2014,提前批,加入对比 ,204
农林经济管理,吉林大学,594,610,河北,文科,2014,第一批,加入对比 ,204
政治学类,吉林大学,607,609,河北,文科,2014,第一批,加入对比 ,204
广告学,吉林大学,610,612,河北,文科,2014,第一批,加入对比 ,204
文物与博物馆学,吉林大学,611,611,河北,文科,2014,第一批,加入对比 ,204
俄语,吉林大学,611,612,河北,文科,2014,第一批,加入对比 ,204
人文教育,吉林大学,613,613,河北,文科,2014,第一批,加入对比 ,204
法学,吉林大学,614,616,河北,文科,2014,第一批,加入对比 ,204
农业资源与环境,吉林大学,615,632,河北,理科,2014,第一批,加入对比 ,204
日语,吉林大学,615,618,河北,文科,2014,第一批,加入对比 ,204
外交学,吉林大学,616,617,河北,文科,2014,第一批,加入对比 ,204
金融学,吉林大学,619,620,河北,文科,2014,第一批,加入对比 ,204
经济学,吉林大学,619,620,河北,文科,2014,第一批,加入对比 ,204
生物技术,吉林大学,627,635,河北,理科,2014,第一批,加入对比 ,204
通信工程,吉林大学,627,632,河北,理科,2014,提前批,加入对比 ,204
电子科学与技术,吉林大学,627,630,河北,理科,2014,提前批,加入对比 ,204
生物医学工程,吉林大学,630,639,河北,理科,2014,第一批,加入对比 ,204
农学,吉林大学,632,632,河北,理科,2014,第一批,加入对比 ,204
园艺,吉林大学,632,632,河北,理科,2014,第一批,加入对比 ,204
环境工程,吉林大学,633,635,河北,理科,2014,第一批,加入对比 ,204
信息与计算科学,吉林大学,633,639,河北,理科,2014,第一批,加入对比 ,204
地质学,吉林大学,633,633,河北,理科,2014,第一批,加入对比 ,204
服装设计与工程,吉林大学,633,634,河北,理科,2014,第一批,加入对比 ,204
地理科学,吉林大学,633,633,河北,理科,2014,第一批,加入对比 ,204
道路桥梁与渡河工程,吉林大学,633,635,河北,理科,2014,第一批,加入对比 ,204
测控技术与仪器,吉林大学,633,635,河北,理科,2014,第一批,加入对比 ,204
预防医学,吉林大学,633,635,河北,理科,2014,第一批,加入对比 ,204
水文与水资源工程,吉林大学,634,635,河北,理科,2014,第一批,加入对比 ,204
汽车服务工程,吉林大学,634,634,河北,理科,2014,第一批,加入对比 ,204
交通工程,吉林大学,634,635,河北,理科,2014,第一批,加入对比 ,204
土地资源管理,吉林大学,634,634,河北,理科,2014,第一批,加入对比 ,204
地质工程,吉林大学,634,636,河北,理科,2014,第一批,加入对比 ,204
资源勘查工程,吉林大学,634,636,河北,理科,2014,第一批,加入对比 ,204
地球物理学,吉林大学,634,635,河北,理科,2014,第一批,加入对比 ,204
档案学,吉林大学,634,636,河北,理科,2014,第一批,加入对比 ,204
食品质量与安全,吉林大学,634,637,河北,理科,2014,第一批,加入对比 ,204
药物制剂,吉林大学,635,636,河北,理科,2014,第一批,加入对比 ,204
物流工程,吉林大学,635,635,河北,理科,2014,第一批,加入对比 ,204
数学与应用数学,吉林大学,635,638,河北,理科,2014,第一批,加入对比 ,204
放射医学,吉林大学,635,636,河北,理科,2014,第一批,加入对比 ,204
制药工程,吉林大学,636,639,河北,理科,2014,第一批,加入对比 ,204
信息管理与信息系统,吉林大学,636,639,河北,理科,2014,第一批,加入对比 ,204
电子信息工程,吉林大学,636,637,河北,理科,2014,第一批,加入对比 ,204
交通运输,吉林大学,637,642,河北,理科,2014,第一批,加入对比 ,204
信息工程,吉林大学,637,642,河北,理科,2014,第一批,加入对比 ,204
光电信息科学与工程,吉林大学,637,640,河北,理科,2014,第一批,加入对比 ,204
材料成型及控制工程,吉林大学,637,638,河北,理科,2014,第一批,加入对比 ,204
生物工程,吉林大学,637,638,河北,理科,2014,第一批,加入对比 ,204
核物理,吉林大学,638,640,河北,理科,2014,第一批,加入对比 ,204
物联网工程,吉林大学,638,644,河北,理科,2014,第一批,加入对比 ,204
工程力学,吉林大学,638,641,河北,理科,2014,第一批,加入对比 ,204
计算机科学与技术,吉林大学,638,652,河北,理科,2014,第一批,加入对比 ,204
应用化学,吉林大学,638,639,河北,理科,2014,第一批,加入对比 ,204
统计学,吉林大学,638,640,河北,理科,2014,第一批,加入对比 ,204
土木工程,吉林大学,638,640,河北,理科,2014,第一批,加入对比 ,204
微电子科学与工程,吉林大学,639,643,河北,理科,2014,第一批,加入对比 ,204
高分子材料与工程,吉林大学,640,640,河北,理科,2014,第一批,加入对比 ,204
材料物理,吉林大学,640,641,河北,理科,2014,第一批,加入对比 ,204
工商管理,吉林大学,640,645,河北,理科,2014,第一批,加入对比 ,204
财政学,吉林大学,640,641,河北,理科,2014,第一批,加入对比 ,204
工业工程,吉林大学,641,648,河北,理科,2014,第一批,加入对比 ,204
机械工程,吉林大学,641,652,河北,理科,2014,第一批,加入对比 ,204
通信工程,吉林大学,642,647,河北,理科,2014,第一批,加入对比 ,204
电气工程及其自动化,吉林大学,642,646,河北,理科,2014,第一批,加入对比 ,204
化学,吉林大学,642,646,河北,理科,2014,第一批,加入对比 ,204
放射医学,吉林大学,594,599,甘肃,理科,2014,第一批,加入对比 ,205
金融学,吉林大学,597,600,甘肃,理科,2014,第一批,加入对比 ,205
电气工程及其自动化,吉林大学,598,603,甘肃,理科,2014,第一批,加入对比 ,205
交通运输,吉林大学,603,616,甘肃,理科,2014,第一批,加入对比 ,205
土木工程,吉林大学,603,605,甘肃,理科,2014,第一批,加入对比 ,205
能源与动力工程,吉林大学,620,620,甘肃,理科,2014,第一批,加入对比 ,205
机械设计制造及其自动化,吉林大学珠海学院,443,448,甘肃,理科,2014,第三批,加入对比 ,205
会计学,吉林大学珠海学院,447,458,甘肃,理科,2014,第三批,加入对比 ,205
法学,吉林大学,575,575,河北,文科,2014,提前批,加入对比 ,205
汉语言文学,吉林大学,579,581,河北,文科,2014,提前批,加入对比 ,205
电子信息工程,吉林大学,584,603,河北,理科,2014,提前批,加入对比 ,205
农林经济管理,吉林大学,594,610,河北,文科,2014,第一批,加入对比 ,205
政治学类,吉林大学,607,609,河北,文科,2014,第一批,加入对比 ,205
广告学,吉林大学,610,612,河北,文科,2014,第一批,加入对比 ,205
文物与博物馆学,吉林大学,611,611,河北,文科,2014,第一批,加入对比 ,205
俄语,吉林大学,611,612,河北,文科,2014,第一批,加入对比 ,205
人文教育,吉林大学,613,613,河北,文科,2014,第一批,加入对比 ,205
法学,吉林大学,614,616,河北,文科,2014,第一批,加入对比 ,205
农业资源与环境,吉林大学,615,632,河北,理科,2014,第一批,加入对比 ,205
日语,吉林大学,615,618,河北,文科,2014,第一批,加入对比 ,205
外交学,吉林大学,616,617,河北,文科,2014,第一批,加入对比 ,205
金融学,吉林大学,619,620,河北,文科,2014,第一批,加入对比 ,205
经济学,吉林大学,619,620,河北,文科,2014,第一批,加入对比 ,205
生物技术,吉林大学,627,635,河北,理科,2014,第一批,加入对比 ,205
通信工程,吉林大学,627,632,河北,理科,2014,提前批,加入对比 ,205
电子科学与技术,吉林大学,627,630,河北,理科,2014,提前批,加入对比 ,205
生物医学工程,吉林大学,630,639,河北,理科,2014,第一批,加入对比 ,205
农学,吉林大学,632,632,河北,理科,2014,第一批,加入对比 ,205
园艺,吉林大学,632,632,河北,理科,2014,第一批,加入对比 ,205
环境工程,吉林大学,633,635,河北,理科,2014,第一批,加入对比 ,205
信息与计算科学,吉林大学,633,639,河北,理科,2014,第一批,加入对比 ,205
地质学,吉林大学,633,633,河北,理科,2014,第一批,加入对比 ,205
服装设计与工程,吉林大学,633,634,河北,理科,2014,第一批,加入对比 ,205
地理科学,吉林大学,633,633,河北,理科,2014,第一批,加入对比 ,205
道路桥梁与渡河工程,吉林大学,633,635,河北,理科,2014,第一批,加入对比 ,205
测控技术与仪器,吉林大学,633,635,河北,理科,2014,第一批,加入对比 ,205
预防医学,吉林大学,633,635,河北,理科,2014,第一批,加入对比 ,205
水文与水资源工程,吉林大学,634,635,河北,理科,2014,第一批,加入对比 ,205
汽车服务工程,吉林大学,634,634,河北,理科,2014,第一批,加入对比 ,205
交通工程,吉林大学,634,635,河北,理科,2014,第一批,加入对比 ,205
土地资源管理,吉林大学,634,634,河北,理科,2014,第一批,加入对比 ,205
地质工程,吉林大学,634,636,河北,理科,2014,第一批,加入对比 ,205
资源勘查工程,吉林大学,634,636,河北,理科,2014,第一批,加入对比 ,205
地球物理学,吉林大学,634,635,河北,理科,2014,第一批,加入对比 ,205
档案学,吉林大学,634,636,河北,理科,2014,第一批,加入对比 ,205
食品质量与安全,吉林大学,634,637,河北,理科,2014,第一批,加入对比 ,205
药物制剂,吉林大学,635,636,河北,理科,2014,第一批,加入对比 ,205
物流工程,吉林大学,635,635,河北,理科,2014,第一批,加入对比 ,205
数学与应用数学,吉林大学,635,638,河北,理科,2014,第一批,加入对比 ,205
放射医学,吉林大学,635,636,河北,理科,2014,第一批,加入对比 ,205
制药工程,吉林大学,636,639,河北,理科,2014,第一批,加入对比 ,205
信息管理与信息系统,吉林大学,636,639,河北,理科,2014,第一批,加入对比 ,205
电子信息工程,吉林大学,636,637,河北,理科,2014,第一批,加入对比 ,205
交通运输,吉林大学,637,642,河北,理科,2014,第一批,加入对比 ,205
信息工程,吉林大学,637,642,河北,理科,2014,第一批,加入对比 ,205
光电信息科学与工程,吉林大学,637,640,河北,理科,2014,第一批,加入对比 ,205
材料成型及控制工程,吉林大学,637,638,河北,理科,2014,第一批,加入对比 ,205
生物工程,吉林大学,637,638,河北,理科,2014,第一批,加入对比 ,205
核物理,吉林大学,638,640,河北,理科,2014,第一批,加入对比 ,205
物联网工程,吉林大学,638,644,河北,理科,2014,第一批,加入对比 ,205
工程力学,吉林大学,638,641,河北,理科,2014,第一批,加入对比 ,205
计算机科学与技术,吉林大学,638,652,河北,理科,2014,第一批,加入对比 ,205
应用化学,吉林大学,638,639,河北,理科,2014,第一批,加入对比 ,205
统计学,吉林大学,638,640,河北,理科,2014,第一批,加入对比 ,205
土木工程,吉林大学,638,640,河北,理科,2014,第一批,加入对比 ,205
微电子科学与工程,吉林大学,639,643,河北,理科,2014,第一批,加入对比 ,205
高分子材料与工程,吉林大学,640,640,河北,理科,2014,第一批,加入对比 ,205
材料物理,吉林大学,640,641,河北,理科,2014,第一批,加入对比 ,205
工商管理,吉林大学,640,645,河北,理科,2014,第一批,加入对比 ,205
财政学,吉林大学,640,641,河北,理科,2014,第一批,加入对比 ,205
工业工程,吉林大学,641,648,河北,理科,2014,第一批,加入对比 ,205
机械工程,吉林大学,641,652,河北,理科,2014,第一批,加入对比 ,205
通信工程,吉林大学,642,647,河北,理科,2014,第一批,加入对比 ,205
电气工程及其自动化,吉林大学,642,646,河北,理科,2014,第一批,加入对比 ,205
化学,吉林大学,642,646,河北,理科,2014,第一批,加入对比 ,205
材料化学,吉林大学,643,647,河北,理科,2014,第一批,加入对比 ,205
生物科学,吉林大学,644,654,河北,理科,2014,第一批,加入对比 ,205
会计学,吉林大学,644,649,河北,理科,2014,第一批,加入对比 ,205
能源与动力工程,吉林大学,645,650,河北,理科,2014,第一批,加入对比 ,205
物理学,吉林大学,647,652,河北,理科,2014,第一批,加入对比 ,205
金融学,吉林大学,647,650,河北,理科,2014,第一批,加入对比 ,205
车辆工程,吉林大学,658,668,河北,理科,2014,第一批,加入对比 ,205
应用化学,吉林大学珠海学院,496,496,河北,理科,2014,第三批,加入对比 ,205
网络工程,吉林大学珠海学院,497,497,河北,理科,2014,第三批,加入对比 ,205
通信工程,吉林大学珠海学院,499,499,河北,理科,2014,第三批,加入对比 ,205
自动化,吉林大学珠海学院,499,499,河北,理科,2014,第三批,加入对比 ,205
汽车服务工程,吉林大学珠海学院,506,506,河北,理科,2014,第三批,加入对比 ,205
英语,吉林大学珠海学院,512,512,河北,文科,2014,第三批,加入对比 ,205
金融学,吉林大学珠海学院,520,520,河北,文科,2014,第三批,加入对比 ,205
车辆工程,吉林大学珠海学院,522,522,河北,理科,2014,第三批,加入对比 ,205
园艺,吉林大学,556,563,内蒙古,理科,2014,第一批,加入对比 ,205
农业资源与环境,吉林大学,557,588,内蒙古,理科,2014,第一批,加入对比 ,205
新闻学,吉林大学,564,571,内蒙古,文科,2014,第一批,加入对比 ,205
食品科学与工程,吉林大学,568,598,内蒙古,理科,2014,第一批,加入对比 ,205
生物技术,吉林大学,569,596,内蒙古,理科,2014,第一批,加入对比 ,205
地下水科学与工程,吉林大学,572,577,内蒙古,理科,2014,第一批,加入对比 ,205
勘查技术与工程,吉林大学,572,578,内蒙古,理科,2014,第一批,加入对比 ,205
地质工程,吉林大学,572,589,内蒙古,理科,2014,第一批,加入对比 ,205
服装设计与工程,吉林大学,579,587,内蒙古,理科,2014,第一批,加入对比 ,205
环境科学,吉林大学,579,590,内蒙古,理科,2014,第一批,加入对比 ,205
无机非金属材料工程,吉林大学,581,591,内蒙古,理科,2014,第一批,加入对比 ,205
水文与水资源工程,吉林大学,585,587,内蒙古,理科,2014,第一批,加入对比 ,205
朝鲜语,吉林大学,585,591,内蒙古,文科,2014,第一批,加入对比 ,205
法学,吉林大学,586,601,内蒙古,文科,2014,第一批,加入对比 ,205
资源勘查工程,吉林大学,588,605,内蒙古,理科,2014,第一批,加入对比 ,205
测绘工程,吉林大学,588,589,内蒙古,理科,2014,第一批,加入对比 ,205
药物制剂,吉林大学,591,593,内蒙古,理科,2014,第一批,加入对比 ,205
土地资源管理,吉林大学,591,596,内蒙古,理科,2014,第一批,加入对比 ,205
物流工程,吉林大学,591,592,内蒙古,理科,2014,第一批,加入对比 ,205
英语,吉林大学,591,592,内蒙古,文科,2014,第一批,加入对比 ,205
俄语,吉林大学,591,595,内蒙古,文科,2014,第一批,加入对比 ,205
物理学,吉林大学,591,598,内蒙古,理科,2014,第一批,加入对比 ,205
生物医学工程,吉林大学,593,595,内蒙古,理科,2014,第一批,加入对比 ,205
材料物理,吉林大学,593,594,内蒙古,理科,2014,第一批,加入对比 ,205
西班牙语,吉林大学,593,595,内蒙古,文科,2014,第一批,加入对比 ,205
临床药学,吉林大学,594,599,内蒙古,理科,2014,第一批,加入对比 ,205
考古学,吉林大学,594,600,内蒙古,文科,2014,第一批,加入对比 ,205
道路桥梁与渡河工程,吉林大学,594,596,内蒙古,理科,2014,第一批,加入对比 ,205
预防医学,吉林大学,595,601,内蒙古,理科,2014,第一批,加入对比 ,205
化学工程与工艺,吉林大学,595,598,内蒙古,理科,2014,第一批,加入对比 ,205
制药工程,吉林大学,596,597,内蒙古,理科,2014,第一批,加入对比 ,205
软件工程,吉林大学,596,610,内蒙古,理科,2014,第一批,加入对比 ,205
电子信息工程,吉林大学,596,599,内蒙古,理科,2014,第一批,加入对比 ,205
材料成型及控制工程,吉林大学,598,604,内蒙古,理科,2014,第一批,加入对比 ,205
核物理,吉林大学,599,601,内蒙古,理科,2014,第一批,加入对比 ,205
电子科学与技术,吉林大学,627,630,河北,理科,2014,提前批,加入对比 ,206
生物医学工程,吉林大学,630,639,河北,理科,2014,第一批,加入对比 ,206
农学,吉林大学,632,632,河北,理科,2014,第一批,加入对比 ,206
园艺,吉林大学,632,632,河北,理科,2014,第一批,加入对比 ,206
环境工程,吉林大学,633,635,河北,理科,2014,第一批,加入对比 ,206
信息与计算科学,吉林大学,633,639,河北,理科,2014,第一批,加入对比 ,206
地质学,吉林大学,633,633,河北,理科,2014,第一批,加入对比 ,206
服装设计与工程,吉林大学,633,634,河北,理科,2014,第一批,加入对比 ,206
地理科学,吉林大学,633,633,河北,理科,2014,第一批,加入对比 ,206
道路桥梁与渡河工程,吉林大学,633,635,河北,理科,2014,第一批,加入对比 ,206
测控技术与仪器,吉林大学,633,635,河北,理科,2014,第一批,加入对比 ,206
预防医学,吉林大学,633,635,河北,理科,2014,第一批,加入对比 ,206
水文与水资源工程,吉林大学,634,635,河北,理科,2014,第一批,加入对比 ,206
汽车服务工程,吉林大学,634,634,河北,理科,2014,第一批,加入对比 ,206
交通工程,吉林大学,634,635,河北,理科,2014,第一批,加入对比 ,206
土地资源管理,吉林大学,634,634,河北,理科,2014,第一批,加入对比 ,206
地质工程,吉林大学,634,636,河北,理科,2014,第一批,加入对比 ,206
资源勘查工程,吉林大学,634,636,河北,理科,2014,第一批,加入对比 ,206
地球物理学,吉林大学,634,635,河北,理科,2014,第一批,加入对比 ,206
档案学,吉林大学,634,636,河北,理科,2014,第一批,加入对比 ,206
食品质量与安全,吉林大学,634,637,河北,理科,2014,第一批,加入对比 ,206
药物制剂,吉林大学,635,636,河北,理科,2014,第一批,加入对比 ,206
物流工程,吉林大学,635,635,河北,理科,2014,第一批,加入对比 ,206
数学与应用数学,吉林大学,635,638,河北,理科,2014,第一批,加入对比 ,206
放射医学,吉林大学,635,636,河北,理科,2014,第一批,加入对比 ,206
制药工程,吉林大学,636,639,河北,理科,2014,第一批,加入对比 ,206
信息管理与信息系统,吉林大学,636,639,河北,理科,2014,第一批,加入对比 ,206
电子信息工程,吉林大学,636,637,河北,理科,2014,第一批,加入对比 ,206
交通运输,吉林大学,637,642,河北,理科,2014,第一批,加入对比 ,206
信息工程,吉林大学,637,642,河北,理科,2014,第一批,加入对比 ,206
光电信息科学与工程,吉林大学,637,640,河北,理科,2014,第一批,加入对比 ,206
材料成型及控制工程,吉林大学,637,638,河北,理科,2014,第一批,加入对比 ,206
生物工程,吉林大学,637,638,河北,理科,2014,第一批,加入对比 ,206
核物理,吉林大学,638,640,河北,理科,2014,第一批,加入对比 ,206
物联网工程,吉林大学,638,644,河北,理科,2014,第一批,加入对比 ,206
工程力学,吉林大学,638,641,河北,理科,2014,第一批,加入对比 ,206
计算机科学与技术,吉林大学,638,652,河北,理科,2014,第一批,加入对比 ,206
应用化学,吉林大学,638,639,河北,理科,2014,第一批,加入对比 ,206
统计学,吉林大学,638,640,河北,理科,2014,第一批,加入对比 ,206
土木工程,吉林大学,638,640,河北,理科,2014,第一批,加入对比 ,206
微电子科学与工程,吉林大学,639,643,河北,理科,2014,第一批,加入对比 ,206
高分子材料与工程,吉林大学,640,640,河北,理科,2014,第一批,加入对比 ,206
材料物理,吉林大学,640,641,河北,理科,2014,第一批,加入对比 ,206
工商管理,吉林大学,640,645,河北,理科,2014,第一批,加入对比 ,206
财政学,吉林大学,640,641,河北,理科,2014,第一批,加入对比 ,206
工业工程,吉林大学,641,648,河北,理科,2014,第一批,加入对比 ,206
机械工程,吉林大学,641,652,河北,理科,2014,第一批,加入对比 ,206
通信工程,吉林大学,642,647,河北,理科,2014,第一批,加入对比 ,206
电气工程及其自动化,吉林大学,642,646,河北,理科,2014,第一批,加入对比 ,206
化学,吉林大学,642,646,河北,理科,2014,第一批,加入对比 ,206
材料化学,吉林大学,643,647,河北,理科,2014,第一批,加入对比 ,206
生物科学,吉林大学,644,654,河北,理科,2014,第一批,加入对比 ,206
会计学,吉林大学,644,649,河北,理科,2014,第一批,加入对比 ,206
能源与动力工程,吉林大学,645,650,河北,理科,2014,第一批,加入对比 ,206
物理学,吉林大学,647,652,河北,理科,2014,第一批,加入对比 ,206
金融学,吉林大学,647,650,河北,理科,2014,第一批,加入对比 ,206
车辆工程,吉林大学,658,668,河北,理科,2014,第一批,加入对比 ,206
应用化学,吉林大学珠海学院,496,496,河北,理科,2014,第三批,加入对比 ,206
网络工程,吉林大学珠海学院,497,497,河北,理科,2014,第三批,加入对比 ,206
通信工程,吉林大学珠海学院,499,499,河北,理科,2014,第三批,加入对比 ,206
自动化,吉林大学珠海学院,499,499,河北,理科,2014,第三批,加入对比 ,206
汽车服务工程,吉林大学珠海学院,506,506,河北,理科,2014,第三批,加入对比 ,206
英语,吉林大学珠海学院,512,512,河北,文科,2014,第三批,加入对比 ,206
金融学,吉林大学珠海学院,520,520,河北,文科,2014,第三批,加入对比 ,206
车辆工程,吉林大学珠海学院,522,522,河北,理科,2014,第三批,加入对比 ,206
园艺,吉林大学,556,563,内蒙古,理科,2014,第一批,加入对比 ,206
农业资源与环境,吉林大学,557,588,内蒙古,理科,2014,第一批,加入对比 ,206
新闻学,吉林大学,564,571,内蒙古,文科,2014,第一批,加入对比 ,206
食品科学与工程,吉林大学,568,598,内蒙古,理科,2014,第一批,加入对比 ,206
生物技术,吉林大学,569,596,内蒙古,理科,2014,第一批,加入对比 ,206
地下水科学与工程,吉林大学,572,577,内蒙古,理科,2014,第一批,加入对比 ,206
勘查技术与工程,吉林大学,572,578,内蒙古,理科,2014,第一批,加入对比 ,206
地质工程,吉林大学,572,589,内蒙古,理科,2014,第一批,加入对比 ,206
服装设计与工程,吉林大学,579,587,内蒙古,理科,2014,第一批,加入对比 ,206
环境科学,吉林大学,579,590,内蒙古,理科,2014,第一批,加入对比 ,206
无机非金属材料工程,吉林大学,581,591,内蒙古,理科,2014,第一批,加入对比 ,206
水文与水资源工程,吉林大学,585,587,内蒙古,理科,2014,第一批,加入对比 ,206
朝鲜语,吉林大学,585,591,内蒙古,文科,2014,第一批,加入对比 ,206
法学,吉林大学,586,601,内蒙古,文科,2014,第一批,加入对比 ,206
资源勘查工程,吉林大学,588,605,内蒙古,理科,2014,第一批,加入对比 ,206
测绘工程,吉林大学,588,589,内蒙古,理科,2014,第一批,加入对比 ,206
药物制剂,吉林大学,591,593,内蒙古,理科,2014,第一批,加入对比 ,206
土地资源管理,吉林大学,591,596,内蒙古,理科,2014,第一批,加入对比 ,206
物流工程,吉林大学,591,592,内蒙古,理科,2014,第一批,加入对比 ,206
英语,吉林大学,591,592,内蒙古,文科,2014,第一批,加入对比 ,206
俄语,吉林大学,591,595,内蒙古,文科,2014,第一批,加入对比 ,206
物理学,吉林大学,591,598,内蒙古,理科,2014,第一批,加入对比 ,206
生物医学工程,吉林大学,593,595,内蒙古,理科,2014,第一批,加入对比 ,206
材料物理,吉林大学,593,594,内蒙古,理科,2014,第一批,加入对比 ,206
西班牙语,吉林大学,593,595,内蒙古,文科,2014,第一批,加入对比 ,206
临床药学,吉林大学,594,599,内蒙古,理科,2014,第一批,加入对比 ,206
考古学,吉林大学,594,600,内蒙古,文科,2014,第一批,加入对比 ,206
道路桥梁与渡河工程,吉林大学,594,596,内蒙古,理科,2014,第一批,加入对比 ,206
预防医学,吉林大学,595,601,内蒙古,理科,2014,第一批,加入对比 ,206
化学工程与工艺,吉林大学,595,598,内蒙古,理科,2014,第一批,加入对比 ,206
制药工程,吉林大学,596,597,内蒙古,理科,2014,第一批,加入对比 ,206
软件工程,吉林大学,596,610,内蒙古,理科,2014,第一批,加入对比 ,206
电子信息工程,吉林大学,596,599,内蒙古,理科,2014,第一批,加入对比 ,206
材料成型及控制工程,吉林大学,598,604,内蒙古,理科,2014,第一批,加入对比 ,206
核物理,吉林大学,599,601,内蒙古,理科,2014,第一批,加入对比 ,206
信息工程,吉林大学,600,605,内蒙古,理科,2014,第一批,加入对比 ,206
应用物理学,吉林大学,601,602,内蒙古,理科,2014,第一批,加入对比 ,206
微电子科学与工程,吉林大学,601,606,内蒙古,理科,2014,第一批,加入对比 ,206
物联网工程,吉林大学,601,604,内蒙古,理科,2014,第一批,加入对比 ,206
化学,吉林大学,602,612,内蒙古,理科,2014,第一批,加入对比 ,206
放射医学,吉林大学,602,604,内蒙古,理科,2014,第一批,加入对比 ,206
交通工程,吉林大学,604,609,内蒙古,理科,2014,第一批,加入对比 ,206
经济学,吉林大学,605,606,内蒙古,文科,2014,第一批,加入对比 ,206
自动化,吉林大学,606,609,内蒙古,理科,2014,第一批,加入对比 ,206
高分子材料与工程,吉林大学,607,608,内蒙古,理科,2014,第一批,加入对比 ,206
统计学,吉林大学,612,615,内蒙古,理科,2014,第一批,加入对比 ,206
机械工程,吉林大学,612,626,内蒙古,理科,2014,第一批,加入对比 ,206
经济学,吉林大学,613,616,内蒙古,理科,2014,第一批,加入对比 ,206
电气工程及其自动化,吉林大学,615,617,内蒙古,理科,2014,第一批,加入对比 ,206
会计学,吉林大学,616,625,内蒙古,理科,2014,第一批,加入对比 ,206
能源与动力工程,吉林大学,616,626,内蒙古,理科,2014,第一批,加入对比 ,206
金融学,吉林大学,621,627,内蒙古,理科,2014,第一批,加入对比 ,206
车辆工程,吉林大学,628,631,内蒙古,理科,2014,第一批,加入对比 ,206
网络工程,吉林大学珠海学院,353,356,内蒙古,理科,2014,第三批,加入对比 ,206
制药工程,吉林大学珠海学院,353,357,内蒙古,理科,2014,第三批,加入对比 ,206
产品设计,吉林大学,456,456,河南,文科,2014,提前批,加入对比 ,206
广播电视编导,吉林大学,520,520,河南,文科,2014,提前批,加入对比 ,206
政治学类,吉林大学,572,573,河南,文科,2014,提前批,加入对比 ,206
物理学类,吉林大学,579,610,河南,理科,2014,第一批,加入对比 ,206
政治学类,吉林大学,581,582,河南,文科,2014,第一批,加入对比 ,206
